time,total_cases,daily_cases,total_currently_infected,total_death,death_per_day,new_recoveries
2020-02-15,0,0,0,0,0,0
2020-02-16,0,0,0,0,0,0
2020-02-17,0,0,0,0,0,0
2020-02-18,0,0,0,0,0,0
2020-02-19,0,0,0,0,0,0
2020-02-20,0,0,0,0,0,0
2020-02-21,0,0,0,0,0,0
2020-02-22,0,0,0,0,0,0
2020-02-23,0,0,0,0,0,0
2020-02-24,0,0,0,0,0,0
2020-02-25,0,0,0,0,0,0
2020-02-26,0,0,0,0,0,0
2020-02-27,0,0,0,0,0,0
2020-02-28,0,0,0,0,0,0
2020-02-29,0,0,0,0,0,0
2020-03-01,0,0,0,0,0,0
2020-03-02,1,0,1,0,0,0
2020-03-03,1,0,1,0,0,0
2020-03-04,2,1,2,0,0,0
2020-03-05,5,3,4,0,0,1
2020-03-06,5,0,4,0,0,0
2020-03-07,7,2,6,0,0,0
2020-03-08,11,4,10,0,0,0
2020-03-09,20,9,19,0,0,0
2020-03-10,20,0,19,0,0,0
2020-03-11,45,25,44,0,0,0
2020-03-12,45,0,44,0,0,0
2020-03-13,86,41,85,0,0,0
2020-03-14,103,17,102,0,0,0
2020-03-15,118,15,115,0,0,2
2020-03-16,133,15,127,0,0,3
2020-03-17,171,38,165,0,0,0
2020-03-18,238,67,232,0,0,0
2020-03-19,274,36,266,0,0,2
2020-03-20,344,70,336,0,0,0
2020-03-21,392,48,376,0,0,8
2020-03-22,511,119,494,0,0,1
2020-03-23,562,51,543,0,0,2
2020-03-24,767,205,738,1,1,9
2020-03-25,900,133,869,2,1,1
2020-03-26,1012,112,976,3,1,4
2020-03-27,1104,92,1066,3,0,2
2020-03-28,1203,99,1162,4,1,2
2020-03-29,1299,96,1225,8,4,29
2020-03-30,1453,154,1330,8,0,49
2020-03-31,1563,110,1388,10,2,50
2020-04-01,1720,157,1440,16,6,99
2020-04-02,1885,165,1536,21,5,64
2020-04-03,2039,154,1663,25,4,23
2020-04-04,2179,140,1730,29,4,69
2020-04-05,2402,223,1880,34,5,68
2020-04-06,2605,203,2016,38,4,63
2020-04-07,2795,190,2139,41,3,64
2020-04-08,2932,137,2260,41,0,16
2020-04-09,3287,355,2577,44,3,35
2020-04-10,3651,364,2919,47,3,19
2020-04-11,4033,382,3261,52,5,35
2020-04-12,4462,429,3642,59,7,41
2020-04-13,4934,472,4064,65,6,44
2020-04-14,5369,435,4407,73,8,84
2020-04-15,5862,493,4852,79,6,42
2020-04-16,6380,518,5307,83,4,59
2020-04-17,7142,762,6006,87,4,59
2020-04-18,8274,1132,6853,92,5,280
2020-04-19,9362,1088,7867,97,5,69
2020-04-20,10484,1122,8891,103,6,92
2020-04-21,11631,1147,9882,109,6,150
2020-04-22,12772,1141,10846,114,5,172
2020-04-23,13930,1158,11884,121,7,113
2020-04-24,15102,1172,12926,127,6,124
2020-04-25,16299,1197,13948,136,9,166
2020-04-26,17522,1223,15026,139,3,142
2020-04-27,18811,1289,16136,144,5,174
2020-04-28,20077,1266,17141,152,8,253
2020-04-29,21402,1325,18292,157,5,169
2020-04-30,22753,1351,19428,162,5,210
2020-05-01,24097,1344,20373,169,7,392
2020-05-02,25459,1362,21518,176,7,210
2020-05-03,27011,1552,22693,184,8,369
2020-05-04,28656,1645,23989,191,7,342
2020-05-05,30251,1595,24620,200,9,955
2020-05-06,31938,1687,24946,209,9,1352
2020-05-07,33731,1793,25714,219,10,1015
2020-05-08,35432,1701,26083,229,10,1322
2020-05-09,37136,1704,26753,239,10,1024
2020-05-10,39048,1912,27345,246,7,1313
2020-05-11,41014,1966,28022,255,9,1280
2020-05-12,42925,1911,27404,264,9,2520
2020-05-13,44830,1905,26935,273,9,2365
2020-05-14,46869,2039,27535,283,10,1429
2020-05-15,49176,2307,27015,292,9,2818
2020-05-16,52016,2840,28048,302,10,1797
2020-05-17,54752,2736,28718,312,10,2056
2020-05-18,57345,2593,28277,320,8,3026
2020-05-19,59854,2509,27891,329,9,2886
2020-05-20,62545,2691,28728,339,10,1844
2020-05-21,65077,2532,28686,351,12,2562
2020-05-22,67719,2642,28352,364,13,2963
2020-05-23,70161,2442,28546,379,15,2233
2020-05-24,72560,2399,28650,390,11,2284
2020-05-25,74795,2235,28728,399,9,2148
2020-05-26,76726,1931,27865,411,12,2782
2020-05-27,78541,1815,27094,425,14,2572
2020-05-28,80185,1644,25191,441,16,3531
2020-05-29,81766,1581,24295,458,17,2460
2020-05-30,83384,1618,24021,480,22,1870
2020-05-31,85261,1877,22316,503,23,3559
2020-06-01,87142,1881,22311,525,22,1864
2020-06-02,89011,1869,22672,549,24,1484
2020-06-03,91182,2171,22444,579,30,2369
2020-06-04,93157,1975,23581,611,32,806
2020-06-05,95748,2591,24490,642,31,1651
2020-06-06,98869,3121,26402,676,34,1175
2020-06-07,101914,3045,28385,712,36,1026
2020-06-08,105283,3369,30013,746,34,1707
2020-06-09,108571,3288,31449,783,37,1815
2020-06-10,112288,3717,33515,819,36,1615
2020-06-11,116021,3733,35145,857,38,2065
2020-06-12,119942,3921,38020,893,36,1010
2020-06-13,123308,3366,39828,932,39,1519
2020-06-14,127541,4233,41849,972,40,2172
2020-06-15,132048,4507,43147,1011,39,3170
2020-06-16,136315,4267,45723,1052,41,1650
2020-06-17,141234,4919,48481,1091,39,2122
2020-06-18,145991,4757,50937,1139,48,2253
2020-06-19,150292,4301,53344,1184,45,1849
2020-06-20,154233,3941,54086,1230,46,3153
2020-06-21,157612,3379,55215,1267,37,2213
2020-06-22,161005,3393,54523,1307,40,4045
2020-06-23,164144,3139,52913,1346,39,4710
2020-06-24,167267,3123,53083,1387,41,2912
2020-06-25,170639,3372,51329,1428,41,5085
2020-06-26,174577,3938,52632,1474,46,2589
2020-06-27,178504,3927,54865,1511,37,1657
2020-06-28,182493,3989,56187,1551,40,2627
2020-06-29,186436,3943,57719,1599,48,2363
2020-06-30,190823,4387,58408,1649,50,3648
2020-07-01,194225,3402,59767,1698,49,1994
2020-07-02,197608,3383,58187,1752,54,4909
2020-07-03,201801,4193,59385,1802,50,2945
2020-07-04,205929,4128,60815,1858,56,2642
2020-07-05,209509,3580,62357,1916,58,1980
2020-07-06,213716,4207,62114,1968,52,4398
2020-07-07,217108,3392,60252,2017,49,5205
2020-07-08,220144,3036,60035,2059,42,3211
2020-07-09,223327,3183,60131,2100,41,3046
2020-07-10,226486,3159,61309,2151,51,1930
2020-07-11,229480,2994,61903,2181,30,2370
2020-07-12,232259,2779,62898,2223,42,1742
2020-07-13,235111,2852,63026,2243,20,2704
2020-07-14,237803,2692,57960,2283,40,7718
2020-07-15,240474,2671,55101,2325,42,5488
2020-07-16,243238,2764,53246,2370,45,4574
2020-07-17,245851,2613,52283,2407,37,3539
2020-07-18,248416,2565,51751,2447,40,3057
2020-07-19,250920,2504,50699,2486,39,3517
2020-07-20,253349,2429,47567,2523,37,5524
2020-07-21,255825,2476,46009,2557,34,4000
2020-07-22,258156,2331,45157,2601,44,3139
2020-07-23,260394,2238,44269,2635,34,3092
2020-07-24,262772,2378,44369,2672,37,2241
2020-07-25,264973,2201,44488,2703,31,2051
2020-07-26,266941,1968,43885,2733,30,2541
2020-07-27,268934,1993,43238,2760,27,2613
2020-07-28,270831,1897,42418,2789,29,2688
2020-07-29,272590,1759,41205,2816,27,2945
2020-07-30,274219,1629,40179,2842,26,2629
2020-07-31,275905,1686,37381,2866,24,4460
2020-08-01,277478,1573,37043,2887,21,1890
2020-08-02,278835,1357,35837,2917,30,2533
2020-08-03,280093,1258,35090,2949,32,1973
2020-08-04,281435,1342,34763,2984,35,1634
2020-08-05,282824,1389,34490,3020,36,1626
2020-08-06,284226,1402,34082,3055,35,1775
2020-08-07,285793,1567,33752,3093,38,1859
2020-08-08,287262,1469,33692,3130,37,1492
2020-08-09,288690,1428,33484,3167,37,1599
2020-08-10,289947,1257,33270,3199,32,1439
2020-08-11,291468,1521,33117,3233,34,1640
2020-08-12,293037,1569,32499,3269,36,2151
2020-08-13,294519,1482,30823,3303,34,3124
2020-08-14,295902,1383,29605,3338,35,2566
2020-08-15,297315,1413,29459,3369,31,1528
2020-08-16,298542,1227,28181,3408,39,2466
2020-08-17,299914,1372,28093,3436,28,1432
2020-08-18,301323,1409,24942,3470,34,4526
2020-08-19,302686,1363,25089,3506,36,1180
2020-08-20,303973,1287,24949,3548,42,1385
2020-08-21,305186,1213,24539,3580,32,1591
2020-08-22,306370,1184,24310,3619,39,1374
2020-08-23,307479,1109,23687,3649,30,1702
2020-08-24,308654,1175,22075,3691,42,2745
2020-08-25,309768,1114,22114,3722,31,1044
2020-08-26,310836,1068,22136,3755,33,1013
2020-08-27,311855,1019,21815,3785,30,1310
2020-08-28,312924,1069,21708,3813,28,1148
2020-08-29,313911,987,21630,3840,27,1038
2020-08-30,314821,910,21284,3870,30,1226
2020-08-31,315772,951,21079,3897,27,1129
2020-09-01,316670,898,21227,3929,32,718
2020-09-02,317486,816,21020,3956,27,996
2020-09-03,318319,833,20373,3982,26,1454
2020-09-04,319141,822,20063,4015,33,1099
2020-09-05,319932,791,20041,4049,34,779
2020-09-06,320688,756,19870,4081,32,895
2020-09-07,321456,768,19726,4107,26,886
2020-09-08,322237,781,19854,4137,30,623
2020-09-09,323012,775,19881,4165,28,720
2020-09-10,323720,708,19533,4189,24,1032
2020-09-11,324407,687,19261,4213,24,935
2020-09-12,325050,643,18974,4240,27,903
2020-09-13,325651,601,18513,4268,28,1034
2020-09-14,326258,607,18023,4305,37,1060
2020-09-15,326930,672,17570,4338,33,1092
2020-09-16,327551,621,17178,4369,31,982
2020-09-17,328144,593,16538,4399,30,1203
2020-09-18,328720,576,15938,4430,31,1145
2020-09-19,329271,551,15383,4458,28,1078
2020-09-20,329754,483,14830,4485,27,1009
2020-09-21,330246,492,14235,4512,27,1060
2020-09-22,330798,552,13572,4542,30,1185
2020-09-23,331359,561,13004,4569,27,1102
2020-09-24,331857,498,12465,4599,30,1007
2020-09-25,332329,472,12068,4625,26,843
2020-09-26,332790,461,11730,4655,30,769
2020-09-27,333193,403,11505,4683,28,600
2020-09-28,333648,455,11090,4712,29,841
2020-09-29,334187,539,10906,4739,27,696
2020-09-30,334605,418,10683,4768,29,612
2020-10-01,335097,492,10557,4794,26,592
2020-10-02,335578,481,10407,4823,29,602
2020-10-03,335997,419,10173,4850,27,626
2020-10-04,336387,390,10027,4875,25,511
2020-10-05,336766,379,9813,4898,23,570
2020-10-06,337243,477,9708,4923,25,557
2020-10-07,337711,468,9556,4947,24,596
2020-10-08,338132,421,9391,4972,25,561
2020-10-09,338539,407,9261,4996,24,513
2020-10-10,338944,405,9189,5018,22,455
2020-10-11,339267,323,8894,5043,25,593
2020-10-12,339615,348,8708,5068,25,509
2020-10-13,340089,474,8663,5087,19,500
2020-10-14,340590,501,8662,5108,21,481
2020-10-15,341062,472,8608,5127,19,507
2020-10-16,341495,433,8556,5144,17,468
2020-10-17,341854,359,8524,5165,21,370
2020-10-18,342202,348,8479,5185,20,373
2020-10-19,342583,381,8487,5201,16,357
2020-10-20,342968,385,8481,5217,16,375
2020-10-21,343373,405,8423,5235,18,445
2020-10-22,343774,401,8343,5250,15,466
2020-10-23,344157,383,8315,5264,14,397
2020-10-24,344552,395,8276,5281,17,417
2020-10-25,344875,323,8249,5296,15,335
2020-10-26,345232,357,8228,5313,17,361
2020-10-27,345631,399,8185,5329,16,426
2020-10-28,346047,416,8149,5348,19,433
2020-10-29,346482,435,8114,5363,15,455
2020-10-30,346880,398,8088,5383,20,404
2020-10-31,347282,402,8038,5402,19,433
