time,total_cases,daily_cases,total_currently_infected,total_death,death_per_day
2020-02-15,0,0,0,0,0
2020-02-16,0,0,0,0,0
2020-02-17,0,0,0,0,0
2020-02-18,0,0,0,0,0
2020-02-19,0,0,0,0,0
2020-02-20,0,0,0,0,0
2020-02-21,0,0,0,0,0
2020-02-22,0,0,0,0,0
2020-02-23,0,0,0,0,0
2020-02-24,0,0,0,0,0
2020-02-25,0,0,0,0,0
2020-02-26,0,0,0,0,0
2020-02-27,0,0,0,0,0
2020-02-28,0,0,0,0,0
2020-02-29,0,0,0,0,0
2020-03-01,0,0,0,0,0
2020-03-02,0,0,0,0,0
2020-03-03,0,0,0,0,0
2020-03-04,0,0,0,0,0
2020-03-05,0,0,0,0,0
2020-03-06,0,0,0,0,0
2020-03-07,0,0,0,0,0
2020-03-08,0,0,0,0,0
2020-03-09,0,0,0,0,0
2020-03-10,0,0,0,0,0
2020-03-11,0,0,0,0,0
2020-03-12,0,0,0,0,0
2020-03-13,0,0,0,0,0
2020-03-14,0,0,0,0,0
2020-03-15,0,0,0,0,0
2020-03-16,0,0,0,0,0
2020-03-17,0,0,0,0,0
2020-03-18,0,0,0,0,0
2020-03-19,0,0,0,0,0
2020-03-20,1,0,1,0,0
2020-03-21,3,2,3,0,0
2020-03-22,3,0,3,0,0
2020-03-23,3,0,3,0,0
2020-03-24,3,0,2,1,0
2020-03-25,4,1,3,1,0
2020-03-26,5,1,4,1,0
2020-03-27,5,0,4,1,0
2020-03-28,6,1,5,1,0
2020-03-29,6,0,5,1,0
2020-03-30,6,0,5,1,0
2020-03-31,6,0,5,1,0
2020-04-01,6,0,5,1,0
2020-04-02,6,0,5,1,0
2020-04-03,6,0,5,1,0
2020-04-04,7,1,6,1,0
2020-04-05,7,0,6,1,0
2020-04-06,7,0,5,1,0
2020-04-07,7,0,5,1,0
2020-04-08,7,0,5,1,0
2020-04-09,7,0,5,1,0
2020-04-10,7,0,5,1,0
2020-04-11,8,1,6,1,0
2020-04-12,8,0,6,1,0
2020-04-13,10,2,8,1,0
2020-04-14,11,1,9,1,0
2020-04-15,56,45,54,1,0
2020-04-16,56,0,54,1,0
2020-04-17,56,0,54,1,0
2020-04-18,58,2,56,1,0
2020-04-19,61,3,59,1,0
2020-04-20,67,6,65,1,0
2020-04-21,68,1,66,1,0
2020-04-22,73,5,71,1,0
2020-04-23,82,9,80,1,0
2020-04-24,88,6,86,1,0
2020-04-25,90,2,88,1,0
2020-04-26,106,16,104,1,0
2020-04-27,109,3,107,1,0
2020-04-28,113,4,110,1,0
2020-04-29,113,0,110,1,0
2020-04-30,121,8,116,1,0
2020-05-01,122,1,103,1,0
2020-05-02,152,30,132,2,1
2020-05-03,165,13,130,2,0
2020-05-04,175,10,136,2,0
2020-05-05,186,11,147,2,0
2020-05-06,191,5,151,2,0
2020-05-07,218,27,178,2,0
2020-05-08,230,12,184,2,0
2020-05-09,236,6,178,2,0
2020-05-10,246,10,188,2,0
2020-05-11,260,14,200,2,0
2020-05-12,267,7,207,2,0
2020-05-13,289,22,226,2,0
2020-05-14,315,26,246,2,0
2020-05-15,326,11,257,2,0
2020-05-16,328,2,241,3,1
2020-05-17,328,0,241,3,0
2020-05-18,328,0,240,3,0
2020-05-19,335,7,247,3,0
2020-05-20,349,14,261,3,0
2020-05-21,356,7,258,3,0
2020-05-22,362,6,264,3,0
2020-05-23,371,9,226,3,0
2020-05-24,380,9,222,3,0
2020-05-25,390,10,232,3,0
2020-05-26,390,0,231,4,1
2020-05-27,390,0,231,4,0
2020-05-28,390,0,231,4,0
2020-05-29,405,15,246,4,0
2020-05-30,421,16,250,4,0
2020-05-31,435,14,238,4,0
2020-06-01,458,23,261,4,0
2020-06-02,466,8,224,5,1
2020-06-03,477,11,234,5,0
2020-06-04,502,25,258,5,0
2020-06-05,536,34,292,5,0
2020-06-06,542,6,297,5,0
2020-06-07,554,12,309,5,0
2020-06-08,567,13,296,5,0
2020-06-09,585,18,310,5,0
2020-06-10,615,30,316,5,0
2020-06-11,657,42,357,6,1
2020-06-12,697,40,397,6,0
2020-06-13,726,29,426,6,0
2020-06-14,750,24,443,6,0
2020-06-15,760,10,413,7,1
2020-06-16,781,21,420,7,0
2020-06-17,792,11,408,7,0
2020-06-18,823,31,439,7,0
2020-06-19,848,25,463,8,1
2020-06-20,863,15,478,8,0
2020-06-21,890,27,469,8,0
2020-06-22,944,54,517,8,0
2020-06-23,982,38,548,8,0
2020-06-24,999,17,512,8,0
2020-06-25,1003,4,433,8,0
2020-06-26,1027,24,449,10,2
2020-06-27,1091,64,511,12,2
2020-06-28,1155,64,573,12,0
2020-06-29,1165,10,545,12,0
2020-06-30,1227,62,583,15,3
2020-07-01,1267,40,623,15,0
2020-07-02,1301,34,657,15,0
2020-07-03,1382,81,738,15,0
2020-07-04,1421,39,751,16,1
2020-07-05,1451,30,779,17,1
2020-07-06,1463,12,724,17,0
2020-07-07,1499,36,757,18,1
2020-07-08,1542,43,794,18,0
2020-07-09,1552,10,804,18,0
2020-07-10,1591,39,842,19,1
2020-07-11,1623,32,856,19,0
2020-07-12,1623,0,856,19,0
2020-07-13,1698,75,931,19,0
2020-07-14,1722,24,931,19,0
2020-07-15,1780,58,911,19,0
2020-07-16,1894,114,973,19,0
2020-07-17,1939,45,1018,19,0
2020-07-18,2014,75,1080,21,2
2020-07-19,2045,31,1051,21,0
2020-07-20,2071,26,987,21,0
2020-07-21,2107,36,986,21,0
2020-07-22,2154,47,1001,21,0
2020-07-23,2190,36,1019,21,0
2020-07-24,2220,30,982,22,1
2020-07-25,2258,38,873,22,0
2020-07-26,2307,49,838,22,0
2020-07-27,2328,21,756,22,0
2020-07-28,2354,26,716,22,0
2020-07-29,2373,19,656,23,1
2020-07-30,2418,45,701,23,0
2020-07-31,2451,33,604,23,0
2020-08-01,2480,29,619,24,1
2020-08-02,2547,67,663,24,0
2020-08-03,2583,36,647,25,1
2020-08-04,2631,48,675,26,1
2020-08-05,2689,58,707,27,1
2020-08-06,2734,45,697,27,0
2020-08-07,2780,46,709,29,2
2020-08-08,2835,55,730,32,3
2020-08-09,2858,23,740,32,0
2020-08-10,2883,25,723,32,0
2020-08-11,2920,37,739,33,1
2020-08-12,3000,80,795,33,0
2020-08-13,3073,73,808,33,0
2020-08-14,3136,63,849,33,0
2020-08-15,3163,27,827,34,1
2020-08-16,3179,16,827,35,1
2020-08-17,3203,24,831,36,1
2020-08-18,3253,50,827,36,0
2020-08-19,3321,68,843,36,0
2020-08-20,3368,47,869,37,1
2020-08-21,3412,44,877,37,0
2020-08-22,3455,43,880,37,0
2020-08-23,3509,54,932,37,0
2020-08-24,3532,23,896,37,0
2020-08-25,3568,36,858,37,0
2020-08-26,3630,62,879,38,1
2020-08-27,3699,69,912,38,0
2020-08-28,3745,46,900,38,0
2020-08-29,3778,33,884,39,1
2020-08-30,3852,74,945,40,1
2020-08-31,3884,32,928,40,0
2020-09-01,3970,86,507,40,0
2020-09-02,4048,78,547,41,1
2020-09-03,4125,77,582,41,0
2020-09-04,4200,75,597,41,0
2020-09-05,4275,75,622,42,1
2020-09-06,4330,55,660,42,0
2020-09-07,4358,28,526,42,0
2020-09-08,4400,42,507,42,0
2020-09-09,4473,73,515,43,1
2020-09-10,4557,84,521,43,0
2020-09-11,4651,94,531,44,1
2020-09-12,4711,60,563,44,0
2020-09-13,4813,102,650,44,0
2020-09-14,4839,26,554,45,1
2020-09-15,4904,65,564,46,1
2020-09-16,4978,74,501,47,1
2020-09-17,5063,85,549,49,2
2020-09-18,5141,78,543,50,1
2020-09-19,5186,45,555,50,0
2020-09-20,5257,71,607,51,1
2020-09-21,5281,24,555,52,1
2020-09-22,5337,56,543,52,0
2020-09-23,5412,75,521,54,2
2020-09-24,5479,67,507,55,1
2020-09-25,5628,149,591,55,0
2020-09-26,5701,73,627,56,1
2020-09-27,5771,70,683,57,1
2020-09-28,5817,46,624,59,2
2020-09-29,5900,83,613,59,0
2020-09-30,6024,124,687,60,1
2020-10-01,6126,102,727,61,1
2020-10-02,6205,79,744,62,1
2020-10-03,6296,91,825,62,0
2020-10-04,6360,64,879,65,3
2020-10-05,6433,73,841,68,3
2020-10-06,6518,85,817,69,1
2020-10-07,6624,106,869,71,2
2020-10-08,6717,93,825,71,0
2020-10-09,6809,92,804,73,2
2020-10-10,6913,104,869,74,1
2020-10-11,7072,159,1016,75,1
2020-10-12,7155,83,1005,75,0
2020-10-13,7254,99,967,77,2
2020-10-14,7371,117,1022,79,2
2020-10-15,7444,73,1017,79,0
2020-10-16,7526,82,1019,82,3
2020-10-17,7638,112,1080,85,3
2020-10-18,7752,114,1140,86,1
2020-10-19,7800,48,1093,87,1
2020-10-20,7901,101,1022,87,0
2020-10-21,8033,132,1108,90,3
2020-10-22,8122,89,1091,91,1
2020-10-23,8198,76,1070,94,3
2020-10-24,8322,124,994,94,0
2020-10-25,8396,74,1017,94,0
2020-10-26,8423,27,874,94,0
2020-10-27,8472,49,779,94,0
2020-10-28,8548,76,753,94,0
2020-10-29,8603,55,712,95,1
2020-10-30,8694,91,686,95,0
2020-10-31,8793,99,717,95,0
