time,total_cases,daily_cases,total_currently_infected,total_death,death_per_day
2020-02-15,0,0,0,0,0
2020-02-16,0,0,0,0,0
2020-02-17,0,0,0,0,0
2020-02-18,0,0,0,0,0
2020-02-19,0,0,0,0,0
2020-02-20,0,0,0,0,0
2020-02-21,0,0,0,0,0
2020-02-22,0,0,0,0,0
2020-02-23,0,0,0,0,0
2020-02-24,0,0,0,0,0
2020-02-25,0,0,0,0,0
2020-02-26,0,0,0,0,0
2020-02-27,0,0,0,0,0
2020-02-28,0,0,0,0,0
2020-02-29,0,0,0,0,0
2020-03-01,0,0,0,0,0
2020-03-02,0,0,0,0,0
2020-03-03,0,0,0,0,0
2020-03-04,0,0,0,0,0
2020-03-05,0,0,0,0,0
2020-03-06,0,0,0,0,0
2020-03-07,0,0,0,0,0
2020-03-08,0,0,0,0,0
2020-03-09,0,0,0,0,0
2020-03-10,0,0,0,0,0
2020-03-11,0,0,0,0,0
2020-03-12,0,0,0,0,0
2020-03-13,0,0,0,0,0
2020-03-14,0,0,0,0,0
2020-03-15,0,0,0,0,0
2020-03-16,0,0,0,0,0
2020-03-17,0,0,0,0,0
2020-03-18,0,0,0,0,0
2020-03-19,0,0,0,0,0
2020-03-20,0,0,0,0,0
2020-03-21,0,0,0,0,0
2020-03-22,0,0,0,0,0
2020-03-23,2,0,2,0,0
2020-03-24,3,1,3,0,0
2020-03-25,3,0,3,0,0
2020-03-26,5,2,5,0,0
2020-03-27,8,3,8,0,0
2020-03-28,8,0,8,0,0
2020-03-29,10,2,10,0,0
2020-03-30,14,4,14,0,0
2020-03-31,15,1,14,1,0
2020-04-01,16,1,15,1,0
2020-04-02,20,4,19,1,0
2020-04-03,20,0,19,1,0
2020-04-04,21,1,20,1,0
2020-04-05,21,0,20,1,0
2020-04-06,22,1,21,1,0
2020-04-07,22,0,21,1,0
2020-04-08,22,0,19,3,2
2020-04-09,23,1,18,3,0
2020-04-10,27,4,22,3,0
2020-04-11,38,11,33,3,0
2020-04-12,41,3,35,4,1
2020-04-13,62,21,56,4,0
2020-04-14,63,1,57,4,0
2020-04-15,74,11,68,4,0
2020-04-16,85,11,79,4,0
2020-04-17,88,3,79,4,0
2020-04-18,98,10,88,5,1
2020-04-19,111,13,99,5,0
2020-04-20,119,8,107,5,0
2020-04-21,121,2,109,5,0
2020-04-22,123,2,111,5,0
2020-04-23,132,9,118,5,0
2020-04-24,144,12,130,5,0
2020-04-25,144,0,129,5,0
2020-04-26,146,2,131,5,0
2020-04-27,146,0,125,5,0
2020-04-28,150,4,129,5,0
2020-04-29,150,0,117,6,1
2020-04-30,150,0,117,6,0
2020-05-01,151,1,114,6,0
2020-05-02,151,0,108,6,0
2020-05-03,155,4,106,6,0
2020-05-04,161,6,106,6,0
2020-05-05,161,0,106,6,0
2020-05-06,161,0,105,6,0
2020-05-07,176,15,108,6,0
2020-05-08,177,1,104,6,0
2020-05-09,178,1,104,6,0
2020-05-10,180,2,102,6,0
2020-05-11,180,0,100,6,0
2020-05-12,180,0,98,6,0
2020-05-13,181,1,96,6,0
2020-05-14,181,0,91,6,0
2020-05-15,181,0,86,6,0
2020-05-16,182,1,80,6,0
2020-05-17,184,2,81,6,0
2020-05-18,188,4,81,6,0
2020-05-19,193,5,83,6,0
2020-05-20,199,6,85,6,0
2020-05-21,199,0,85,6,0
2020-05-22,199,0,77,6,0
2020-05-23,201,2,75,6,0
2020-05-24,201,0,73,6,0
2020-05-25,203,2,74,6,0
2020-05-26,206,3,76,6,0
2020-05-27,206,0,74,6,0
2020-05-28,206,0,74,6,0
2020-05-29,207,1,71,6,0
2020-05-30,224,17,88,6,0
2020-05-31,224,0,80,6,0
2020-06-01,228,4,84,6,0
2020-06-02,232,4,83,6,0
2020-06-03,233,1,82,6,0
2020-06-04,236,3,82,6,0
2020-06-05,236,0,79,6,0
2020-06-06,240,4,78,6,0
2020-06-07,242,2,80,6,0
2020-06-08,244,2,79,6,0
2020-06-09,246,2,81,6,0
2020-06-10,248,2,77,6,0
2020-06-11,260,12,89,6,0
2020-06-12,261,1,90,6,0
2020-06-13,261,0,88,6,0
2020-06-14,261,0,88,6,0
2020-06-15,262,1,81,6,0
2020-06-16,262,0,77,6,0
2020-06-17,262,0,71,6,0
2020-06-18,263,1,70,6,0
2020-06-19,286,23,88,6,0
2020-06-20,287,1,85,6,0
2020-06-21,290,3,84,6,0
2020-06-22,290,0,84,6,0
2020-06-23,292,2,82,6,0
2020-06-24,293,1,79,6,0
2020-06-25,293,0,76,6,0
2020-06-26,293,0,72,6,0
2020-06-27,293,0,71,6,0
2020-06-28,299,6,75,6,0
2020-06-29,299,0,72,6,0
2020-06-30,299,0,71,6,0
2020-07-01,303,4,75,6,0
2020-07-02,304,1,75,6,0
2020-07-03,306,2,63,6,0
2020-07-04,313,7,67,6,0
2020-07-05,313,0,66,6,0
2020-07-06,316,3,65,6,0
2020-07-07,316,0,65,6,0
2020-07-08,317,1,61,6,0
2020-07-09,319,2,59,6,0
2020-07-10,326,7,64,6,0
2020-07-11,330,4,64,6,0
2020-07-12,331,1,64,6,0
2020-07-13,336,5,69,6,0
2020-07-14,337,1,70,6,0
2020-07-15,337,0,65,6,0
2020-07-16,339,2,63,6,0
2020-07-17,339,0,62,6,0
2020-07-18,340,1,61,6,0
2020-07-19,341,1,59,6,0
2020-07-20,341,0,57,6,0
2020-07-21,341,0,55,6,0
2020-07-22,343,2,57,6,0
2020-07-23,343,0,57,6,0
2020-07-24,346,3,54,6,0
2020-07-25,348,2,54,6,0
2020-07-26,350,2,54,6,0
2020-07-27,350,0,52,6,0
2020-07-28,350,0,51,6,0
2020-07-29,351,1,51,6,0
2020-07-30,353,2,52,6,0
2020-07-31,353,0,51,6,0
2020-08-01,353,0,50,6,0
2020-08-02,353,0,49,6,0
2020-08-03,355,2,47,6,0
2020-08-04,355,0,47,6,0
2020-08-05,357,2,46,6,0
2020-08-06,357,0,43,6,0
2020-08-07,359,2,44,6,0
2020-08-08,359,0,42,6,0
2020-08-09,360,1,42,6,0
2020-08-10,360,0,42,6,0
2020-08-11,360,0,41,6,0
2020-08-12,361,1,37,6,0
2020-08-13,369,8,42,6,0
2020-08-14,374,5,46,6,0
2020-08-15,374,0,44,6,0
2020-08-16,375,1,40,6,0
2020-08-17,376,1,39,6,0
2020-08-18,376,0,39,6,0
2020-08-19,394,18,55,6,0
2020-08-20,399,5,60,6,0
2020-08-21,419,20,76,6,0
2020-08-22,441,22,97,6,0
2020-08-23,450,9,103,6,0
2020-08-24,474,24,127,6,0
2020-08-25,504,30,157,6,0
2020-08-26,580,76,229,6,0
2020-08-27,602,22,247,6,0
2020-08-28,643,41,288,6,0
2020-08-29,733,90,376,6,0
2020-08-30,775,42,417,6,0
2020-08-31,882,107,522,6,0
2020-09-01,919,37,556,6,0
2020-09-02,995,76,631,6,0
2020-09-03,1111,116,746,6,0
2020-09-04,1171,60,805,7,1
2020-09-05,1253,82,875,7,0
2020-09-06,1419,166,1026,8,1
2020-09-07,1518,99,1122,8,0
2020-09-08,1709,191,1239,10,2
2020-09-09,1889,180,1324,12,2
2020-09-10,2150,261,1511,14,2
2020-09-11,2422,272,1783,14,0
2020-09-12,2595,173,1903,16,2
2020-09-13,2932,337,2213,20,4
2020-09-14,3195,263,2373,32,12
2020-09-15,3502,307,2635,35,3
2020-09-16,3821,319,2873,40,5
2020-09-17,4043,222,3039,60,20
2020-09-18,4467,424,3267,70,10
2020-09-19,4870,403,3601,81,11
2020-09-20,5541,671,4189,92,11
2020-09-21,6151,610,4608,98,6
2020-09-22,6743,592,4677,115,17
2020-09-23,7292,549,5077,130,15
2020-09-24,8344,1052,5813,150,20
2020-09-25,9112,768,6557,174,24
2020-09-26,9991,879,7112,198,24
2020-09-27,10734,743,7646,226,28
2020-09-28,11631,897,8302,256,30
2020-09-29,12425,794,8750,284,28
2020-09-30,13373,948,9308,310,26
2020-10-01,14383,1010,9906,321,11
2020-10-02,15525,1142,10794,353,32
2020-10-03,16503,978,11337,371,18
2020-10-04,17794,1291,12187,412,41
2020-10-05,18781,987,12789,444,32
2020-10-06,20033,1252,13780,471,27
2020-10-07,21433,1400,14839,510,39
2020-10-08,22445,1012,15544,535,25
2020-10-09,23906,1461,16602,566,31
2020-10-10,26064,2158,18416,598,32
2020-10-11,27974,1910,17586,646,48
2020-10-12,29314,1340,18390,664,18
2020-10-13,30437,1123,17975,693,29
2020-10-14,31325,888,16727,732,39
2020-10-15,32351,1026,16880,765,33
2020-10-16,33488,1137,17212,799,34
2020-10-17,34875,1387,17667,838,39
2020-10-18,36025,1150,18069,880,42
2020-10-19,37205,1180,18723,914,34
2020-10-20,38502,1297,18692,945,31
2020-10-21,39696,1194,19859,972,27
2020-10-22,41008,1312,18859,1005,33
2020-10-23,42365,1357,18882,1038,33
2020-10-24,43788,1423,19014,1066,28
2020-10-25,44774,986,18759,1095,29
2020-10-26,46200,1426,19071,1122,27
2020-10-27,47666,1466,19146,1147,25
2020-10-28,49072,1406,19264,1172,25
2020-10-29,50403,1331,19197,1199,27
2020-10-30,51496,1093,18947,1219,20
2020-10-31,52706,1210,18695,1237,18
