time,total_cases,daily_cases,total_currently_infected,total_death,death_per_day
2020-02-15,0,0,0,0,0
2020-02-16,0,0,0,0,0
2020-02-17,0,0,0,0,0
2020-02-18,0,0,0,0,0
2020-02-19,0,0,0,0,0
2020-02-20,0,0,0,0,0
2020-02-21,0,0,0,0,0
2020-02-22,0,0,0,0,0
2020-02-23,0,0,0,0,0
2020-02-24,0,0,0,0,0
2020-02-25,0,0,0,0,0
2020-02-26,0,0,0,0,0
2020-02-27,0,0,0,0,0
2020-02-28,1,0,1,0,0
2020-02-29,1,0,1,0,0
2020-03-01,1,0,1,0,0
2020-03-02,1,0,1,0,0
2020-03-03,2,1,2,0,0
2020-03-04,3,1,3,0,0
2020-03-05,4,1,4,0,0
2020-03-06,4,0,4,0,0
2020-03-07,5,1,5,0,0
2020-03-08,5,0,5,0,0
2020-03-09,5,0,5,0,0
2020-03-10,5,0,5,0,0
2020-03-11,5,0,5,0,0
2020-03-12,5,0,5,0,0
2020-03-13,6,1,6,0,0
2020-03-14,8,2,8,0,0
2020-03-15,8,0,8,0,0
2020-03-16,8,0,8,0,0
2020-03-17,20,12,20,0,0
2020-03-18,20,0,20,0,0
2020-03-19,28,8,28,0,0
2020-03-20,52,24,52,0,0
2020-03-21,52,0,52,0,0
2020-03-22,102,50,102,0,0
2020-03-23,102,0,102,0,0
2020-03-24,205,103,183,0,0
2020-03-25,283,78,256,0,0
2020-03-26,368,85,331,0,0
2020-03-27,368,0,331,0,0
2020-03-28,514,146,457,1,1
2020-03-29,514,0,457,1,0
2020-03-30,589,75,525,1,0
2020-03-31,647,58,572,1,0
2020-04-01,708,61,624,1,0
2020-04-02,797,89,704,1,0
2020-04-03,868,71,764,1,0
2020-04-04,950,82,822,1,0
2020-04-05,1039,89,882,1,0
2020-04-06,1106,67,929,1,0
2020-04-07,1160,54,918,1,0
2020-04-08,1210,50,927,1,0
2020-04-09,1239,29,921,1,0
2020-04-10,1283,44,908,2,1
2020-04-11,1312,29,886,4,2
2020-04-12,1330,18,855,4,0
2020-04-13,1349,19,798,5,1
2020-04-14,1366,17,729,9,4
2020-04-15,1386,20,649,9,0
2020-04-16,1401,15,622,9,0
2020-04-17,1409,8,582,11,2
2020-04-18,1422,13,544,11,0
2020-04-19,1431,9,507,12,1
2020-04-20,1440,9,454,12,0
2020-04-21,1445,5,426,13,1
2020-04-22,1448,3,398,14,1
2020-04-23,1451,3,370,16,2
2020-04-24,1456,5,344,17,1
2020-04-25,1461,5,325,18,1
2020-04-26,1469,8,309,18,0
2020-04-27,1469,0,270,19,1
2020-04-28,1472,3,239,19,0
2020-04-29,1474,2,226,19,0
2020-04-30,1476,2,216,19,0
2020-05-01,1479,3,208,19,0
2020-05-02,1485,6,202,20,1
2020-05-03,1487,2,201,20,0
2020-05-04,1487,0,191,20,0
2020-05-05,1486,-1,164,20,0
2020-05-06,1488,2,151,21,1
2020-05-07,1489,1,136,21,0
2020-05-08,1490,1,122,21,0
2020-05-09,1492,2,103,21,0
2020-05-10,1494,2,102,21,0
2020-05-11,1497,3,90,21,0
2020-05-12,1497,0,78,21,0
2020-05-13,1497,0,74,21,0
2020-05-14,1497,0,65,21,0
2020-05-15,1498,1,56,21,0
2020-05-16,1498,0,49,21,0
2020-05-17,1499,1,45,21,0
2020-05-18,1499,0,45,21,0
2020-05-19,1503,4,40,21,0
2020-05-20,1503,0,35,21,0
2020-05-21,1503,0,30,21,0
2020-05-22,1504,1,28,21,0
2020-05-23,1504,0,28,21,0
2020-05-24,1504,0,27,21,0
2020-05-25,1504,0,27,21,0
2020-05-26,1504,0,22,21,0
2020-05-27,1504,0,21,21,0
2020-05-28,1504,0,8,22,1
2020-05-29,1504,0,1,22,0
2020-05-30,1504,0,1,22,0
2020-05-31,1504,0,1,22,0
2020-06-01,1504,0,1,22,0
2020-06-02,1504,0,1,22,0
2020-06-03,1504,0,1,22,0
2020-06-04,1504,0,1,22,0
2020-06-05,1504,0,1,22,0
2020-06-06,1504,0,1,22,0
2020-06-07,1504,0,1,22,0
2020-06-08,1504,0,0,22,0
2020-06-09,1504,0,0,22,0
2020-06-10,1504,0,0,22,0
2020-06-11,1504,0,0,22,0
2020-06-12,1504,0,0,22,0
2020-06-13,1504,0,0,22,0
2020-06-14,1504,0,0,22,0
2020-06-15,1504,0,0,22,0
2020-06-16,1506,2,2,22,0
2020-06-17,1506,0,2,22,0
2020-06-18,1507,1,3,22,0
2020-06-19,1507,0,3,22,0
2020-06-20,1509,2,5,22,0
2020-06-21,1511,2,7,22,0
2020-06-22,1513,2,9,22,0
2020-06-23,1515,2,10,22,0
2020-06-24,1516,1,11,22,0
2020-06-25,1519,3,13,22,0
2020-06-26,1520,1,14,22,0
2020-06-27,1522,2,16,22,0
2020-06-28,1526,4,20,22,0
2020-06-29,1528,2,22,22,0
2020-06-30,1528,0,22,22,0
2020-07-01,1528,0,22,22,0
2020-07-02,1530,2,18,22,0
2020-07-03,1530,0,18,22,0
2020-07-04,1530,0,18,22,0
2020-07-05,1533,3,21,22,0
2020-07-06,1534,1,22,22,0
2020-07-07,1536,2,22,22,0
2020-07-08,1537,1,23,22,0
2020-07-09,1540,3,24,22,0
2020-07-10,1542,2,23,22,0
2020-07-11,1543,1,24,22,0
2020-07-12,1544,1,25,22,0
2020-07-13,1544,0,25,22,0
2020-07-14,1545,1,25,22,0
2020-07-15,1547,2,27,22,0
2020-07-16,1548,1,27,22,0
2020-07-17,1549,1,21,22,0
2020-07-18,1550,1,22,22,0
2020-07-19,1553,3,25,22,0
2020-07-20,1554,1,26,22,0
2020-07-21,1555,1,27,22,0
2020-07-22,1555,0,22,22,0
2020-07-23,1555,0,22,22,0
2020-07-24,1556,1,21,22,0
2020-07-25,1556,0,21,22,0
2020-07-26,1556,0,21,22,0
2020-07-27,1556,0,21,22,0
2020-07-28,1557,1,21,22,0
2020-07-29,1559,2,23,22,0
2020-07-30,1560,1,24,22,0
2020-07-31,1560,0,20,22,0
2020-08-01,1562,2,22,22,0
2020-08-02,1565,3,25,22,0
2020-08-03,1567,2,27,22,0
2020-08-04,1567,0,22,22,0
2020-08-05,1569,2,24,22,0
2020-08-06,1569,0,23,22,0
2020-08-07,1569,0,23,22,0
2020-08-08,1569,0,23,22,0
2020-08-09,1569,0,23,22,0
2020-08-10,1569,0,21,22,0
2020-08-11,1570,1,22,22,0
2020-08-12,1579,9,26,22,0
2020-08-13,1589,10,36,22,0
2020-08-14,1602,13,49,22,0
2020-08-15,1609,7,56,22,0
2020-08-16,1622,13,69,22,0
2020-08-17,1631,9,78,22,0
2020-08-18,1643,12,90,22,0
2020-08-19,1649,6,96,22,0
2020-08-20,1654,5,101,22,0
2020-08-21,1665,11,105,22,0
2020-08-22,1671,6,111,22,0
2020-08-23,1674,3,114,22,0
2020-08-24,1683,9,123,22,0
2020-08-25,1690,7,129,22,0
2020-08-26,1695,5,134,22,0
2020-08-27,1702,7,126,22,0
2020-08-28,1714,12,131,22,0
2020-08-29,1727,13,137,22,0
2020-08-30,1729,2,137,22,0
2020-08-31,1738,9,131,22,0
2020-09-01,1752,14,132,22,0
2020-09-02,1757,5,129,22,0
2020-09-03,1759,2,115,22,0
2020-09-04,1764,5,111,23,1
2020-09-05,1767,3,112,24,1
2020-09-06,1772,5,116,24,0
2020-09-07,1776,4,118,24,0
2020-09-08,1782,6,123,24,0
2020-09-09,1788,6,125,24,0
2020-09-10,1792,4,120,24,0
2020-09-11,1793,1,114,24,0
2020-09-12,1795,2,108,24,0
2020-09-13,1797,2,97,24,0
2020-09-14,1798,1,96,24,0
2020-09-15,1801,3,83,24,0
2020-09-16,1802,1,79,25,1
2020-09-17,1809,7,70,25,0
2020-09-18,1809,0,70,25,0
2020-09-19,1811,2,67,25,0
2020-09-20,1815,4,71,25,0
2020-09-21,1815,0,62,25,0
2020-09-22,1815,0,61,25,0
2020-09-23,1824,9,62,25,0
2020-09-24,1827,3,65,25,0
2020-09-25,1829,2,60,25,0
2020-09-26,1831,2,61,25,0
2020-09-27,1833,2,59,25,0
2020-09-28,1833,0,55,25,0
2020-09-29,1835,2,55,25,0
2020-09-30,1836,1,44,25,0
2020-10-01,1848,12,53,25,0
2020-10-02,1848,0,43,25,0
2020-10-03,1849,1,41,25,0
2020-10-04,1854,5,41,25,0
2020-10-05,1855,1,40,25,0
2020-10-06,1858,3,43,25,0
2020-10-07,1861,3,37,25,0
2020-10-08,1864,3,39,25,0
2020-10-09,1866,2,41,25,0
2020-10-10,1870,4,44,25,0
2020-10-11,1871,1,45,25,0
2020-10-12,1871,0,45,25,0
2020-10-13,1872,1,39,25,0
2020-10-14,1874,2,40,25,0
2020-10-15,1876,2,42,25,0
2020-10-16,1880,4,46,25,0
2020-10-17,1883,3,40,25,0
2020-10-18,1886,3,42,25,0
2020-10-19,1886,0,37,25,0
2020-10-20,1887,1,33,25,0
2020-10-21,1912,25,56,25,0
2020-10-22,1914,2,58,25,0
2020-10-23,1923,9,66,25,0
2020-10-24,1934,11,74,25,0
2020-10-25,1935,1,70,25,0
2020-10-26,1940,5,74,25,0
2020-10-27,1941,1,68,25,0
2020-10-28,1943,2,66,25,0
2020-10-29,1949,6,70,25,0
2020-10-30,1950,1,68,25,0
2020-10-31,1957,7,75,25,0
