time,total_cases,daily_cases,total_currently_infected,total_death,death_per_day,new_recoveries
2020-02-15,0,0,0,0,0,0
2020-02-16,0,0,0,0,0,0
2020-02-17,0,0,0,0,0,0
2020-02-18,0,0,0,0,0,0
2020-02-19,0,0,0,0,0,0
2020-02-20,0,0,0,0,0,0
2020-02-21,0,0,0,0,0,0
2020-02-22,0,0,0,0,0,0
2020-02-23,0,0,0,0,0,0
2020-02-24,0,0,0,0,0,0
2020-02-25,0,0,0,0,0,0
2020-02-26,0,0,0,0,0,0
2020-02-27,0,0,0,0,0,0
2020-02-28,0,0,0,0,0,0
2020-02-29,0,0,0,0,0,0
2020-03-01,0,0,0,0,0,0
2020-03-02,0,0,0,0,0,0
2020-03-03,1,0,1,0,0,0
2020-03-04,1,0,1,0,0,0
2020-03-05,2,1,2,0,0,0
2020-03-06,8,6,8,0,0,0
2020-03-07,9,1,8,1,0,0
2020-03-08,12,3,10,2,1,0
2020-03-09,17,5,15,2,0,0
2020-03-10,19,2,17,2,0,0
2020-03-11,21,2,18,3,1,0
2020-03-12,31,10,28,3,0,0
2020-03-13,34,3,28,6,3,0
2020-03-14,45,11,39,6,0,0
2020-03-15,56,11,47,6,0,3
2020-03-16,65,9,56,6,0,0
2020-03-17,79,14,70,6,0,0
2020-03-18,97,18,88,6,0,0
2020-03-19,128,31,116,9,3,0
2020-03-20,158,30,146,9,0,0
2020-03-21,158,0,143,12,3,0
2020-03-22,266,108,227,12,0,24
2020-03-23,301,35,238,12,0,24
2020-03-24,387,86,318,17,5,1
2020-03-25,502,115,428,22,5,0
2020-03-26,589,87,485,32,10,20
2020-03-27,589,0,482,35,3,0
2020-03-28,745,156,622,51,16,0
2020-03-29,820,75,675,54,3,19
2020-03-30,820,0,530,62,8,137
2020-03-31,1054,234,742,72,10,12
2020-04-01,1133,79,800,85,13,8
2020-04-02,1265,132,914,95,10,8
2020-04-03,1353,88,976,111,16,10
2020-04-04,1451,98,1058,114,3,13
2020-04-05,1554,103,1152,122,8,1
2020-04-06,1628,74,1163,140,18,45
2020-04-07,1715,87,1219,158,18,13
2020-04-08,1795,80,1266,171,13,20
2020-04-09,1894,99,1321,208,37,7
2020-04-10,1975,81,1384,216,8,10
2020-04-11,2142,167,1468,234,18,65
2020-04-12,2142,0,1437,237,3,28
2020-04-13,2277,135,1504,258,21,47
2020-04-14,2277,0,1450,268,10,44
2020-04-15,2571,294,1681,294,26,37
2020-04-16,2669,98,1718,320,26,35
2020-04-17,2669,0,1680,323,3,35
2020-04-18,2839,170,1807,347,24,19
2020-04-19,2941,102,1880,352,5,24
2020-04-20,3031,90,1921,373,21,28
2020-04-21,3144,113,1907,397,24,103
2020-04-22,3288,144,1998,418,21,32
2020-04-23,3435,147,2082,434,16,47
2020-04-24,3607,172,2168,463,29,57
2020-04-25,3780,173,2263,487,24,54
2020-04-26,3892,112,2280,505,18,77
2020-04-27,4003,111,2345,518,13,33
2020-04-28,4127,124,2421,544,26,22
2020-04-29,4285,158,2531,562,18,30
2020-04-30,4428,143,2600,572,10,64
2020-05-01,4532,104,2650,590,18,36
2020-05-02,4681,149,2740,621,31,28
2020-05-03,4783,102,2784,645,24,34
2020-05-04,4887,104,2763,682,37,88
2020-05-05,5020,133,2856,692,10,30
2020-05-06,5208,188,2968,716,24,52
2020-05-07,5371,163,3030,740,24,77
2020-05-08,5611,240,3183,769,29,58
2020-05-09,5776,165,3261,787,18,69
2020-05-10,6034,258,3477,800,13,29
2020-05-11,6278,244,3617,824,24,80
2020-05-12,6563,285,3864,837,13,25
2020-05-13,6879,316,3750,863,26,404
2020-05-14,7134,255,3823,926,63,119
2020-05-15,7479,345,4048,934,8,112
2020-05-16,7805,326,4319,952,18,37
2020-05-17,8068,263,4521,978,26,35
2020-05-18,8371,303,4744,1002,24,56
2020-05-19,8809,438,4906,1031,29,247
2020-05-20,9283,474,5293,1057,26,61
2020-05-21,9931,648,5808,1091,34,99
2020-05-22,10649,718,6451,1136,45,30
2020-05-23,11353,704,6656,1167,31,468
2020-05-24,12076,723,7159,1185,18,202
2020-05-25,12628,552,7405,1224,39,267
2020-05-26,13228,600,7792,1269,45,168
2020-05-27,13933,705,8273,1311,42,182
2020-05-28,14702,769,8753,1332,21,268
2020-05-29,15419,717,9268,1363,31,171
2020-05-30,16214,795,10042,1384,21,0
2020-05-31,16851,637,10102,1413,29,548
2020-06-01,17415,564,10436,1458,45,185
2020-06-02,18319,904,11118,1492,34,188
2020-06-03,19268,949,11843,1529,37,187
2020-06-04,20197,929,12609,1595,66,97
2020-06-05,21037,840,13291,1658,63,95
2020-06-06,22020,983,14140,1700,42,92
2020-06-07,22794,774,14143,1742,42,729
2020-06-08,23620,826,14497,1818,76,396
2020-06-09,24761,1141,15312,1881,63,263
2020-06-10,25987,1226,16068,1928,47,423
2020-06-11,27373,1386,17034,2007,79,341
2020-06-12,28764,1391,17962,2059,52,411
2020-06-13,30295,1531,19074,2138,79,340
2020-06-14,31577,1282,19828,2185,47,481
2020-06-15,32785,1208,20654,2240,55,327
2020-06-16,34159,1374,21682,2303,63,283
2020-06-17,35552,1393,22645,2395,92,338
2020-06-18,37510,1958,24302,2487,92,209
2020-06-19,39570,2060,25151,2568,81,1130
2020-06-20,41204,1634,26396,2602,34,355
2020-06-21,42785,1581,27405,2652,50,522
2020-06-22,44931,2146,29042,2736,84,425
2020-06-23,47203,2272,30799,2828,92,423
2020-06-24,49851,2648,33107,2928,100,240
2020-06-25,52457,2606,34652,3017,89,972
2020-06-26,55343,2886,33821,3106,89,3628
2020-06-27,57744,2401,35435,3166,60,727
2020-06-28,59933,2189,36567,3232,66,991
2020-06-29,62268,2335,37772,3358,126,1004
2020-06-30,64530,2262,39073,3429,71,890
2020-07-01,67197,2667,40681,3476,47,1012
2020-07-02,69941,2744,42194,3561,85,1146
2020-07-03,72786,2845,43880,3682,121,1038
2020-07-04,75376,2590,45638,3808,126,706
2020-07-05,77815,2439,46295,3923,115,1667
2020-07-06,80447,2632,47897,4019,96,934
2020-07-07,83426,2979,49158,4173,154,1564
2020-07-08,87030,3604,46196,4332,159,6407
2020-07-09,90693,3663,47869,4511,179,1811
2020-07-10,94060,3367,50433,4643,132,671
2020-07-11,97509,3449,51331,4770,127,2424
2020-07-12,100166,2657,52537,4935,165,1286
2020-07-13,103265,3099,54037,5055,120,1479
2020-07-14,106910,3645,56181,5262,207,1294
2020-07-15,111146,4236,58393,5455,193,1831
2020-07-16,114783,3637,60027,5636,181,1822
2020-07-17,119301,4518,63674,5847,211,660
2020-07-18,122524,3223,63878,6039,192,2827
2020-07-19,126755,4231,66491,6159,120,1498
2020-07-20,130774,4019,68550,6311,152,1808
2020-07-21,136118,5344,70997,6523,212,2685
2020-07-22,141900,5782,74602,6767,244,1933
2020-07-23,148027,6127,78227,6985,218,2284
2020-07-24,153520,5493,80842,7231,246,2632
2020-07-25,158334,4814,82892,7420,189,2575
2020-07-26,162526,4192,84449,7559,139,2496
2020-07-27,167416,4890,87120,7721,162,2057
2020-07-28,173355,5939,90345,7927,206,2508
2020-07-29,178996,5641,93024,8117,190,2772
2020-07-30,185373,6377,96467,8310,193,2741
2020-07-31,191302,5929,99016,8506,196,3184
2020-08-01,196543,5241,101327,8717,211,2719
2020-08-02,201919,5376,104039,8854,137,2527
2020-08-03,206743,4824,106404,9037,183,2276
2020-08-04,213535,6792,110103,9303,266,2827
2020-08-05,220682,7147,114166,9568,265,2819
2020-08-06,228195,7513,118499,9844,276,2904
2020-08-07,235677,7482,122261,10119,275,3445
2020-08-08,241811,6134,123251,10318,199,4945
2020-08-09,246499,4688,65939,10451,133,61867
2020-08-10,253868,7369,68289,10605,154,4865
2020-08-11,260911,7043,68702,10820,215,6415
2020-08-12,268574,7663,70222,11069,249,5894
2020-08-13,276072,7498,72350,11288,219,5151
2020-08-14,282437,6365,71901,11531,243,6571
2020-08-15,289100,6663,71642,11761,230,6692
2020-08-16,294569,5469,70947,11920,159,6005
2020-08-17,299126,4557,69185,12091,171,6148
2020-08-18,305966,6840,70165,12270,179,5681
2020-08-19,312659,6693,71383,12551,281,5194
2020-08-20,320884,8225,74421,12812,261,4926
2020-08-21,329043,8159,76152,13085,273,6155
2020-08-22,336802,7759,77707,13314,229,5975
2020-08-23,342154,5352,77082,13672,358,5619
2020-08-24,350867,8713,80074,14004,332,5389
2020-08-25,359638,8771,82150,14286,282,6413
2020-08-26,370188,10550,86777,14610,324,5599
2020-08-27,380292,10104,90924,14910,300,5657
2020-08-28,392009,11717,96644,15200,290,5707
2020-08-29,401239,9230,98638,15381,181,7055
2020-08-30,408426,7187,98861,15558,177,6787
2020-08-31,417735,9309,100680,15860,302,7188
2020-09-01,428239,10504,103702,16161,301,7181
2020-09-02,439172,10933,107214,16428,267,7154
2020-09-03,451198,12026,112062,16675,247,6931
2020-09-04,461882,10684,113334,16927,252,9160
2020-09-05,471806,9924,114327,17098,171,8760
2020-09-06,478792,6986,112426,17234,136,8751
2020-09-07,488007,9215,113104,17515,281,8256
2020-09-08,500034,12027,115698,17746,231,9202
2020-09-09,512293,12259,111835,17968,222,15900
2020-09-10,524198,11905,115884,18216,248,7608
2020-09-11,535705,11507,117175,18409,193,10023
2020-09-12,546481,10776,118127,18583,174,9650
2020-09-13,555537,9056,117335,18689,106,9742
2020-09-14,565446,9909,117610,18883,194,9440
2020-09-15,577338,11892,119404,19051,168,9930
2020-09-16,589012,11674,121548,19201,150,9380
2020-09-17,601713,12701,126007,19359,158,8084
2020-09-18,613658,11945,126842,19530,171,10939
2020-09-19,622934,9276,125227,19630,100,10791
2020-09-20,631365,8431,123440,19694,64,10154
2020-09-21,640147,8782,111788,19796,102,20332
2020-09-22,652174,12027,115061,19885,89,8665
2020-09-23,664799,12625,119319,19994,109,8258
2020-09-24,678266,13467,121616,20061,67,11103
2020-09-25,691235,12969,124189,20122,61,10335
2020-09-26,702484,11249,125833,20162,40,9565
2020-09-27,711325,8841,125205,20185,23,9446
2020-09-28,723132,11807,126183,20234,49,10780
2020-09-29,736609,13477,130485,20267,33,9142
2020-09-30,751001,14392,136074,20282,15,8788
2020-10-01,765002,14001,141574,20288,6,8495
2020-10-02,779689,14687,144575,20599,311,11375
2020-10-03,790818,11129,143909,20795,196,11599
2020-10-04,798486,7668,140796,21018,223,10558
2020-10-05,809728,11242,139243,21468,450,12345
2020-10-06,824468,14740,142369,21827,359,11255
2020-10-07,840915,16447,147964,22226,399,10453
2020-10-08,856369,15454,148815,22710,484,14119
2020-10-09,871468,15099,151102,23225,515,12297
2020-10-10,883882,12414,150837,23581,356,12323
2020-10-11,894206,10324,148958,23868,287,11916
2020-10-12,903730,9524,146962,24186,318,11202
2020-10-13,917035,13305,150228,24572,386,9653
2020-10-14,931967,14932,155900,24921,349,8911
2020-10-15,949063,17096,158862,25342,421,13713
2020-10-16,965609,16546,161385,25723,381,13642
2020-10-17,979119,13510,161838,26107,384,12673
2020-10-18,989680,10561,159448,26267,160,12791
2020-10-19,1002662,12982,171981,26716,449,0
2020-10-20,1018999,16337,162252,27100,384,25682
2020-10-21,1037325,18326,169286,27519,419,10873
