time,total_cases,daily_cases,total_currently_infected,total_death,death_per_day
2020-02-15,0,0,0,0,0
2020-02-16,0,0,0,0,0
2020-02-17,0,0,0,0,0
2020-02-18,0,0,0,0,0
2020-02-19,0,0,0,0,0
2020-02-20,0,0,0,0,0
2020-02-21,0,0,0,0,0
2020-02-22,0,0,0,0,0
2020-02-23,0,0,0,0,0
2020-02-24,0,0,0,0,0
2020-02-25,0,0,0,0,0
2020-02-26,0,0,0,0,0
2020-02-27,0,0,0,0,0
2020-02-28,1,0,1,0,0
2020-02-29,3,2,3,0,0
2020-03-01,3,0,3,0,0
2020-03-02,3,0,3,0,0
2020-03-03,3,0,3,0,0
2020-03-04,3,0,3,0,0
2020-03-05,6,3,6,0,0
2020-03-06,9,3,9,0,0
2020-03-07,9,0,9,0,0
2020-03-08,9,0,9,0,0
2020-03-09,9,0,9,0,0
2020-03-10,11,2,11,0,0
2020-03-11,11,0,8,0,0
2020-03-12,15,4,11,1,1
2020-03-13,15,0,11,1,0
2020-03-14,19,4,12,1,0
2020-03-15,23,4,16,1,0
2020-03-16,25,2,18,1,0
2020-03-17,34,9,27,1,0
2020-03-18,34,0,26,1,0
2020-03-19,44,10,36,1,0
2020-03-20,44,0,36,1,0
2020-03-21,53,9,41,1,0
2020-03-22,65,12,53,1,0
2020-03-23,72,7,61,1,0
2020-03-24,87,15,76,1,0
2020-03-25,93,6,81,2,1
2020-03-26,122,29,104,3,1
2020-03-27,165,43,147,3,0
2020-03-28,182,17,163,4,1
2020-03-29,209,27,190,4,0
2020-03-30,273,64,243,4,0
2020-03-31,298,25,267,5,1
2020-04-01,359,61,328,5,0
2020-04-02,400,41,369,5,0
2020-04-03,443,43,406,5,0
2020-04-04,521,78,484,5,0
2020-04-05,584,63,545,7,2
2020-04-06,641,57,590,7,0
2020-04-07,717,76,665,8,1
2020-04-08,822,105,751,8,0
2020-04-09,926,104,816,9,1
2020-04-10,991,65,822,10,1
2020-04-11,1058,67,847,11,1
2020-04-12,1098,40,837,11,0
2020-04-13,1148,50,847,12,1
2020-04-14,1197,49,833,13,1
2020-04-15,1253,56,836,13,0
2020-04-16,1283,30,808,15,2
2020-04-17,1340,57,797,15,0
2020-04-18,1373,33,765,18,3
2020-04-19,1398,25,667,19,1
2020-04-20,1436,38,626,19,0
2020-04-21,1480,44,595,20,1
2020-04-22,1518,38,591,20,0
2020-04-23,1548,30,580,20,0
2020-04-24,1592,44,558,21,1
2020-04-25,1617,25,516,21,0
2020-04-26,1645,28,485,21,0
2020-04-27,1678,33,494,22,1
2020-04-28,1717,39,474,22,0
2020-04-29,1766,49,476,23,1
2020-04-30,1804,38,455,24,1
2020-05-01,1854,50,464,25,1
2020-05-02,1894,40,458,25,0
2020-05-03,1932,38,466,25,0
2020-05-04,1984,52,478,26,1
2020-05-05,2060,76,526,26,0
2020-05-06,2127,67,563,28,2
2020-05-07,2204,77,625,28,0
2020-05-08,2279,75,675,28,0
2020-05-09,2422,143,771,31,3
2020-05-10,2519,97,837,32,1
2020-05-11,2589,70,877,32,0
2020-05-12,2693,104,980,33,1
2020-05-13,2758,65,934,35,2
2020-05-14,2879,121,1011,35,0
2020-05-15,2980,101,1058,36,1
2020-05-16,3138,158,1158,36,0
2020-05-17,3274,136,1220,39,3
2020-05-18,3387,113,1292,40,1
2020-05-19,3518,131,1279,41,1
2020-05-20,3631,113,1335,43,2
2020-05-21,3749,118,1365,44,1
2020-05-22,3855,106,1410,46,2
2020-05-23,3982,127,1427,49,3
2020-05-24,4122,140,1466,49,0
2020-05-25,4271,149,1479,51,2
2020-05-26,4403,132,1532,52,1
2020-05-27,4568,165,1617,54,2
2020-05-28,4759,191,1681,56,2
2020-05-29,4989,230,1806,58,2
2020-05-30,5246,257,1858,61,3
2020-05-31,5494,248,2003,63,2
2020-06-01,5662,168,2086,68,5
2020-06-02,5935,273,2300,71,3
2020-06-03,6260,325,2519,76,5
2020-06-04,6522,262,2707,78,2
2020-06-05,6860,338,2907,82,4
2020-06-06,7239,379,3131,84,2
2020-06-07,7553,314,3316,88,4
2020-06-08,7876,323,3406,93,5
2020-06-09,8191,315,3487,98,5
2020-06-10,8530,339,3708,102,4
2020-06-11,8882,352,3844,108,6
2020-06-12,9218,336,3989,113,5
2020-06-13,9570,352,4146,115,2
2020-06-14,9957,387,4255,119,4
2020-06-15,10324,367,4463,122,3
2020-06-16,10662,338,4588,126,4
2020-06-17,10991,329,4783,133,7
2020-06-18,11329,338,4998,139,6
2020-06-19,11767,438,5299,143,4
2020-06-20,12238,471,5574,148,5
2020-06-21,12729,491,5776,154,6
2020-06-22,13207,478,5878,161,7
2020-06-23,13715,508,6045,167,6
2020-06-24,14305,590,6363,174,7
2020-06-25,14852,547,6613,180,6
2020-06-26,15369,517,6818,187,7
2020-06-27,15890,521,6978,193,6
2020-06-28,16424,534,7200,198,5
2020-06-29,16968,544,7393,206,8
2020-06-30,17524,556,7596,213,7
2020-07-01,18112,588,7831,220,7
2020-07-02,18684,572,8031,228,8
2020-07-03,19267,583,8212,235,7
2020-07-04,19801,534,8269,241,6
2020-07-05,20324,523,8332,250,9
2020-07-06,20837,513,8397,258,8
2020-07-07,21374,537,8474,265,7
2020-07-08,21916,542,8542,274,9
2020-07-09,22464,548,8589,284,10
2020-07-10,22990,526,8605,292,8
2020-07-11,23521,531,8616,298,6
2020-07-12,24041,520,8642,306,8
2020-07-13,24570,529,8617,313,7
2020-07-14,25113,543,8644,319,6
2020-07-15,25672,559,8651,326,7
2020-07-16,26165,493,8575,334,8
2020-07-17,26636,471,8490,341,7
2020-07-18,27133,497,8334,349,8
2020-07-19,27521,388,8200,354,5
2020-07-20,27890,369,8037,363,9
2020-07-21,28242,352,7927,376,13
2020-07-22,28633,391,7805,385,9
2020-07-23,28980,347,7615,391,6
2020-07-24,29312,332,7365,400,9
2020-07-25,29633,321,7143,408,8
2020-07-26,30050,417,6949,417,9
2020-07-27,30446,396,6781,423,6
2020-07-28,30858,412,6555,430,7
2020-07-29,31221,363,6288,438,8
2020-07-30,31560,339,5951,441,3
2020-07-31,31878,318,5548,448,7
2020-08-01,32157,279,5229,454,6
2020-08-02,32443,286,4868,462,8
2020-08-03,32684,241,4456,468,6
2020-08-04,32910,226,4089,473,5
2020-08-05,33103,193,3787,476,3
2020-08-06,33247,144,3493,479,3
2020-08-07,33376,129,3197,483,4
2020-08-08,33481,105,2937,488,5
2020-08-09,33568,87,2714,490,2
2020-08-10,33647,79,2513,492,2
2020-08-11,33731,84,2380,495,3
2020-08-12,33824,93,2269,497,2
2020-08-13,33915,91,2146,500,3
2020-08-14,34018,103,2024,504,4
2020-08-15,34107,89,1904,506,2
2020-08-16,34219,112,1838,506,0
2020-08-17,34343,124,1793,508,2
2020-08-18,34474,131,1764,509,1
2020-08-19,34620,146,1747,510,1
2020-08-20,34759,139,1738,510,0
2020-08-21,34921,162,1727,512,2
2020-08-22,35105,184,1748,515,3
2020-08-23,35274,169,1763,518,3
2020-08-24,35426,152,1803,519,1
2020-08-25,35559,133,1848,521,2
2020-08-26,35707,148,1904,522,1
2020-08-27,35844,137,1956,524,2
2020-08-28,35986,142,1998,527,3
2020-08-29,36174,188,2069,529,2
2020-08-30,36309,135,2075,531,2
2020-08-31,36435,126,2054,534,3
2020-09-01,36578,143,2065,536,2
2020-09-02,36732,154,2078,538,2
2020-09-03,36899,167,2094,541,3
2020-09-04,37031,132,2069,543,2
2020-09-05,37192,161,2082,545,2
2020-09-06,37329,137,2076,548,3
2020-09-07,37418,89,2030,551,3
2020-09-08,37557,139,2040,552,1
2020-09-09,37732,175,2058,555,3
2020-09-10,37874,142,2049,556,1
2020-09-11,38037,163,2040,557,1
2020-09-12,38172,135,2006,559,2
2020-09-13,38327,155,2009,562,3
2020-09-14,38403,76,1979,564,2
2020-09-15,38517,114,1953,566,2
2020-09-16,38658,141,1940,569,3
2020-09-17,38777,119,1917,571,2
2020-09-18,38894,117,1898,572,1
2020-09-19,39042,148,1867,574,2
2020-09-20,39188,146,1858,575,1
2020-09-21,39280,92,1868,576,1
2020-09-22,39378,98,1851,578,2
2020-09-23,39524,146,1822,580,2
2020-09-24,39686,162,1850,581,1
2020-09-25,39787,101,1812,583,2
2020-09-26,39895,108,1787,585,2
2020-09-27,40023,128,1782,586,1
2020-09-28,40061,38,1748,588,2
2020-09-29,40119,58,1702,590,2
2020-09-30,40229,110,1684,591,1
2020-10-01,40309,80,1648,593,2
2020-10-02,40453,144,1642,594,1
2020-10-03,40561,108,1612,595,1
2020-10-04,40691,130,1599,596,1
2020-10-05,40788,97,1603,598,2
2020-10-06,40931,143,1618,600,2
2020-10-07,41113,182,1653,602,2
2020-10-08,41304,191,1689,603,1
2020-10-09,41519,215,1785,605,2
2020-10-10,41752,233,1909,608,3
2020-10-11,41982,230,2016,609,1
2020-10-12,42104,122,2091,609,0
2020-10-13,42381,277,2301,612,3
2020-10-14,42750,369,2564,616,4
2020-10-15,43280,530,2990,619,3
2020-10-16,43789,509,3368,621,2
2020-10-17,44317,528,3791,623,2
2020-10-18,44964,647,4301,626,3
2020-10-19,45295,331,4521,630,4
2020-10-20,45879,584,4972,635,5
2020-10-21,46593,714,5503,642,7
2020-10-22,47418,825,6151,648,6
2020-10-23,48221,803,6734,656,8
2020-10-24,49013,792,7298,664,8
2020-10-25,49959,946,8009,671,7
2020-10-26,50486,527,8397,679,8
2020-10-27,51149,663,8768,688,9
2020-10-28,52137,988,9405,699,11
2020-10-29,53152,1015,9928,708,9
2020-10-30,54174,1022,10460,718,10
2020-10-31,55269,1095,10996,730,12
