time,total_cases,daily_cases,total_currently_infected,total_death,death_per_day,new_recoveries
2020-02-15,0,0,0,0,0,0
2020-02-16,0,0,0,0,0,0
2020-02-17,0,0,0,0,0,0
2020-02-18,0,0,0,0,0,0
2020-02-19,0,0,0,0,0,0
2020-02-20,0,0,0,0,0,0
2020-02-21,0,0,0,0,0,0
2020-02-22,0,0,0,0,0,0
2020-02-23,0,0,0,0,0,0
2020-02-24,0,0,0,0,0,0
2020-02-25,0,0,0,0,0,0
2020-02-26,0,0,0,0,0,0
2020-02-27,0,0,0,0,0,0
2020-02-28,2,0,2,0,0,0
2020-02-29,4,2,4,0,0,0
2020-03-01,5,1,5,0,0,0
2020-03-02,6,1,6,0,0,0
2020-03-03,6,0,5,0,0,1
2020-03-04,6,0,5,0,0,0
2020-03-05,6,0,5,0,0,0
2020-03-06,6,0,5,0,0,0
2020-03-07,6,0,5,0,0,0
2020-03-08,7,1,6,0,0,0
2020-03-09,7,0,3,0,0,3
2020-03-10,7,0,3,0,0,0
2020-03-11,11,4,7,0,0,0
2020-03-12,12,1,8,0,0,0
2020-03-13,15,3,11,0,0,0
2020-03-14,26,11,22,0,0,0
2020-03-15,44,18,40,0,0,0
2020-03-16,54,10,50,0,0,0
2020-03-17,84,30,80,0,0,0
2020-03-18,95,11,91,0,0,0
2020-03-19,121,26,116,1,1,0
2020-03-20,168,47,163,1,0,0
2020-03-21,208,40,202,2,1,0
2020-03-22,258,50,252,2,0,0
2020-03-23,325,67,318,3,1,0
2020-03-24,378,53,370,4,1,0
2020-03-25,417,39,408,5,1,0
2020-03-26,489,72,479,6,1,0
2020-03-27,603,114,591,8,2,0
2020-03-28,739,136,723,12,4,0
2020-03-29,874,135,823,16,4,31
2020-03-30,1024,150,969,20,4,0
2020-03-31,1128,104,1065,28,8,0
2020-04-01,1253,125,1189,29,1,0
2020-04-02,1421,168,1349,37,8,0
2020-04-03,1557,136,874,50,13,598
2020-04-04,1741,184,1048,60,10,0
2020-04-05,1950,209,1237,80,20,0
2020-04-06,2211,261,1483,95,15,0
2020-04-07,2517,306,1757,127,32,0
2020-04-08,2874,357,2097,144,17,0
2020-04-09,3283,409,2472,178,34,0
2020-04-10,3551,268,2719,199,21,0
2020-04-11,3967,416,3095,239,40,0
2020-04-12,4354,387,2302,280,41,1139
2020-04-13,4810,456,2663,304,24,71
2020-04-14,5174,364,2869,341,37,121
2020-04-15,5571,397,3029,417,76,161
2020-04-16,6034,463,3448,461,44,0
2020-04-17,6499,465,3875,499,38,0
2020-04-18,7096,597,4410,561,62,0
2020-04-19,7738,642,4443,668,107,502
2020-04-20,8527,789,5195,705,37,0
2020-04-21,9055,528,5696,732,27,0
2020-04-22,9808,753,6299,882,150,0
2020-04-23,10885,1077,7259,999,117,0
2020-04-24,12009,1124,8281,1101,102,0
2020-04-25,13288,1279,4881,1258,157,4522
2020-04-26,14289,1001,5795,1345,87,0
2020-04-27,15151,862,5404,1393,48,1205
2020-04-28,16031,880,5466,1479,86,732
2020-04-29,17294,1263,4253,1618,139,2337
2020-04-30,18375,1081,5166,1786,168,0
2020-05-01,19846,1471,6506,1917,131,0
2020-05-02,21410,1564,6999,2034,117,954
2020-05-03,22803,1393,7230,2126,92,1070
2020-05-04,24231,1428,8562,2222,96,0
2020-05-05,25711,1480,7430,2343,121,2491
2020-05-06,26867,1156,7470,2587,244,872
2020-05-07,28528,1661,7956,2791,204,971
2020-05-08,30574,2046,9737,3056,265,0
2020-05-09,32542,1968,8966,3262,206,2533
2020-05-10,34543,2001,9258,3461,199,1510
2020-05-11,36156,1613,9479,3577,116,1276
2020-05-12,37503,1347,10714,3689,112,0
2020-05-13,39565,2062,9576,4054,365,2835
2020-05-14,41487,1922,10139,4358,304,1055
2020-05-15,43974,2487,10876,4623,265,1485
2020-05-16,46490,2516,11116,4923,300,1976
2020-05-17,48670,2180,11612,5210,287,1397
2020-05-18,50812,2142,12137,5346,136,1481
2020-05-19,53304,2492,12410,5506,160,2059
2020-05-20,56105,2801,12929,5851,345,1937
2020-05-21,58426,2321,13261,6289,438,1551
2020-05-22,61495,3069,14115,6723,434,1781
2020-05-23,64551,3056,14608,7218,495,2068
2020-05-24,67988,3437,15655,7414,196,2194
2020-05-25,70842,2854,15782,7636,222,2505
2020-05-26,73408,2566,15635,7883,247,2466
2020-05-27,76975,3567,16355,8401,518,2329
2020-05-28,80550,3575,17288,8879,478,2164
2020-05-29,84037,3487,18058,9341,462,2255
2020-05-30,87369,3332,18035,9724,383,2972
2020-05-31,90348,2979,18377,10100,376,2261
2020-06-01,93602,3254,19020,10256,156,2455
2020-06-02,96463,2861,18471,10501,245,3165
2020-06-03,100480,4017,19185,10987,486,2817
2020-06-04,104519,4039,19133,12115,1128,2963
2020-06-05,109105,4586,20699,12958,843,2177
2020-06-06,113592,4487,21398,13604,646,3142
2020-06-07,117302,3710,21802,13956,352,2954
2020-06-08,120899,3597,22330,14150,194,2875
2020-06-09,123995,3096,21846,14516,366,3214
2020-06-10,128330,4335,22450,15132,616,3115
2020-06-11,133371,5041,23578,15863,731,3182
2020-06-12,138316,4945,23783,16469,606,4134
2020-06-13,143707,5391,24950,16990,521,3703
2020-06-14,147314,3607,24911,17428,438,3208
2020-06-15,151595,4281,25779,17706,278,3135
2020-06-16,155133,3538,23968,18159,453,4896
2020-06-17,159881,4748,24790,18913,754,3172
2020-06-18,164971,5090,25908,19708,795,3177
2020-06-19,170817,5846,27325,20397,689,3740
2020-06-20,176010,5193,27613,21065,668,4237
2020-06-21,180880,4870,27729,21465,400,4354
2020-06-22,186396,5516,28574,22543,1078,3593
2020-06-23,191121,4725,27676,23327,784,4839
2020-06-24,197613,6492,29019,24146,819,4330
2020-06-25,203226,5613,28784,25124,978,4870
2020-06-26,209528,6302,34326,25884,760,0
2020-06-27,215145,5617,39200,26627,743,0
2020-06-28,219698,4553,43131,27249,622,0
2020-06-29,223879,4181,47036,27525,276,0
2020-06-30,227807,3928,50475,28014,489,0
2020-07-01,233415,5608,55414,28683,669,0
2020-07-02,239280,5865,60514,29448,765,0
2020-07-03,246240,6960,66773,30149,701,0
2020-07-04,253199,6959,73056,30825,676,0
2020-07-05,260337,7138,76663,31365,540,2991
2020-07-06,265172,4835,77921,31647,282,3295
2020-07-07,270233,5061,78433,32143,496,4053
2020-07-08,276694,6461,79980,33068,925,3989
2020-07-09,283916,7222,82245,33876,808,4149
2020-07-10,291432,7516,84572,34630,754,4435
2020-07-11,298546,7114,86132,35317,687,4867
2020-07-12,304838,6292,88112,35874,557,3755
2020-07-13,309465,4627,88542,36159,285,3912
2020-07-14,314302,4837,88579,36660,501,4299
2020-07-15,321582,7280,90082,37524,864,4913
2020-07-16,327930,6348,90679,38122,598,5153
2020-07-17,334544,6614,92268,38812,690,4335
2020-07-18,342036,7492,94028,39572,760,4972
2020-07-19,349898,7862,96723,40169,597,4570
2020-07-20,355381,5483,97483,40475,306,4417
2020-07-21,360721,5340,97867,40786,311,4645
2020-07-22,367802,7081,98906,41731,945,5097
2020-07-23,374016,6214,100066,42547,816,4238
2020-07-24,382728,8712,103230,43289,742,4806
2020-07-25,390547,7819,103805,44050,761,6483
2020-07-26,397517,6970,105536,44803,753,4486
2020-07-27,403175,5658,106551,45119,316,4327
2020-07-28,408309,5134,106060,45472,353,5272
2020-07-29,415751,7442,107940,46354,882,4680
2020-07-30,421690,5939,107688,46855,501,5690
2020-07-31,429671,7981,109969,47515,660,5040
2020-08-01,438403,8732,111559,48226,711,6431
2020-08-02,448269,9866,114386,49036,810,6229
2020-08-03,453279,5010,114566,49319,283,4547
2020-08-04,458201,4922,112930,49594,275,6283
2020-08-05,464548,6347,113815,50479,885,4577
2020-08-06,470886,6338,114843,51335,856,4454
2020-08-07,477690,6804,116661,52181,846,4140
2020-08-08,484625,6935,118238,53001,820,4538
2020-08-09,491331,6706,118974,53719,718,5252
2020-08-10,495849,4518,119363,54021,302,3827
2020-08-11,501587,5738,118845,54749,728,5528
2020-08-12,508490,6903,119984,55706,957,4807
2020-08-13,514538,6048,121436,56467,761,3835
2020-08-14,522148,7610,123526,57115,648,4872
2020-08-15,527948,5800,124545,57750,635,4146
2020-08-16,534499,6551,124721,58406,656,5719
2020-08-17,539091,4592,125363,58627,221,3729
2020-08-18,542778,3687,124529,58902,275,4246
2020-08-19,548463,5685,125478,59678,776,3960
2020-08-20,554443,5980,126498,60408,730,4230
2020-08-21,561438,6995,128746,61054,646,4101
2020-08-22,567558,6120,129574,61575,521,4771
2020-08-23,574250,6692,131518,62240,665,4083
2020-08-24,578326,4076,131981,62473,233,3380
2020-08-25,581982,3656,130054,62804,331,5252
2020-08-26,587057,5075,130481,63475,671,3977
2020-08-27,592495,5438,131615,64122,647,3657
2020-08-28,598716,6221,133580,64657,535,3721
2020-08-29,604729,6013,134835,65227,570,4188
2020-08-30,610897,6168,135848,65922,695,4460
2020-08-31,615160,4263,136308,66272,350,3453
2020-09-01,619000,3840,135726,66536,264,4158
2020-09-02,625686,6686,136923,67390,854,4635
2020-09-03,630767,5081,137793,67984,594,3617
2020-09-04,636897,6130,138096,68514,530,5297
2020-09-05,643294,6397,139574,69053,539,4380
2020-09-06,649818,6524,141520,69544,491,4087
2020-09-07,654582,4764,142530,69784,240,3514
2020-09-08,658181,3599,141452,70014,230,4447
2020-09-09,663706,5525,141807,70740,726,4444
2020-09-10,668504,4798,142151,71371,631,3823
2020-09-11,673518,5014,142725,71943,572,3868
2020-09-12,679645,6127,143386,72495,552,4914
2020-09-13,685503,5858,145048,72930,435,3761
2020-09-14,690054,4551,145277,73154,224,4098
2020-09-15,693497,3443,144312,73390,236,4172
2020-09-16,698423,4926,143315,74040,650,5273
2020-09-17,703011,4588,143637,74350,310,3956
2020-09-18,706296,3285,143322,74558,208,3392
2020-09-19,711294,4998,143899,75203,645,3776
2020-09-20,716629,5335,144732,75673,470,4032
2020-09-21,720286,3657,145068,75916,243,3078
2020-09-22,723298,3012,144189,76127,211,3680
2020-09-23,728133,4835,144601,76800,673,3750
2020-09-24,733074,4941,145416,77421,621,3505
2020-09-25,738657,5583,145970,77927,506,4523
2020-09-26,744233,5576,147684,78345,418,3444
2020-09-27,749987,5754,149989,78757,412,3037
2020-09-28,753999,4012,151218,78950,193,2590
2020-09-29,757509,3510,151102,79129,179,3447
2020-09-30,762099,4590,151447,79707,578,3667
2020-10-01,767316,5217,153224,80206,499,2941
2020-10-02,772580,5264,154453,80652,446,3589
2020-10-03,777510,4930,154912,81080,428,4043
2020-10-04,782531,5021,155520,81481,401,4012
2020-10-05,786363,3832,154613,81697,216,4523
2020-10-06,789780,3417,153966,81877,180,3884
2020-10-07,794608,4828,154782,82348,471,3541
2020-10-08,799188,4580,155567,82726,378,3417
2020-10-09,804488,5300,137789,83096,370,22708
2020-10-10,809751,5263,138159,83507,411,4482
2020-10-11,814328,4577,139536,83642,135,3065
2020-10-12,817503,3175,139542,83781,139,3030
2020-10-13,821045,3542,139109,83945,164,3811
2020-10-14,825340,4295,139349,84420,475,3580
2020-10-15,829396,4056,140671,84898,478,2256
2020-10-16,834910,5514,141437,85285,387,4361
2020-10-17,841661,6751,143741,85704,419,4028
2020-10-18,847108,5447,145369,86059,355,3464
2020-10-19,851227,4119,146024,86167,108,3356
2020-10-20,854926,3699,145094,86338,171,4458
2020-10-21,860714,5788,146237,86893,555,4090
