time,total_cases,daily_cases,total_currently_infected,total_death,death_per_day,new_recoveries
2020-02-15,0,0,0,0,0,0
2020-02-16,0,0,0,0,0,0
2020-02-17,0,0,0,0,0,0
2020-02-18,0,0,0,0,0,0
2020-02-19,0,0,0,0,0,0
2020-02-20,0,0,0,0,0,0
2020-02-21,1,0,1,0,0,0
2020-02-22,1,0,1,0,0,0
2020-02-23,2,1,2,0,0,0
2020-02-24,2,0,2,0,0,0
2020-02-25,2,0,2,0,0,0
2020-02-26,2,0,2,0,0,0
2020-02-27,3,1,3,0,0,0
2020-02-28,7,4,6,0,0,1
2020-02-29,7,0,6,0,0,0
2020-03-01,10,3,9,0,0,0
2020-03-02,12,2,11,0,0,0
2020-03-03,12,0,11,0,0,0
2020-03-04,15,3,14,0,0,0
2020-03-05,17,2,15,0,0,1
2020-03-06,21,4,19,0,0,0
2020-03-07,25,4,22,0,0,1
2020-03-08,39,14,36,0,0,0
2020-03-09,50,11,46,0,0,1
2020-03-10,75,25,71,0,0,0
2020-03-11,97,22,93,0,0,0
2020-03-12,109,12,105,0,0,0
2020-03-13,143,34,139,0,0,0
2020-03-14,193,50,189,0,0,0
2020-03-15,213,20,209,0,0,0
2020-03-16,298,85,294,0,0,0
2020-03-17,337,39,326,0,0,7
2020-03-18,433,96,422,0,0,0
2020-03-19,677,244,663,0,0,3
2020-03-20,705,28,689,1,1,1
2020-03-21,883,178,846,1,0,21
2020-03-22,1071,188,1033,1,0,1
2020-03-23,1442,371,1400,1,0,4
2020-03-24,1930,488,1874,3,2,12
2020-03-25,2369,439,2306,5,2,5
2020-03-26,2693,324,2617,8,3,10
2020-03-27,3035,342,2944,12,4,11
2020-03-28,3619,584,3518,12,0,10
2020-03-29,4247,628,4100,15,3,43
2020-03-30,4695,448,4518,16,1,29
2020-03-31,5358,663,5114,20,4,63
2020-04-01,6092,734,5825,26,6,17
2020-04-02,6857,765,6483,36,10,97
2020-04-03,7428,571,6985,40,4,65
2020-04-04,7851,423,7380,44,4,24
2020-04-05,8430,579,7904,49,5,50
2020-04-06,8904,474,8262,57,8,108
2020-04-07,9248,344,8413,65,8,185
2020-04-08,9404,156,8530,73,8,31
2020-04-09,9968,564,8871,86,13,210
2020-04-10,10408,440,9130,95,9,172
2020-04-11,10743,335,9301,101,6,158
2020-04-12,11145,402,9415,103,2,286
2020-04-13,11586,441,9615,116,13,228
2020-04-14,12046,460,9728,123,7,340
2020-04-15,12501,455,9808,130,7,368
2020-04-16,12758,257,9798,142,12,255
2020-04-17,12982,224,9705,151,9,308
2020-04-18,13265,283,9645,164,13,330
2020-04-19,13491,226,9565,172,8,298
2020-04-20,13713,222,9487,177,5,295
2020-04-21,13942,229,9251,184,7,458
2020-04-22,14498,556,9094,189,5,708
2020-04-23,14803,305,9000,192,3,396
2020-04-24,15058,255,8861,194,2,392
2020-04-25,15298,240,8664,199,5,432
2020-04-26,15443,145,8511,201,2,296
2020-04-27,15555,112,8151,204,3,469
2020-04-28,15728,173,7772,210,6,546
2020-04-29,15834,106,7386,215,5,487
2020-04-30,15946,112,7163,222,7,328
2020-05-01,16101,155,6720,225,3,595
2020-05-02,16185,84,6363,229,4,437
2020-05-03,16208,23,6227,232,3,156
2020-05-04,16246,38,5947,235,3,315
2020-05-05,16289,43,5586,238,3,401
2020-05-06,16310,21,5434,239,1,172
2020-05-07,16381,71,5268,240,1,236
2020-05-08,16436,55,4962,245,5,356
2020-05-09,16454,18,4831,247,2,147
2020-05-10,16477,23,4795,252,5,54
2020-05-11,16506,29,4405,258,6,413
2020-05-12,16529,23,4186,260,2,240
2020-05-13,16548,19,4052,264,4,149
2020-05-14,16579,31,3793,265,1,289
2020-05-15,16589,10,3736,266,1,66
2020-05-16,16607,18,3484,268,2,268
2020-05-17,16617,10,3403,272,4,87
2020-05-18,16643,26,3114,276,4,311
2020-05-19,16659,16,2946,278,2,182
2020-05-20,16667,8,2884,279,1,69
2020-05-21,16683,16,2680,279,0,220
2020-05-22,16690,7,2496,279,0,191
2020-05-23,16712,22,2343,279,0,175
2020-05-24,16717,5,2285,279,0,63
2020-05-25,16734,17,2146,281,2,154
2020-05-26,16757,23,2019,281,0,150
2020-05-27,16793,36,1942,281,0,113
2020-05-28,16872,79,1909,284,3,109
2020-05-29,16987,115,1927,284,0,97
2020-05-30,17012,25,1917,284,0,35
2020-05-31,17071,59,1974,285,1,1
2020-06-01,17169,98,2006,285,0,66
2020-06-02,17285,116,2055,290,5,62
2020-06-03,17377,92,2103,291,1,43
2020-06-04,17495,118,2191,291,0,30
2020-06-05,17562,67,2245,291,0,13
2020-06-06,17752,190,2415,295,4,16
2020-06-07,17863,111,2474,298,3,49
2020-06-08,18032,169,2632,298,0,11
2020-06-09,18180,148,2722,299,1,57
2020-06-10,18355,175,2888,299,0,9
2020-06-11,18569,214,3019,300,1,82
2020-06-12,18795,226,3207,300,0,38
2020-06-13,18972,177,3315,300,0,69
2020-06-14,19055,83,3380,300,0,18
2020-06-15,19237,182,3520,302,2,40
2020-06-16,19495,258,3744,302,0,34
2020-06-17,19783,288,4021,303,1,10
2020-06-18,20036,253,4215,303,0,59
2020-06-19,20339,303,4449,304,1,68
2020-06-20,20633,294,4742,305,1,0
2020-06-21,20778,145,4778,306,1,108
2020-06-22,21082,304,5014,307,1,67
2020-06-23,21512,430,5335,308,1,108
2020-06-24,22044,532,5796,308,0,71
2020-06-25,22400,356,6084,309,1,67
2020-06-26,22800,400,5614,314,5,865
2020-06-27,23421,621,6102,317,3,130
2020-06-28,23755,334,6363,318,1,72
2020-06-29,24441,686,6904,319,1,144
2020-06-30,25244,803,7583,320,1,123
2020-07-01,26257,1013,8483,322,2,111
2020-07-02,27047,790,9176,324,2,95
2020-07-03,28055,1008,10060,326,2,122
2020-07-04,29170,1115,11024,330,4,147
2020-07-05,29958,788,11677,331,1,134
2020-07-06,30749,791,12359,334,3,106
2020-07-07,32222,1473,13653,342,8,171
2020-07-08,33557,1335,14875,344,2,111
2020-07-09,34825,1268,16025,348,4,114
2020-07-10,36266,1441,17302,351,3,161
2020-07-11,37464,1198,18296,354,3,201
2020-07-12,38670,1206,19300,362,8,194
2020-07-13,40632,1962,20872,365,3,387
2020-07-14,42360,1728,22324,371,6,270
2020-07-15,44188,1828,23823,376,5,324
2020-07-16,46059,1871,25305,384,8,381
2020-07-17,47459,1400,26323,392,8,374
2020-07-18,49365,1906,27616,401,9,604
2020-07-19,50289,924,28205,409,8,327
2020-07-20,52003,1714,29434,415,6,479
2020-07-21,54042,2039,30874,425,10,589
2020-07-22,56085,2043,32345,430,5,567
2020-07-23,57982,1897,33496,442,12,734
2020-07-24,59475,1493,32230,448,6,2753
2020-07-25,60678,1203,33304,457,9,120
2020-07-26,61956,1278,34461,470,13,108
2020-07-27,63985,2029,36378,474,4,108
2020-07-28,66293,2308,33625,486,12,5049
2020-07-29,68299,2006,35062,491,5,564
2020-07-30,70036,1737,26047,500,9,10743
2020-07-31,70970,934,26608,512,12,361
2020-08-01,72218,1248,26590,526,14,1252
2020-08-02,72815,597,26602,536,10,575
2020-08-03,74430,1615,26313,546,10,1894
2020-08-04,76198,1768,25803,561,15,2263
2020-08-05,77919,1721,25959,565,4,1561
2020-08-06,79559,1640,25556,576,11,2032
2020-08-07,80991,1432,25097,581,5,1886
2020-08-08,82324,1333,24660,593,12,1758
2020-08-09,83002,678,24869,600,7,462
2020-08-10,84722,1720,25111,613,13,1465
2020-08-11,86593,1871,25891,622,9,1082
2020-08-12,88151,1558,25403,639,17,2029
2020-08-13,89822,1671,24425,651,12,2637
2020-08-14,91080,1258,23450,665,14,2219
2020-08-15,92233,1153,23609,674,9,985
2020-08-16,92680,447,23485,685,11,560
2020-08-17,94751,2071,23768,692,7,1781
2020-08-18,96409,1658,23711,708,16,1699
2020-08-19,97969,1560,24096,781,73,1102
2020-08-20,99599,1630,24225,795,14,1487
2020-08-21,100716,1117,22122,809,14,3206
2020-08-22,101933,1217,22463,819,10,866
2020-08-23,102663,730,22315,834,15,863
2020-08-24,104472,1809,21983,847,13,2128
2020-08-25,106460,1988,21779,859,12,2180
2020-08-26,108403,1943,21062,875,16,2644
2020-08-27,110403,2000,21793,884,9,1260
2020-08-28,112000,1597,20055,894,10,3325
2020-08-29,113465,1465,20455,906,12,1053
2020-08-30,114020,555,20305,919,13,692
2020-08-31,116596,2576,20648,939,20,2213
2020-09-01,118538,1942,21367,957,18,1205
2020-09-02,121464,2926,23261,969,12,1020
2020-09-03,124455,2991,24825,985,16,1411
2020-09-04,126419,1964,25069,993,8,1712
2020-09-05,128936,2517,26448,1007,14,1124
2020-09-06,130644,1708,27148,1019,12,996
2020-09-07,133975,3331,27494,1026,7,2978
2020-09-08,137565,3590,29522,1040,14,1548
2020-09-09,141097,3532,31689,1054,14,1351
2020-09-10,145526,4429,34507,1077,23,1588
2020-09-11,148564,3038,35746,1090,13,1786
2020-09-12,152722,4158,38123,1103,13,1768
2020-09-13,155604,2882,39487,1119,16,1502
2020-09-14,160368,4764,40662,1136,17,3572
2020-09-15,164402,4034,42528,1147,11,2157
2020-09-16,170465,6063,46085,1161,14,2492
2020-09-17,175256,4791,47758,1169,8,3110
2020-09-18,179071,3815,47851,1196,27,3695
2020-09-19,183602,4531,49927,1226,30,2425
2020-09-20,187902,4300,52577,1256,30,1620
2020-09-21,190929,3027,52876,1273,17,2711
2020-09-22,193374,2445,51338,1285,12,3971
2020-09-23,204690,11316,58402,1325,40,4212
2020-09-24,212115,7425,61924,1378,53,3850
2020-09-25,217899,5784,62913,1412,34,4761
2020-09-26,227100,9201,68122,1441,29,3963
2020-09-27,231026,3926,69629,1466,25,2394
2020-09-28,233265,2239,66567,1507,41,5260
2020-09-29,236926,3661,67594,1528,21,2613
2020-09-30,245494,8568,69419,1569,41,6702
2020-10-01,253490,7996,72400,1622,53,4962
2020-10-02,258920,5430,72165,1633,11,5654
2020-10-03,264443,5523,71510,1682,49,6129
2020-10-04,266775,2332,69427,1719,37,4378
2020-10-05,272309,5534,66197,1757,38,8726
2020-10-06,277026,4717,63832,1797,40,7042
2020-10-07,281481,4455,63044,1824,27,5216
2020-10-08,285336,3855,61901,1864,40,4958
2020-10-09,287858,2522,60724,1886,22,3677
2020-10-10,289875,2017,62209,1941,55,477
2020-10-11,290493,618,59855,1980,39,2933
2020-10-12,294031,3538,53329,2021,41,10023
2020-10-13,296652,2621,48786,2055,34,7130
2020-10-14,298500,1848,44691,2098,43,5900
2020-10-15,300201,1701,40848,2127,29,5515
2020-10-16,301896,1695,37252,2141,14,5277
2020-10-17,302770,874,35135,2190,49,2942
2020-10-18,303109,339,32807,2209,19,2648
2020-10-19,304876,1767,24219,2263,54,10301
2020-10-20,306162,1286,21379,2278,15,4111
2020-10-21,307335,1173,19569,2291,13,2970
2020-10-22,308247,912,17591,2319,28,2862
2020-10-23,308840,593,16381,2329,10,1793
2020-10-24,309413,573,15835,2372,43,1076
2020-10-25,309946,533,14440,2397,25,1903
2020-10-26,310851,905,13545,2452,55,1745
2020-10-27,311724,873,12585,2483,31,1802
2020-10-28,312550,826,12013,2494,11,1387
2020-10-29,313114,564,11167,2508,14,1396
2020-10-30,313701,587,11365,2514,6,383
2020-10-31,314422,721,10642,2539,25,1419
