time,total_cases,daily_cases,total_currently_infected,total_death,death_per_day
2020-02-15,0,0,0,0,0
2020-02-16,0,0,0,0,0
2020-02-17,0,0,0,0,0
2020-02-18,0,0,0,0,0
2020-02-19,0,0,0,0,0
2020-02-20,0,0,0,0,0
2020-02-21,0,0,0,0,0
2020-02-22,0,0,0,0,0
2020-02-23,0,0,0,0,0
2020-02-24,0,0,0,0,0
2020-02-25,0,0,0,0,0
2020-02-26,0,0,0,0,0
2020-02-27,0,0,0,0,0
2020-02-28,0,0,0,0,0
2020-02-29,0,0,0,0,0
2020-03-01,0,0,0,0,0
2020-03-02,0,0,0,0,0
2020-03-03,0,0,0,0,0
2020-03-04,0,0,0,0,0
2020-03-05,0,0,0,0,0
2020-03-06,0,0,0,0,0
2020-03-07,0,0,0,0,0
2020-03-08,0,0,0,0,0
2020-03-09,0,0,0,0,0
2020-03-10,0,0,0,0,0
2020-03-11,0,0,0,0,0
2020-03-12,0,0,0,0,0
2020-03-13,0,0,0,0,0
2020-03-14,0,0,0,0,0
2020-03-15,0,0,0,0,0
2020-03-16,0,0,0,0,0
2020-03-17,0,0,0,0,0
2020-03-18,0,0,0,0,0
2020-03-19,0,0,0,0,0
2020-03-20,2,0,2,0,0
2020-03-21,2,0,2,0,0
2020-03-22,2,0,2,0,0
2020-03-23,6,4,6,0,0
2020-03-24,7,1,7,0,0
2020-03-25,8,1,8,0,0
2020-03-26,8,0,8,0,0
2020-03-27,8,0,8,0,0
2020-03-28,8,0,8,0,0
2020-03-29,15,7,14,0,0
2020-03-30,15,0,14,0,0
2020-03-31,15,0,14,0,0
2020-04-01,16,1,15,0,0
2020-04-02,16,0,15,0,0
2020-04-03,18,2,17,0,0
2020-04-04,20,2,19,0,0
2020-04-05,21,1,19,1,0
2020-04-06,24,3,23,1,0
2020-04-07,25,1,24,1,0
2020-04-08,27,2,26,1,0
2020-04-09,30,3,28,2,1
2020-04-10,31,1,29,2,0
2020-04-11,33,2,31,2,0
2020-04-12,33,0,30,3,1
2020-04-13,40,7,37,3,0
2020-04-14,40,0,37,3,0
2020-04-15,41,1,38,3,0
2020-04-16,41,0,38,3,0
2020-04-17,43,2,40,3,0
2020-04-18,44,1,41,3,0
2020-04-19,47,3,44,3,0
2020-04-20,57,10,54,3,0
2020-04-21,57,0,54,3,0
2020-04-22,62,5,56,4,1
2020-04-23,72,10,65,5,1
2020-04-24,72,0,65,5,0
2020-04-25,72,0,60,6,1
2020-04-26,74,2,61,6,0
2020-04-27,74,0,61,6,0
2020-04-28,76,2,62,6,0
2020-04-29,76,0,62,6,0
2020-04-30,81,5,65,8,2
2020-05-01,85,4,67,8,0
2020-05-02,85,0,67,8,0
2020-05-03,85,0,67,8,0
2020-05-04,100,15,79,11,3
2020-05-05,101,1,79,12,1
2020-05-06,101,0,79,12,0
2020-05-07,129,28,101,12,0
2020-05-08,146,17,117,12,0
2020-05-09,151,5,122,12,0
2020-05-10,182,31,150,15,3
2020-05-11,182,0,150,15,0
2020-05-12,209,27,176,16,1
2020-05-13,219,10,184,18,2
2020-05-14,234,15,199,18,0
2020-05-15,273,39,235,20,2
2020-05-16,358,85,309,20,0
2020-05-17,456,98,415,20,0
2020-05-18,533,77,491,21,1
2020-05-19,533,0,491,21,0
2020-05-20,596,63,553,22,1
2020-05-21,663,67,620,22,0
2020-05-22,734,71,688,25,3
2020-05-23,812,78,765,25,0
2020-05-24,865,53,817,26,1
2020-05-25,958,93,909,27,1
2020-05-26,1063,105,1010,31,4
2020-05-27,1174,111,1119,33,2
2020-05-28,1320,146,1264,34,1
2020-05-29,1443,123,1386,35,1
2020-05-30,1584,141,1527,35,0
2020-05-31,1865,281,1800,41,6
2020-06-01,2124,259,2056,44,3
2020-06-02,2226,102,2157,45,1
2020-06-03,2507,281,2435,48,3
2020-06-04,2640,133,2566,50,2
2020-06-05,2740,100,2666,50,0
2020-06-06,3072,332,2998,50,0
2020-06-07,3072,0,2998,50,0
2020-06-08,3334,262,3259,51,1
2020-06-09,3538,204,3460,54,3
2020-06-10,3662,124,3582,56,2
2020-06-11,3796,134,3714,58,2
2020-06-12,3941,145,3853,64,6
2020-06-13,3941,0,3853,64,0
2020-06-14,4165,224,4071,70,6
2020-06-15,4309,144,4212,73,3
2020-06-16,4441,132,4341,76,3
2020-06-17,4547,106,4443,80,4
2020-06-18,4688,141,4582,82,2
2020-06-19,4916,228,4808,84,2
2020-06-20,4980,64,4869,87,3
2020-06-21,5077,97,4965,88,1
2020-06-22,5211,134,5099,88,0
2020-06-23,5211,0,4785,88,0
2020-06-24,5324,113,4799,89,1
2020-06-25,5429,105,4825,92,3
2020-06-26,5543,114,4935,96,4
2020-06-27,5722,179,4983,98,2
2020-06-28,5777,55,4971,100,2
2020-06-29,5847,70,4956,104,4
2020-06-30,5933,86,4989,105,1
2020-07-01,5975,42,4939,105,0
2020-07-02,6040,65,4901,107,2
2020-07-03,6101,61,4850,110,3
2020-07-04,6230,129,4834,110,0
2020-07-05,6294,64,4773,113,3
2020-07-06,6333,39,4671,113,0
2020-07-07,6371,38,4434,113,0
2020-07-08,6432,61,4235,117,4
2020-07-09,6486,54,4182,123,6
2020-07-10,6582,96,3993,130,7
2020-07-11,6617,35,3892,135,5
2020-07-12,6690,73,3961,139,4
2020-07-13,6727,37,3664,139,0
2020-07-14,6727,0,3564,141,2
2020-07-15,6831,104,3405,143,2
2020-07-16,6902,71,3273,145,2
2020-07-17,6948,46,3197,145,0
2020-07-18,6975,27,3091,146,1
2020-07-19,7053,78,3030,146,0
2020-07-20,7053,0,3030,146,0
2020-07-21,7100,47,2854,151,5
2020-07-22,7146,46,2897,154,3
2020-07-23,7167,21,2918,154,0
2020-07-24,7197,30,2807,154,0
2020-07-25,7260,63,2868,156,2
2020-07-26,7297,37,2775,157,1
2020-07-27,7315,18,2793,157,0
2020-07-28,7340,25,2817,158,1
2020-07-29,7371,31,2746,158,0
2020-07-30,7378,7,2752,159,1
2020-07-31,7412,34,2784,161,2
2020-08-01,7424,12,2657,161,0
2020-08-02,7468,44,2697,165,4
2020-08-03,7476,8,2705,165,0
2020-08-04,7511,35,2513,166,1
2020-08-05,7532,21,2529,171,5
2020-08-06,7544,12,2541,171,0
2020-08-07,7582,38,2579,171,0
2020-08-08,7599,17,2529,177,6
2020-08-09,7611,12,2536,182,5
2020-08-10,7634,23,2469,183,1
2020-08-11,7649,15,2484,183,0
2020-08-12,7743,94,2433,187,4
2020-08-13,7781,38,2466,192,5
2020-08-14,7810,29,2495,192,0
2020-08-15,7831,21,2400,196,4
2020-08-16,7879,48,2448,196,0
2020-08-17,7897,18,2466,196,0
2020-08-18,7921,24,2490,196,0
2020-08-19,7949,28,2416,196,0
2020-08-20,7997,48,2354,196,0
2020-08-21,8016,19,2373,196,0
2020-08-22,8050,34,2407,196,0
2020-08-23,8082,32,2262,196,0
2020-08-24,8110,28,2290,196,0
2020-08-25,8112,2,2292,196,0
2020-08-26,8122,10,2248,197,1
2020-08-27,8151,29,2208,200,3
2020-08-28,8161,10,2217,201,1
2020-08-29,8174,13,2230,201,0
2020-08-30,8209,35,2180,201,0
2020-08-31,8224,15,2195,201,0
2020-09-01,8230,6,2199,203,2
2020-09-02,8258,28,2182,206,3
2020-09-03,8301,43,2221,210,4
2020-09-04,8326,25,2244,212,2
2020-09-05,8336,10,2191,212,0
2020-09-06,8360,24,2213,214,2
2020-09-07,8362,2,2215,214,0
2020-09-08,8376,14,2171,214,0
2020-09-09,8384,8,2179,214,0
2020-09-10,8429,45,2223,215,1
2020-09-11,8457,28,2121,216,1
2020-09-12,8478,21,2139,219,3
2020-09-13,8493,15,2154,219,0
2020-09-14,8499,6,2160,219,0
2020-09-15,8530,31,2129,220,1
2020-09-16,8541,11,2063,220,0
2020-09-17,8556,15,2021,220,0
2020-09-18,8600,44,2016,221,1
2020-09-19,8615,15,2031,221,0
2020-09-20,8619,4,2035,221,0
2020-09-21,8624,5,1921,221,0
2020-09-22,8633,9,1928,223,2
2020-09-23,8646,13,1870,225,2
2020-09-24,8668,22,1890,227,2
2020-09-25,8684,16,1906,227,0
2020-09-26,8723,39,1945,227,0
2020-09-27,8740,17,1825,227,0
2020-09-28,8740,0,1756,227,0
2020-09-29,8740,0,1756,227,0
2020-09-30,8766,26,1708,229,2
2020-10-01,8781,15,1645,229,0
2020-10-02,8792,11,1614,229,0
2020-10-03,8811,19,1633,229,0
2020-10-04,8819,8,1598,229,0
2020-10-05,8827,8,1606,229,0
2020-10-06,8838,11,1596,229,0
2020-10-07,8838,0,1596,229,0
2020-10-08,8854,16,1611,230,1
2020-10-09,8854,0,1611,230,0
2020-10-10,8860,6,1526,230,0
2020-10-11,8882,22,1548,230,0
2020-10-12,8882,0,1548,230,0
2020-10-13,8887,5,1517,230,0
2020-10-14,8908,21,1495,231,1
2020-10-15,8925,17,1512,231,0
2020-10-16,8925,0,1512,231,0
2020-10-17,8956,31,1512,231,0
2020-10-18,8964,8,1520,231,0
2020-10-19,8976,12,1442,231,0
2020-10-20,8976,0,1442,231,0
2020-10-21,8979,3,1445,231,0
2020-10-22,9007,28,1465,231,0
2020-10-23,9015,8,1423,231,0
2020-10-24,9015,0,1423,231,0
2020-10-25,9026,11,1421,232,1
2020-10-26,9026,0,1421,232,0
2020-10-27,9040,14,1397,232,0
2020-10-28,9046,6,1392,232,0
2020-10-29,9057,11,1396,232,0
2020-10-30,9057,0,1396,232,0
2020-10-31,9057,0,1396,232,0
