time,total_cases,daily_cases,total_currently_infected,total_death,death_per_day
2020-02-15,0,0,0,0,0
2020-02-16,0,0,0,0,0
2020-02-17,0,0,0,0,0
2020-02-18,0,0,0,0,0
2020-02-19,0,0,0,0,0
2020-02-20,0,0,0,0,0
2020-02-21,0,0,0,0,0
2020-02-22,0,0,0,0,0
2020-02-23,0,0,0,0,0
2020-02-24,0,0,0,0,0
2020-02-25,0,0,0,0,0
2020-02-26,0,0,0,0,0
2020-02-27,0,0,0,0,0
2020-02-28,0,0,0,0,0
2020-02-29,0,0,0,0,0
2020-03-01,0,0,0,0,0
2020-03-02,0,0,0,0,0
2020-03-03,0,0,0,0,0
2020-03-04,0,0,0,0,0
2020-03-05,7,0,7,0,0
2020-03-06,16,9,16,0,0
2020-03-07,19,3,19,0,0
2020-03-08,19,0,19,0,0
2020-03-09,26,7,26,0,0
2020-03-10,31,5,31,0,0
2020-03-11,31,0,31,0,0
2020-03-12,32,1,32,0,0
2020-03-13,36,4,36,0,0
2020-03-14,39,3,39,0,0
2020-03-15,39,0,39,0,0
2020-03-16,40,1,40,0,0
2020-03-17,43,3,43,0,0
2020-03-18,43,0,43,0,0
2020-03-19,45,2,45,0,0
2020-03-20,47,2,30,0,0
2020-03-21,50,3,33,0,0
2020-03-22,57,7,40,0,0
2020-03-23,57,0,40,0,0
2020-03-24,58,1,42,0,0
2020-03-25,63,5,46,1,0
2020-03-26,84,21,66,1,0
2020-03-27,91,7,73,1,0
2020-03-28,98,7,79,1,0
2020-03-29,106,8,87,1,0
2020-03-30,117,11,98,1,0
2020-03-31,119,2,100,1,0
2020-04-01,133,14,114,1,0
2020-04-02,154,21,135,1,0
2020-04-03,193,39,171,1,0
2020-04-04,217,24,195,1,0
2020-04-05,236,19,210,1,0
2020-04-06,254,18,229,1,0
2020-04-07,261,7,218,1,0
2020-04-08,263,2,218,1,0
2020-04-09,263,0,218,1,0
2020-04-10,267,4,220,2,1
2020-04-11,268,1,209,2,0
2020-04-12,271,3,211,2,0
2020-04-13,274,3,214,2,0
2020-04-14,288,14,224,2,0
2020-04-15,291,3,226,2,0
2020-04-16,295,4,230,2,0
2020-04-17,307,12,236,2,0
2020-04-18,313,6,242,2,0
2020-04-19,322,9,249,2,0
2020-04-20,329,7,256,2,0
2020-04-21,334,5,261,2,0
2020-04-22,335,1,262,2,0
2020-04-23,336,1,242,2,0
2020-04-24,340,4,246,2,0
2020-04-25,342,2,248,2,0
2020-04-26,342,0,257,2,0
2020-04-27,342,0,257,2,0
2020-04-28,343,1,270,2,0
2020-04-29,344,1,271,2,0
2020-04-30,344,0,266,2,0
2020-05-01,353,9,275,2,0
2020-05-02,353,0,275,2,0
2020-05-03,353,0,274,2,0
2020-05-04,362,9,258,2,0
2020-05-05,371,9,242,2,0
2020-05-06,374,3,198,2,0
2020-05-07,375,1,197,2,0
2020-05-08,375,0,145,2,0
2020-05-09,375,0,145,2,0
2020-05-10,375,0,110,2,0
2020-05-11,375,0,72,2,0
2020-05-12,375,0,65,2,0
2020-05-13,375,0,63,2,0
2020-05-14,375,0,63,2,0
2020-05-15,375,0,58,2,0
2020-05-16,376,1,45,2,0
2020-05-17,381,5,44,2,0
2020-05-18,388,7,49,2,0
2020-05-19,391,3,43,2,0
2020-05-20,398,7,50,2,0
2020-05-21,423,25,75,2,0
2020-05-22,423,0,75,2,0
2020-05-23,423,0,72,3,1
2020-05-24,423,0,63,3,0
2020-05-25,423,0,63,3,0
2020-05-26,429,6,61,3,0
2020-05-27,434,5,66,3,0
2020-05-28,446,12,75,3,0
2020-05-29,446,0,75,3,0
2020-05-30,447,1,76,3,0
2020-05-31,448,1,73,3,0
2020-06-01,449,1,74,3,0
2020-06-02,451,2,76,3,0
2020-06-03,457,6,82,3,0
2020-06-04,464,7,84,3,0
2020-06-05,464,0,84,3,0
2020-06-06,464,0,61,3,0
2020-06-07,472,8,66,3,0
2020-06-08,473,1,66,3,0
2020-06-09,481,8,74,3,0
2020-06-10,485,4,72,3,0
2020-06-11,487,2,74,3,0
2020-06-12,489,2,72,3,0
2020-06-13,489,0,71,3,0
2020-06-14,492,3,74,3,0
2020-06-15,505,13,87,3,0
2020-06-16,514,9,96,3,0
2020-06-17,555,41,137,3,0
2020-06-18,600,45,182,3,0
2020-06-19,675,75,235,3,0
2020-06-20,784,109,344,3,0
2020-06-21,833,49,391,3,0
2020-06-22,1001,168,556,3,0
2020-06-23,1169,168,724,3,0
2020-06-24,1328,159,883,3,0
2020-06-25,1382,54,933,3,0
2020-06-26,1557,175,1108,3,0
2020-06-27,1815,258,1365,4,1
2020-06-28,1990,175,1539,4,0
2020-06-29,2185,195,1733,5,1
2020-06-30,2428,243,1969,8,3
2020-07-01,2758,330,2290,8,0
2020-07-02,3080,322,2611,9,1
2020-07-03,3334,254,2860,11,2
2020-07-04,3835,501,3359,13,2
2020-07-05,4277,442,3770,16,3
2020-07-06,4341,64,3833,17,1
2020-07-07,4647,306,4135,18,1
2020-07-08,5029,382,4515,20,2
2020-07-09,5220,191,4671,24,4
2020-07-10,5551,331,4988,27,3
2020-07-11,5931,380,5362,33,6
2020-07-12,6230,299,5252,36,3
2020-07-13,6566,336,5443,39,3
2020-07-14,6764,198,5636,44,5
2020-07-15,7064,300,5936,44,0
2020-07-16,7412,348,6048,51,7
2020-07-17,7764,352,6219,53,2
2020-07-18,8204,440,6549,59,6
2020-07-19,8549,345,6566,62,3
2020-07-20,8916,367,6932,63,1
2020-07-21,9228,312,7232,64,1
2020-07-22,9398,170,7382,66,2
2020-07-23,9744,346,6957,67,1
2020-07-24,10093,349,7303,70,3
2020-07-25,10306,213,6949,75,5
2020-07-26,10469,163,6641,76,1
2020-07-27,10621,152,6791,78,2
2020-07-28,10938,317,7107,79,1
2020-07-29,11284,346,6371,80,1
2020-07-30,11548,264,6451,81,1
2020-07-31,11837,289,6678,82,1
2020-08-01,12160,323,6753,83,1
2020-08-02,12297,137,6823,84,1
2020-08-03,12541,244,7067,84,0
2020-08-04,12770,229,6265,86,2
2020-08-05,13065,295,6358,89,3
2020-08-06,13398,333,6399,92,3
2020-08-07,13722,324,6418,94,2
2020-08-08,13928,206,6126,96,2
2020-08-09,14208,280,6166,97,1
2020-08-10,14510,302,6365,100,3
2020-08-11,14875,365,6590,104,4
2020-08-12,15184,309,6710,105,1
2020-08-13,15491,307,6199,106,1
2020-08-14,15834,343,6346,106,0
2020-08-15,16153,319,6657,108,2
2020-08-16,16534,381,6586,110,2
2020-08-17,16844,310,6825,113,3
2020-08-18,17306,462,7254,113,0
2020-08-19,17606,300,7175,119,6
2020-08-20,17989,383,7187,120,1
2020-08-21,18313,324,7089,122,2
2020-08-22,18476,163,7248,125,3
2020-08-23,18802,326,6831,128,3
2020-08-24,19213,411,7210,133,5
2020-08-25,19678,465,6383,133,0
2020-08-26,20155,477,6089,137,4
2020-08-27,20677,522,6342,141,4
2020-08-28,21251,574,6815,145,4
2020-08-29,21668,417,6890,147,2
2020-08-30,22204,536,7265,152,5
2020-08-31,22729,525,7521,152,0
2020-09-01,23281,552,7784,159,7
2020-09-02,23875,594,8230,162,3
2020-09-03,24471,596,8209,167,5
2020-09-04,25142,671,8535,170,3
2020-09-05,25575,433,8737,177,7
2020-09-06,26127,552,9103,181,4
2020-09-07,26779,652,9325,184,3
2020-09-08,27363,584,9394,190,6
2020-09-09,27919,556,9261,192,2
2020-09-10,28664,745,9645,198,6
2020-09-11,29256,592,9264,204,6
2020-09-12,29906,650,9717,210,6
2020-09-13,30574,668,10271,221,11
2020-09-14,31362,788,9730,226,5
2020-09-15,32250,888,10217,229,3
2020-09-16,33006,756,10554,243,14
2020-09-17,33843,837,10539,244,1
2020-09-18,34401,558,10818,250,6
2020-09-19,35003,602,11304,253,3
2020-09-20,35686,683,11724,262,9
2020-09-21,36151,465,11458,265,3
2020-09-22,36580,429,10842,269,4
2020-09-23,37083,503,10523,272,3
2020-09-24,37591,508,10383,274,2
2020-09-25,37963,372,10502,278,4
2020-09-26,38253,290,10264,285,7
2020-09-27,38703,450,9344,291,6
2020-09-28,39121,418,8602,299,8
2020-09-29,39541,420,8188,306,7
2020-09-30,39899,358,7845,311,5
2020-10-01,40322,423,7427,318,7
2020-10-02,40766,444,7501,321,3
2020-10-03,41078,312,7307,329,8
2020-10-04,41498,420,6470,330,1
2020-10-05,41957,459,6436,339,9
2020-10-06,42432,475,6484,349,10
2020-10-07,42840,408,6532,355,6
2020-10-08,43256,416,6313,359,4
2020-10-09,43664,408,6375,367,8
2020-10-10,43945,281,6327,378,11
2020-10-11,44299,354,5976,381,3
2020-10-12,44684,385,6069,387,6
2020-10-13,45200,516,5968,391,4
2020-10-14,45658,458,5961,393,2
2020-10-15,46100,442,6114,401,8
2020-10-16,46434,334,6111,402,1
2020-10-17,46746,312,6182,402,0
2020-10-18,47135,389,6229,408,6
2020-10-19,47616,481,6342,413,5
2020-10-20,48129,513,6253,421,8
2020-10-21,48628,499,6266,427,6
2020-10-22,49134,506,6155,435,8
2020-10-23,49579,445,6290,439,4
2020-10-24,49989,410,6314,443,4
2020-10-25,50442,453,6402,448,5
2020-10-26,50952,510,6443,454,6
2020-10-27,51528,576,6626,458,4
2020-10-28,51948,420,6498,465,7
2020-10-29,52571,623,6650,473,8
2020-10-30,53075,504,6698,481,8
2020-10-31,53520,445,6728,483,2
