time,total_cases,daily_cases,total_currently_infected,total_death,death_per_day
2020-02-15,0,0,0,0,0
2020-02-16,0,0,0,0,0
2020-02-17,0,0,0,0,0
2020-02-18,0,0,0,0,0
2020-02-19,0,0,0,0,0
2020-02-20,0,0,0,0,0
2020-02-21,0,0,0,0,0
2020-02-22,0,0,0,0,0
2020-02-23,0,0,0,0,0
2020-02-24,0,0,0,0,0
2020-02-25,0,0,0,0,0
2020-02-26,0,0,0,0,0
2020-02-27,0,0,0,0,0
2020-02-28,0,0,0,0,0
2020-02-29,0,0,0,0,0
2020-03-01,0,0,0,0,0
2020-03-02,0,0,0,0,0
2020-03-03,0,0,0,0,0
2020-03-04,0,0,0,0,0
2020-03-05,0,0,0,0,0
2020-03-06,0,0,0,0,0
2020-03-07,0,0,0,0,0
2020-03-08,0,0,0,0,0
2020-03-09,0,0,0,0,0
2020-03-10,0,0,0,0,0
2020-03-11,0,0,0,0,0
2020-03-12,0,0,0,0,0
2020-03-13,2,0,2,0,0
2020-03-14,2,0,2,0,0
2020-03-15,17,15,17,0,0
2020-03-16,17,0,17,0,0
2020-03-17,33,16,33,0,0
2020-03-18,36,3,36,0,0
2020-03-19,42,6,42,0,0
2020-03-20,65,23,64,0,0
2020-03-21,70,5,55,0,0
2020-03-22,70,0,55,0,0
2020-03-23,84,14,69,0,0
2020-03-24,84,0,69,0,0
2020-03-25,106,22,91,0,0
2020-03-26,107,1,91,1,0
2020-03-27,113,6,80,2,1
2020-03-28,119,6,78,2,0
2020-03-29,119,0,77,3,1
2020-03-30,135,16,93,3,0
2020-03-31,135,0,93,3,0
2020-04-01,144,9,98,3,0
2020-04-02,146,2,98,5,2
2020-04-03,153,7,94,7,2
2020-04-04,155,2,96,7,0
2020-04-05,159,4,100,7,0
2020-04-06,165,6,93,7,0
2020-04-07,166,1,94,7,0
2020-04-08,167,1,93,9,2
2020-04-09,171,4,78,9,0
2020-04-10,175,4,82,9,0
2020-04-11,175,0,73,9,0
2020-04-12,181,6,79,9,0
2020-04-13,189,8,70,9,0
2020-04-14,189,0,70,9,0
2020-04-15,197,8,77,9,0
2020-04-16,204,7,84,9,0
2020-04-17,204,0,84,9,0
2020-04-18,227,23,101,9,0
2020-04-19,256,29,130,9,0
2020-04-20,285,29,158,10,1
2020-04-21,288,3,156,10,0
2020-04-22,298,10,166,10,0
2020-04-23,298,0,166,10,0
2020-04-24,318,20,176,10,0
2020-04-25,323,5,181,10,0
2020-04-26,325,2,178,10,0
2020-04-27,329,4,177,10,0
2020-04-28,329,0,177,10,0
2020-04-29,331,2,179,10,0
2020-04-30,333,2,181,10,0
2020-05-01,335,2,183,10,0
2020-05-02,345,10,187,10,0
2020-05-03,357,12,199,10,0
2020-05-04,357,0,189,10,0
2020-05-05,361,4,193,10,0
2020-05-06,379,18,193,10,0
2020-05-07,381,2,186,10,0
2020-05-08,388,7,188,10,0
2020-05-09,402,14,202,10,0
2020-05-10,414,12,211,10,0
2020-05-11,422,8,207,10,0
2020-05-12,423,1,193,10,0
2020-05-13,440,17,210,10,0
2020-05-14,455,15,225,10,0
2020-05-15,459,4,220,10,0
2020-05-16,504,45,253,10,0
2020-05-17,541,37,290,10,0
2020-05-18,618,77,355,10,0
2020-05-19,618,0,355,10,0
2020-05-20,824,206,552,10,0
2020-05-21,882,58,610,10,0
2020-05-22,944,62,672,10,0
2020-05-23,1010,66,738,10,0
2020-05-24,1121,111,849,10,0
2020-05-25,1177,56,865,10,0
2020-05-26,1211,34,898,11,1
2020-05-27,1245,34,932,11,0
2020-05-28,1325,80,1012,11,0
2020-05-29,1370,45,1054,14,3
2020-05-30,1459,89,1143,14,0
2020-05-31,1510,51,1194,14,0
2020-06-01,1662,152,1343,17,3
2020-06-02,1819,157,1467,18,1
2020-06-03,1952,133,1598,20,2
2020-06-04,2087,135,1733,20,0
2020-06-05,2145,58,1791,20,0
2020-06-06,2316,171,1909,22,2
2020-06-07,2377,61,1868,22,0
2020-06-08,2473,96,1964,22,0
2020-06-09,2632,159,2122,23,1
2020-06-10,2738,106,2228,23,0
2020-06-11,2814,76,2304,23,0
2020-06-12,2879,65,2369,23,0
2020-06-13,2904,25,2393,24,1
2020-06-14,2904,0,2393,24,0
2020-06-15,3062,158,2201,26,2
2020-06-16,3150,88,2288,27,1
2020-06-17,3386,236,2523,28,1
2020-06-18,3483,97,2620,28,0
2020-06-19,3591,108,2726,30,2
2020-06-20,3789,198,2921,33,3
2020-06-21,3917,128,3049,33,0
2020-06-22,4048,131,2686,35,2
2020-06-23,4187,139,2825,35,0
2020-06-24,4366,179,3001,38,3
2020-06-25,4563,197,3197,39,1
2020-06-26,4779,216,3411,41,2
2020-06-27,5130,351,3761,42,1
2020-06-28,5297,167,3604,44,2
2020-06-29,5530,233,3833,48,4
2020-06-30,5832,302,4132,51,3
2020-07-01,6062,230,4359,54,3
2020-07-02,6273,211,4116,57,3
2020-07-03,6537,264,4378,59,2
2020-07-04,6750,213,4588,62,3
2020-07-05,7169,419,5004,65,3
2020-07-06,7411,242,5243,68,3
2020-07-07,7693,282,5522,71,3
2020-07-08,8008,315,5833,75,4
2020-07-09,8372,364,5748,80,5
2020-07-10,8803,431,6049,83,3
2020-07-11,9178,375,6422,85,2
2020-07-12,9465,287,6705,89,4
2020-07-13,9707,242,6943,93,4
2020-07-14,10010,303,7243,96,3
2020-07-15,10428,418,7278,100,4
2020-07-16,10854,426,7495,104,4
2020-07-17,11191,337,7232,107,3
2020-07-18,11483,292,7401,110,3
2020-07-19,11891,408,7807,112,2
2020-07-20,12334,443,5374,116,4
2020-07-21,12774,440,5671,120,4
2020-07-22,13164,390,5569,124,4
2020-07-23,13613,449,5732,129,5
2020-07-24,14263,650,6002,134,5
2020-07-25,14929,666,5996,138,4
2020-07-26,15463,534,5575,142,4
2020-07-27,15988,525,5883,146,4
2020-07-28,16571,583,6225,151,5
2020-07-29,17158,587,6583,154,3
2020-07-30,17859,701,7280,158,4
2020-07-31,18574,715,7989,164,6
2020-08-01,19443,869,8145,169,5
2020-08-02,20206,763,8628,174,5
2020-08-03,20754,548,8952,180,6
2020-08-04,21438,684,9376,187,7
2020-08-05,22299,861,9958,195,8
2020-08-06,23280,981,10608,202,7
2020-08-07,24166,886,11488,208,6
2020-08-08,24961,795,11390,215,7
2020-08-09,25805,844,12226,223,8
2020-08-10,26800,995,9641,229,6
2020-08-11,27938,1138,7994,238,9
2020-08-12,29088,1150,7799,247,9
2020-08-13,30369,1281,8725,259,12
2020-08-14,31381,1012,9535,266,7
2020-08-15,32607,1226,10584,276,10
2020-08-16,33755,1148,10774,281,5
2020-08-17,34802,1047,10939,288,7
2020-08-18,35697,895,10839,297,9
2020-08-19,36868,1171,11149,303,6
2020-08-20,37567,699,10926,311,8
2020-08-21,38219,652,10596,317,6
2020-08-22,38957,738,10181,323,6
2020-08-23,39564,607,9269,329,6
2020-08-24,40338,774,8921,337,8
2020-08-25,41158,820,8800,343,6
2020-08-26,41965,807,8683,351,8
2020-08-27,42898,933,8393,358,7
2020-08-28,43879,981,8541,366,8
2020-08-29,44946,1067,8396,375,9
2020-08-30,45868,922,8396,381,6
2020-08-31,46728,860,8230,386,5
2020-09-01,47756,1028,8338,391,5
2020-09-02,48883,1127,8573,398,7
2020-09-03,49877,994,8901,402,4
2020-09-04,50973,1096,9312,412,10
2020-09-05,52165,1192,9739,420,8
2020-09-06,53289,1124,10855,428,8
2020-09-07,54350,1061,10161,436,8
2020-09-08,55563,1213,10684,444,8
2020-09-09,56751,1188,10981,452,8
2020-09-10,57823,1072,11238,460,8
2020-09-11,58663,840,11235,468,8
2020-09-12,59630,967,11424,477,9
2020-09-13,60540,910,11411,485,8
2020-09-14,61569,1029,11704,494,9
2020-09-15,62655,1086,11792,502,8
2020-09-16,63416,761,11631,511,9
2020-09-17,64284,868,11200,520,9
2020-09-18,65174,890,10426,530,10
2020-09-19,65949,775,10255,539,9
2020-09-20,66656,707,10013,547,8
2020-09-21,67443,787,10162,555,8
2020-09-22,68453,1010,10115,564,9
2020-09-23,69439,986,10106,574,10
2020-09-24,70406,967,10080,581,7
2020-09-25,71273,867,9973,591,10
2020-09-26,71940,667,9812,600,9
2020-09-27,72691,751,9658,606,6
2020-09-28,73528,837,9568,614,8
2020-09-29,74363,835,9542,621,7
2020-09-30,75122,759,9269,628,7
2020-10-01,76029,907,9149,635,7
2020-10-02,76820,791,8961,643,8
2020-10-03,77646,826,8899,649,6
2020-10-04,78434,788,8864,653,4
2020-10-05,79117,683,8627,658,5
2020-10-06,79796,679,8412,665,7
2020-10-07,80404,608,8202,671,6
2020-10-08,81019,615,8145,678,7
2020-10-09,81696,677,7992,684,6
2020-10-10,82453,757,7843,691,7
2020-10-11,83137,684,7776,697,6
2020-10-12,83756,619,7652,704,7
2020-10-13,84391,635,7419,710,6
2020-10-14,85005,614,7405,714,4
2020-10-15,85469,464,7060,720,6
2020-10-16,85758,289,6739,725,5
2020-10-17,86289,531,6711,731,6
2020-10-18,86636,347,6206,736,5
2020-10-19,87161,525,6104,741,5
2020-10-20,87644,483,6581,747,6
2020-10-21,88035,391,5656,753,6
2020-10-22,88416,381,5373,759,6
2020-10-23,88718,302,5055,764,5
2020-10-24,89142,424,4929,770,6
2020-10-25,89565,423,4845,773,3
2020-10-26,90047,482,4826,777,4
2020-10-27,90400,353,4713,780,3
2020-10-28,90876,476,4690,784,4
2020-10-29,91280,404,4594,789,5
2020-10-30,91589,309,4461,793,4
2020-10-31,92013,424,4442,798,5
