time,total_cases,daily_cases,total_currently_infected,total_death,death_per_day
2020-02-15,0,0,0,0,0
2020-02-16,0,0,0,0,0
2020-02-17,0,0,0,0,0
2020-02-18,0,0,0,0,0
2020-02-19,0,0,0,0,0
2020-02-20,0,0,0,0,0
2020-02-21,0,0,0,0,0
2020-02-22,0,0,0,0,0
2020-02-23,0,0,0,0,0
2020-02-24,0,0,0,0,0
2020-02-25,0,0,0,0,0
2020-02-26,0,0,0,0,0
2020-02-27,0,0,0,0,0
2020-02-28,0,0,0,0,0
2020-02-29,0,0,0,0,0
2020-03-01,0,0,0,0,0
2020-03-02,1,0,1,0,0
2020-03-03,2,1,2,0,0
2020-03-04,4,2,4,0,0
2020-03-05,4,0,4,0,0
2020-03-06,4,0,3,0,0
2020-03-07,4,0,3,0,0
2020-03-08,4,0,3,0,0
2020-03-09,4,0,3,0,0
2020-03-10,4,0,3,0,0
2020-03-11,4,0,3,0,0
2020-03-12,10,6,9,0,0
2020-03-13,21,11,19,0,0
2020-03-14,24,3,22,0,0
2020-03-15,24,0,22,0,0
2020-03-16,27,3,25,0,0
2020-03-17,27,0,25,0,0
2020-03-18,36,9,34,0,0
2020-03-19,36,0,34,0,0
2020-03-20,47,11,42,0,0
2020-03-21,56,9,51,0,0
2020-03-22,67,11,62,0,0
2020-03-23,79,12,71,0,0
2020-03-24,86,7,78,0,0
2020-03-25,99,13,90,0,0
2020-03-26,105,6,96,0,0
2020-03-27,119,14,108,0,0
2020-03-28,130,11,112,0,0
2020-03-29,142,12,115,0,0
2020-03-30,162,20,135,0,0
2020-03-31,175,13,135,0,0
2020-04-01,190,15,144,1,1
2020-04-02,195,5,139,1,0
2020-04-03,207,12,140,1,0
2020-04-04,219,12,145,2,1
2020-04-05,222,3,138,2,0
2020-04-06,226,4,132,2,0
2020-04-07,237,11,130,2,0
2020-04-08,244,7,129,2,0
2020-04-09,250,6,125,2,0
2020-04-10,265,15,126,2,0
2020-04-11,278,13,124,2,0
2020-04-12,280,2,107,2,0
2020-04-13,291,11,111,2,0
2020-04-14,299,8,114,2,0
2020-04-15,314,15,122,2,0
2020-04-16,335,21,139,2,0
2020-04-17,342,7,142,2,0
2020-04-18,350,8,136,3,1
2020-04-19,367,17,144,3,0
2020-04-20,377,10,137,5,2
2020-04-21,412,35,165,5,0
2020-04-22,442,30,183,6,1
2020-04-23,479,37,216,6,0
2020-04-24,545,66,276,7,1
2020-04-25,614,69,331,7,0
2020-04-26,671,57,379,9,2
2020-04-27,736,65,443,9,0
2020-04-28,823,87,518,9,0
2020-04-29,882,59,558,9,0
2020-04-30,933,51,590,9,0
2020-05-01,1024,91,659,9,0
2020-05-02,1115,91,738,9,0
2020-05-03,1182,67,801,9,0
2020-05-04,1271,89,846,10,1
2020-05-05,1329,58,848,11,1
2020-05-06,1433,104,928,12,1
2020-05-07,1492,59,917,13,1
2020-05-08,1551,59,927,13,0
2020-05-09,1634,83,974,17,4
2020-05-10,1709,75,1040,19,2
2020-05-11,1886,177,1152,19,0
2020-05-12,1995,109,1234,19,0
2020-05-13,2105,110,1302,21,2
2020-05-14,2189,84,1324,23,2
2020-05-15,2310,121,1395,25,2
2020-05-16,2429,119,1455,25,0
2020-05-17,2480,51,1482,25,0
2020-05-18,2544,64,1442,26,1
2020-05-19,2617,73,1454,30,4
2020-05-20,2714,97,1498,30,0
2020-05-21,2812,98,1528,33,3
2020-05-22,2909,97,1565,33,0
2020-05-23,2976,67,1526,34,1
2020-05-24,3047,71,1556,35,1
2020-05-25,3130,83,1580,35,0
2020-05-26,3161,31,1560,36,1
2020-05-27,3253,92,1629,38,2
2020-05-28,3348,95,1623,39,1
2020-05-29,3429,81,1650,41,2
2020-05-30,3535,106,1732,42,1
2020-05-31,3645,110,1802,42,0
2020-06-01,3739,94,1839,42,0
2020-06-02,3836,97,1839,43,1
2020-06-03,3932,96,1824,45,2
2020-06-04,4021,89,1814,45,0
2020-06-05,4155,134,1834,45,0
2020-06-06,4249,94,1690,47,2
2020-06-07,4328,79,1691,49,2
2020-06-08,4427,99,1679,49,0
2020-06-09,4516,89,1655,52,3
2020-06-10,4640,124,1703,52,0
2020-06-11,4759,119,1710,55,3
2020-06-12,4851,92,1695,56,1
2020-06-13,4996,145,1708,60,4
2020-06-14,5090,94,1686,60,0
2020-06-15,5173,83,1685,64,4
2020-06-16,5247,74,1652,70,6
2020-06-17,5369,122,1690,73,3
2020-06-18,5475,106,1683,76,3
2020-06-19,5639,164,1772,79,3
2020-06-20,5783,144,1842,82,3
2020-06-21,5888,105,1885,84,2
2020-06-22,5970,82,1931,86,2
2020-06-23,6034,64,1899,89,3
2020-06-24,6129,95,1964,93,4
2020-06-25,6233,104,1977,94,1
2020-06-26,6354,121,2063,98,4
2020-06-27,6459,105,2102,102,4
2020-06-28,6586,127,2190,105,3
2020-06-29,6698,112,2249,108,3
2020-06-30,6793,95,2250,112,4
2020-07-01,6925,132,2264,116,4
2020-07-02,7054,129,2334,121,5
2020-07-03,7164,110,2373,125,4
2020-07-04,7272,108,2430,129,4
2020-07-05,7400,128,2397,133,4
2020-07-06,7478,78,2472,136,3
2020-07-07,7547,69,2387,137,1
2020-07-08,7657,110,2419,141,4
2020-07-09,7784,127,2472,143,2
2020-07-10,7882,98,2426,145,2
2020-07-11,8014,132,2488,145,0
2020-07-12,8135,121,2541,148,3
2020-07-13,8198,63,2534,150,2
2020-07-14,8243,45,2513,150,0
2020-07-15,8369,126,2611,153,3
2020-07-16,8481,112,2590,156,3
2020-07-17,8544,63,2575,160,4
2020-07-18,8669,125,2647,163,3
2020-07-19,8810,141,2695,167,4
2020-07-20,8948,138,2776,170,3
2020-07-21,8985,37,2767,174,4
2020-07-22,9121,136,2836,177,3
2020-07-23,9266,145,2918,178,1
2020-07-24,9422,156,2949,182,4
2020-07-25,9552,130,3001,187,5
2020-07-26,9681,129,3081,191,4
2020-07-27,9764,83,3093,194,3
2020-07-28,9805,41,3016,198,4
2020-07-29,9961,156,3106,200,2
2020-07-30,10106,145,3177,204,4
2020-07-31,10232,126,3251,205,1
2020-08-01,10284,52,3253,209,4
2020-08-02,10344,60,3297,209,0
2020-08-03,10386,42,3274,211,2
2020-08-04,10432,46,3298,214,3
2020-08-05,10538,106,3332,218,4
2020-08-06,10715,177,3391,223,5
2020-08-07,10887,172,3476,225,2
2020-08-08,11003,116,3445,229,4
2020-08-09,11175,172,3591,232,3
2020-08-10,11312,137,3686,236,4
2020-08-11,11380,68,3693,238,2
2020-08-12,11587,207,3822,242,4
2020-08-13,11740,153,3924,244,2
2020-08-14,11872,132,4008,249,5
2020-08-15,12032,160,4144,251,2
2020-08-16,12162,130,4232,253,2
2020-08-17,12237,75,4253,256,3
2020-08-18,12305,68,4282,256,0
2020-08-19,12446,141,4311,258,2
2020-08-20,12559,113,4248,261,3
2020-08-21,12689,130,4262,262,1
2020-08-22,12850,161,4419,266,4
2020-08-23,12949,99,4225,269,3
2020-08-24,13013,64,4146,272,3
2020-08-25,13056,43,4067,274,2
2020-08-26,13186,130,4059,275,1
2020-08-27,13294,108,4043,277,2
2020-08-28,13384,90,4014,279,2
2020-08-29,13456,72,3941,282,3
2020-08-30,13556,100,3884,284,2
2020-08-31,13611,55,3888,284,0
2020-09-01,13655,44,3887,284,0
2020-09-02,13743,88,3950,287,3
2020-09-03,13826,83,3986,287,0
2020-09-04,13881,55,3869,289,2
2020-09-05,13948,67,3807,290,1
2020-09-06,13987,39,3775,290,0
2020-09-07,14014,27,3686,291,1
2020-09-08,14044,30,3715,292,1
2020-09-09,14102,58,3633,293,1
2020-09-10,14150,48,3650,293,0
2020-09-11,14193,43,3550,293,0
2020-09-12,14237,44,3569,295,2
2020-09-13,14280,43,3463,297,2
2020-09-14,14306,26,3446,297,0
2020-09-15,14529,223,3539,298,1
2020-09-16,14568,39,3513,299,1
2020-09-17,14618,50,3395,300,1
2020-09-18,14645,27,3293,301,1
2020-09-19,14688,43,3233,302,1
2020-09-20,14714,26,3152,302,0
2020-09-21,14738,24,2978,302,0
2020-09-22,14759,21,2836,302,0
2020-09-23,14795,36,2774,303,1
2020-09-24,14816,21,2694,304,1
2020-09-25,14839,23,2625,304,0
2020-09-26,14869,30,2535,306,2
2020-09-27,14909,40,2488,308,2
2020-09-28,14919,10,2379,309,1
2020-09-29,14945,26,2300,310,1
2020-09-30,14982,37,2234,311,1
2020-10-01,15019,37,2170,311,0
2020-10-02,15051,32,2045,312,1
2020-10-03,15068,17,2005,312,0
2020-10-04,15094,26,1977,312,0
2020-10-05,15122,28,1940,312,0
2020-10-06,15141,19,1893,312,0
2020-10-07,15174,33,1863,313,1
2020-10-08,15190,16,1809,313,0
2020-10-09,15213,23,1764,313,0
2020-10-10,15244,31,1732,314,1
2020-10-11,15268,24,1657,314,0
2020-10-12,15292,24,1587,315,1
2020-10-13,15307,15,1484,315,0
2020-10-14,15331,24,1444,316,1
2020-10-15,15348,17,1395,316,0
2020-10-16,15368,20,1347,317,1
2020-10-17,15392,24,1319,317,0
2020-10-18,15418,26,1287,317,0
2020-10-19,15432,14,1248,319,2
2020-10-20,15459,27,1217,320,1
2020-10-21,15484,25,1188,321,1
2020-10-22,15508,24,1161,321,0
2020-10-23,15525,17,1122,321,0
2020-10-24,15543,18,1061,321,0
2020-10-25,15551,8,976,321,0
2020-10-26,15565,14,927,322,1
2020-10-27,15571,6,812,322,0
2020-10-28,15582,11,695,322,0
2020-10-29,15593,11,610,323,1
2020-10-30,15605,12,550,323,0
2020-10-31,15616,11,439,324,1
