time,total_cases,daily_cases,total_currently_infected,total_death,death_per_day
2020-02-15,0,0,0,0,0
2020-02-16,0,0,0,0,0
2020-02-17,0,0,0,0,0
2020-02-18,0,0,0,0,0
2020-02-19,0,0,0,0,0
2020-02-20,0,0,0,0,0
2020-02-21,0,0,0,0,0
2020-02-22,0,0,0,0,0
2020-02-23,0,0,0,0,0
2020-02-24,0,0,0,0,0
2020-02-25,0,0,0,0,0
2020-02-26,0,0,0,0,0
2020-02-27,0,0,0,0,0
2020-02-28,0,0,0,0,0
2020-02-29,0,0,0,0,0
2020-03-01,0,0,0,0,0
2020-03-02,0,0,0,0,0
2020-03-03,0,0,0,0,0
2020-03-04,0,0,0,0,0
2020-03-05,2,0,2,0,0
2020-03-06,3,1,3,0,0
2020-03-07,3,0,3,0,0
2020-03-08,3,0,3,0,0
2020-03-09,5,2,5,0,0
2020-03-10,7,2,7,0,0
2020-03-11,7,0,7,0,0
2020-03-12,11,4,11,0,0
2020-03-13,18,7,18,0,0
2020-03-14,21,3,21,0,0
2020-03-15,24,3,24,0,0
2020-03-16,25,1,23,0,0
2020-03-17,34,9,32,0,0
2020-03-18,39,5,37,0,0
2020-03-19,64,25,62,0,0
2020-03-20,89,25,87,0,0
2020-03-21,93,4,90,1,0
2020-03-22,126,33,123,1,0
2020-03-23,136,10,133,1,0
2020-03-24,168,32,163,3,2
2020-03-25,176,8,171,3,0
2020-03-26,191,15,186,3,0
2020-03-27,237,46,228,4,1
2020-03-28,278,41,264,6,2
2020-03-29,323,45,309,6,0
2020-03-30,368,45,341,10,4
2020-03-31,420,52,390,13,3
2020-04-01,459,39,427,13,0
2020-04-02,533,74,497,16,3
2020-04-03,579,46,535,17,1
2020-04-04,624,45,573,21,4
2020-04-05,654,30,601,23,2
2020-04-06,674,20,598,29,6
2020-04-07,764,90,663,33,4
2020-04-08,804,40,691,34,1
2020-04-09,858,54,722,35,1
2020-04-10,901,43,736,36,1
2020-04-11,946,45,770,37,1
2020-04-12,1009,63,777,39,2
2020-04-13,1037,28,792,39,0
2020-04-14,1083,46,807,40,1
2020-04-15,1110,27,816,41,1
2020-04-16,1167,57,847,43,2
2020-04-17,1214,47,848,46,3
2020-04-18,1268,54,883,47,1
2020-04-19,1285,17,890,48,1
2020-04-20,1309,24,879,49,1
2020-04-21,1342,33,854,51,2
2020-04-22,1368,26,855,53,2
2020-04-23,1413,45,874,54,1
2020-04-24,1421,8,828,55,1
2020-04-25,1486,65,837,57,2
2020-04-26,1516,30,833,59,2
2020-04-27,1565,49,846,60,1
2020-04-28,1585,20,840,63,3
2020-04-29,1677,92,902,65,2
2020-04-30,1757,80,961,69,4
2020-05-01,1781,24,956,70,1
2020-05-02,1839,58,988,72,2
2020-05-03,1857,18,955,77,5
2020-05-04,1926,69,993,78,1
2020-05-05,1946,20,956,79,1
2020-05-06,1987,41,973,86,7
2020-05-07,2027,40,983,90,4
2020-05-08,2070,43,1012,98,8
2020-05-09,2090,20,929,102,4
2020-05-10,2117,27,904,107,5
2020-05-11,2141,24,914,113,6
2020-05-12,2158,17,873,117,4
2020-05-13,2181,23,833,120,3
2020-05-14,2218,37,824,122,2
2020-05-15,2236,18,772,128,6
2020-05-16,2267,31,783,129,1
2020-05-17,2290,23,721,133,4
2020-05-18,2304,14,707,133,0
2020-05-19,2321,17,665,134,1
2020-05-20,2338,17,645,136,2
2020-05-21,2350,12,614,140,4
2020-05-22,2372,22,617,141,1
2020-05-23,2391,19,588,141,0
2020-05-24,2401,10,577,144,3
2020-05-25,2406,5,564,146,2
2020-05-26,2416,10,546,149,3
2020-05-27,2435,19,540,151,2
2020-05-28,2462,27,528,153,2
2020-05-29,2485,23,529,153,0
2020-05-30,2494,9,510,153,0
2020-05-31,2510,16,495,153,0
2020-06-01,2524,14,482,154,1
2020-06-02,2535,11,468,157,3
2020-06-03,2551,16,455,157,0
2020-06-04,2594,43,485,158,1
2020-06-05,2606,12,480,158,0
2020-06-06,2636,30,510,158,0
2020-06-07,2673,37,546,159,1
2020-06-08,2704,31,521,160,1
2020-06-09,2728,24,519,160,0
2020-06-10,2775,47,551,161,1
2020-06-11,2832,57,571,161,0
2020-06-12,2893,61,611,163,2
2020-06-13,2893,0,611,163,0
2020-06-14,2893,0,611,163,0
2020-06-15,3039,146,713,164,1
2020-06-16,3084,45,739,167,3
2020-06-17,3144,60,780,167,0
2020-06-18,3202,58,816,167,0
2020-06-19,3288,86,879,168,1
2020-06-20,3354,66,944,169,1
2020-06-21,3431,77,1021,169,0
2020-06-22,3525,94,1084,171,2
2020-06-23,3588,63,1131,172,1
2020-06-24,3676,88,1206,173,1
2020-06-25,3796,120,1299,175,2
2020-06-26,3935,139,1419,178,3
2020-06-27,3935,0,1419,178,0
2020-06-28,3935,0,1419,178,0
2020-06-29,4325,390,1775,184,6
2020-06-30,4453,128,1865,186,2
2020-07-01,4606,153,1986,188,2
2020-07-02,4788,182,2084,189,1
2020-07-03,4962,174,2221,191,2
2020-07-04,4962,0,2221,191,0
2020-07-05,4962,0,2221,191,0
2020-07-06,5458,496,2661,199,8
2020-07-07,5621,163,2721,207,8
2020-07-08,5869,248,2891,209,2
2020-07-09,6086,217,3057,214,5
2020-07-10,6402,316,3149,216,2
2020-07-11,6719,317,3422,219,3
2020-07-12,6877,158,3541,221,2
2020-07-13,6981,104,3576,226,5
2020-07-14,7105,124,3699,227,1
2020-07-15,7411,306,3841,235,8
2020-07-16,7681,270,3907,240,5
2020-07-17,7908,227,4051,245,5
2020-07-18,8161,253,4267,246,1
2020-07-19,8340,179,4422,249,3
2020-07-20,8479,139,4469,255,6
2020-07-21,8787,308,4520,264,9
2020-07-22,9115,328,4688,268,4
2020-07-23,9462,347,4821,274,6
2020-07-24,9767,305,4932,280,6
2020-07-25,9767,0,4932,280,0
2020-07-26,10315,548,5473,287,7
2020-07-27,10498,183,5274,294,7
2020-07-28,10766,268,5249,297,3
2020-07-29,11127,361,5370,316,19
2020-07-30,11444,317,5530,328,12
2020-07-31,11876,432,5578,339,11
2020-08-01,11876,0,5578,339,0
2020-08-02,12296,420,5632,352,13
2020-08-03,12462,166,5741,362,10
2020-08-04,12856,394,5891,373,11
2020-08-05,13138,282,5920,379,6
2020-08-06,13396,258,5970,384,5
2020-08-07,13687,291,5920,394,10
2020-08-08,13687,0,5920,394,0
2020-08-09,13687,0,5920,394,0
2020-08-10,14498,811,5914,425,31
2020-08-11,14708,210,5850,447,22
2020-08-12,14961,253,5681,453,6
2020-08-13,15184,223,5570,458,5
2020-08-14,15535,351,5722,469,11
2020-08-15,15801,266,5711,471,2
2020-08-16,15801,0,5711,471,0
2020-08-17,16111,310,5769,486,15
2020-08-18,16351,240,5577,495,9
2020-08-19,16691,340,5473,507,12
2020-08-20,17029,338,5633,515,8
2020-08-21,17396,367,5713,526,11
2020-08-22,17715,319,5854,532,6
2020-08-23,17715,0,5854,532,0
2020-08-24,18029,314,5621,547,15
2020-08-25,18326,297,5685,560,13
2020-08-26,18609,283,5702,571,11
2020-08-27,18920,311,5858,582,11
2020-08-28,19214,294,5890,591,9
2020-08-29,19550,336,6098,594,3
2020-08-30,19793,243,6234,598,4
2020-08-31,19964,171,6260,609,11
2020-09-01,20234,270,6179,620,11
2020-09-02,20517,283,6264,627,7
2020-09-03,20804,287,6048,636,9
2020-09-04,21142,338,6027,639,3
2020-09-05,21439,297,6152,651,12
2020-09-06,21560,121,6196,655,4
2020-09-07,21660,100,6166,664,9
2020-09-08,21961,301,6120,669,5
2020-09-09,22258,297,6375,675,6
2020-09-10,22544,286,6591,680,5
2020-09-11,22834,290,6476,686,6
2020-09-12,23138,304,6526,690,4
2020-09-13,23465,327,6731,696,6
2020-09-14,23635,170,6764,705,9
2020-09-15,23929,294,6503,725,20
2020-09-16,24211,282,6485,736,11
2020-09-17,24605,394,6639,747,11
2020-09-18,24897,292,6780,752,5
2020-09-19,25217,320,6970,758,6
2020-09-20,25428,211,6787,763,5
2020-09-21,25521,93,6642,770,7
2020-09-22,25737,216,6600,778,8
2020-09-23,26081,344,6657,790,12
2020-09-24,26316,235,6372,802,12
2020-09-25,26564,248,6249,808,6
2020-09-26,26797,233,6231,820,12
2020-09-27,26920,123,6352,822,2
2020-09-28,27001,81,6167,829,7
2020-09-29,27226,225,6061,843,14
2020-09-30,27469,243,5997,856,13
2020-10-01,27749,280,5941,861,5
2020-10-02,27975,226,5996,871,10
2020-10-03,27975,0,5996,871,0
2020-10-04,28354,379,5616,879,8
2020-10-05,28449,95,5529,888,9
2020-10-06,28710,261,5533,903,15
2020-10-07,29075,365,5553,908,5
2020-10-08,29528,453,5676,913,5
2020-10-09,29917,389,5750,926,13
2020-10-10,30345,428,6048,927,1
2020-10-11,30647,302,6258,928,1
2020-10-12,30837,190,6314,936,8
2020-10-13,31173,336,6449,947,11
2020-10-14,31655,482,6622,958,11
2020-10-15,32224,569,6896,972,14
2020-10-16,32845,621,7262,980,8
2020-10-17,33561,716,7807,981,1
2020-10-18,34112,551,8133,984,3
2020-10-19,34661,549,8222,997,13
2020-10-20,35389,728,8812,1017,20
2020-10-21,36315,926,9505,1031,14
2020-10-22,37314,999,10274,1051,20
2020-10-23,38493,1179,11168,1065,14
2020-10-24,39758,1265,12315,1075,10
2020-10-25,40893,1135,13348,1086,11
2020-10-26,41596,703,13950,1104,18
2020-10-27,43151,1555,15123,1125,21
2020-10-28,44737,1586,16489,1161,36
2020-10-29,46639,1902,17877,1182,21
2020-10-30,48137,1498,19055,1212,30
2020-10-31,50090,1953,20773,1234,22
