time,total_cases,daily_cases,total_currently_infected,total_death,death_per_day
2020-02-15,0,0,0,0,0
2020-02-16,0,0,0,0,0
2020-02-17,0,0,0,0,0
2020-02-18,0,0,0,0,0
2020-02-19,0,0,0,0,0
2020-02-20,0,0,0,0,0
2020-02-21,0,0,0,0,0
2020-02-22,0,0,0,0,0
2020-02-23,0,0,0,0,0
2020-02-24,0,0,0,0,0
2020-02-25,0,0,0,0,0
2020-02-26,0,0,0,0,0
2020-02-27,0,0,0,0,0
2020-02-28,0,0,0,0,0
2020-02-29,0,0,0,0,0
2020-03-01,0,0,0,0,0
2020-03-02,0,0,0,0,0
2020-03-03,0,0,0,0,0
2020-03-04,2,0,2,0,0
2020-03-05,4,2,4,0,0
2020-03-06,4,0,4,0,0
2020-03-07,5,1,5,0,0
2020-03-08,7,2,7,0,0
2020-03-09,9,2,9,0,0
2020-03-10,12,3,12,0,0
2020-03-11,13,1,13,0,0
2020-03-12,16,3,16,0,0
2020-03-13,19,3,18,0,0
2020-03-14,30,11,29,0,0
2020-03-15,32,2,30,1,0
2020-03-16,39,7,36,1,0
2020-03-17,50,11,47,1,0
2020-03-18,58,8,55,1,0
2020-03-19,73,15,70,1,0
2020-03-20,85,12,74,4,3
2020-03-21,103,18,92,4,0
2020-03-22,131,28,109,6,2
2020-03-23,167,36,138,8,2
2020-03-24,187,20,157,9,1
2020-03-25,226,39,195,10,1
2020-03-26,261,35,223,10,0
2020-03-27,300,39,256,10,0
2020-03-28,343,43,298,11,1
2020-03-29,408,65,361,13,2
2020-03-30,447,39,398,15,2
2020-03-31,492,45,439,16,1
2020-04-01,525,33,465,20,4
2020-04-02,585,60,522,21,1
2020-04-03,623,38,554,26,5
2020-04-04,678,55,588,32,6
2020-04-05,733,55,633,34,2
2020-04-06,744,11,639,38,4
2020-04-07,817,73,699,47,9
2020-04-08,895,78,743,58,11
2020-04-09,980,85,818,66,8
2020-04-10,1190,210,1001,77,11
2020-04-11,1310,120,1110,85,8
2020-04-12,1410,100,1193,99,14
2020-04-13,1458,48,1229,109,10
2020-04-14,1512,54,1268,122,13
2020-04-15,1579,67,1253,134,12
2020-04-16,1652,73,1311,142,8
2020-04-17,1763,111,1400,156,14
2020-04-18,1834,71,1431,172,16
2020-04-19,1916,82,1477,189,17
2020-04-20,1984,68,1518,199,10
2020-04-21,2098,114,1598,213,14
2020-04-22,2168,70,1648,225,12
2020-04-23,2284,116,1655,239,14
2020-04-24,2383,99,1732,250,11
2020-04-25,2443,60,1723,262,12
2020-04-26,2500,57,1743,272,10
2020-04-27,2583,83,1805,280,8
2020-04-28,2649,66,1842,291,11
2020-04-29,2727,78,1891,300,9
2020-04-30,2775,48,1882,312,12
2020-05-01,2863,88,1931,323,11
2020-05-02,2942,79,1982,335,12
2020-05-03,2998,56,2029,340,5
2020-05-04,3035,37,2054,351,11
2020-05-05,3065,30,1993,363,12
2020-05-06,3111,46,1979,373,10
2020-05-07,3150,39,1966,383,10
2020-05-08,3178,28,1921,392,9
2020-05-09,3213,35,1904,405,13
2020-05-10,3263,50,1917,413,8
2020-05-11,3284,21,1905,421,8
2020-05-12,3313,29,1881,425,4
2020-05-13,3341,28,1809,430,5
2020-05-14,3380,39,1775,436,6
2020-05-15,3417,37,1688,442,6
2020-05-16,3473,56,1654,448,6
2020-05-17,3509,36,1662,451,3
2020-05-18,3535,26,1673,462,11
2020-05-19,3556,21,1677,467,5
2020-05-20,3598,42,1674,470,3
2020-05-21,3641,43,1659,473,3
2020-05-22,3678,37,1615,476,3
2020-05-23,3713,35,1576,482,6
2020-05-24,3741,28,1565,486,4
2020-05-25,3756,15,1554,491,5
2020-05-26,3771,15,1436,499,8
2020-05-27,3793,22,1432,505,6
2020-05-28,3816,23,1311,509,4
2020-05-29,3841,25,1300,517,8
2020-05-30,3867,26,1201,524,7
2020-05-31,3876,9,1203,526,2
2020-06-01,3892,16,1209,527,1
2020-06-02,3921,29,1229,532,5
2020-06-03,3931,10,1207,534,2
2020-06-04,3954,23,1210,539,5
2020-06-05,3970,16,1183,542,3
2020-06-06,3990,20,1166,545,3
2020-06-07,4008,18,1183,546,1
2020-06-08,4014,6,1182,548,2
2020-06-09,4017,3,1143,550,2
2020-06-10,4027,10,1121,551,1
2020-06-11,4039,12,1095,553,2
2020-06-12,4053,14,1051,555,2
2020-06-13,4064,11,1029,559,4
2020-06-14,4069,5,1025,562,3
2020-06-15,4076,7,1028,563,1
2020-06-16,4077,1,996,565,2
2020-06-17,4078,1,964,567,2
2020-06-18,4079,1,947,568,1
2020-06-19,4081,2,932,568,0
2020-06-20,4086,5,931,570,2
2020-06-21,4094,8,935,570,0
2020-06-22,4102,8,940,572,2
2020-06-23,4107,5,934,573,1
2020-06-24,4114,7,920,576,3
2020-06-25,4123,9,906,577,1
2020-06-26,4127,4,886,578,1
2020-06-27,4138,11,879,578,0
2020-06-28,4142,4,876,581,3
2020-06-29,4145,3,875,585,4
2020-06-30,4155,10,878,585,0
2020-07-01,4157,2,857,586,1
2020-07-02,4166,9,858,587,1
2020-07-03,4172,6,832,588,1
2020-07-04,4174,2,801,589,1
2020-07-05,4183,9,783,589,0
2020-07-06,4189,6,740,589,0
2020-07-07,4205,16,742,589,0
2020-07-08,4210,5,736,589,0
2020-07-09,4220,10,742,591,2
2020-07-10,4223,3,689,593,2
2020-07-11,4229,6,660,595,2
2020-07-12,4234,5,603,595,0
2020-07-13,4247,13,579,595,0
2020-07-14,4258,11,557,595,0
2020-07-15,4263,5,542,595,0
2020-07-16,4279,16,528,595,0
2020-07-17,4293,14,478,595,0
2020-07-18,4315,22,497,596,1
2020-07-19,4333,18,514,596,0
2020-07-20,4339,6,511,596,0
2020-07-21,4347,8,494,596,0
2020-07-22,4366,19,487,596,0
2020-07-23,4380,14,484,596,0
2020-07-24,4398,18,490,596,0
2020-07-25,4424,26,504,596,0
2020-07-26,4435,11,510,596,0
2020-07-27,4448,13,523,596,0
2020-07-28,4456,8,529,596,0
2020-07-29,4465,9,530,596,0
2020-07-30,4484,19,542,596,0
2020-07-31,4505,21,556,596,0
2020-08-01,4526,21,565,597,1
2020-08-02,4535,9,549,597,0
2020-08-03,4544,9,534,597,0
2020-08-04,4553,9,540,598,1
2020-08-05,4564,11,534,599,1
2020-08-06,4597,33,534,600,1
2020-08-07,4621,24,555,602,2
2020-08-08,4653,32,560,602,0
2020-08-09,4696,43,595,602,0
2020-08-10,4731,35,601,605,3
2020-08-11,4746,15,614,605,0
2020-08-12,4768,22,634,605,0
2020-08-13,4813,45,645,607,2
2020-08-14,4853,40,656,607,0
2020-08-15,4877,24,664,607,0
2020-08-16,4916,39,685,608,1
2020-08-17,4946,30,708,608,0
2020-08-18,4970,24,730,609,1
2020-08-19,5002,32,728,609,0
2020-08-20,5046,44,759,609,0
2020-08-21,5098,52,806,611,2
2020-08-22,5133,35,830,611,0
2020-08-23,5155,22,847,613,2
2020-08-24,5191,36,883,613,0
2020-08-25,5215,24,885,614,1
2020-08-26,5288,73,940,614,0
2020-08-27,5379,91,1008,614,0
2020-08-28,5511,132,1138,614,0
2020-08-29,5669,158,1296,614,0
2020-08-30,5961,292,1588,614,0
2020-08-31,6139,178,1763,615,1
2020-09-01,6257,118,1820,616,1
2020-09-02,6622,365,2100,619,3
2020-09-03,6923,301,2373,620,1
2020-09-04,7382,459,2817,621,1
2020-09-05,7892,510,3316,624,3
2020-09-06,8387,495,3805,624,0
2020-09-07,8963,576,4377,625,1
2020-09-08,9304,341,4706,626,1
2020-09-09,9715,411,5103,628,2
2020-09-10,10191,476,5571,630,2
2020-09-11,10909,718,6264,631,1
2020-09-12,11825,916,7134,633,2
2020-09-13,12309,484,7603,637,4
2020-09-14,13153,844,8394,642,5
2020-09-15,13879,726,9103,646,4
2020-09-16,14460,581,9653,654,8
2020-09-17,15170,710,10280,663,9
2020-09-18,16111,941,11202,669,6
2020-09-19,16920,809,11863,675,6
2020-09-20,17990,1070,12916,683,8
2020-09-21,18866,876,13779,686,3
2020-09-22,19499,633,14246,694,8
2020-09-23,20450,951,15104,702,8
2020-09-24,21200,750,15673,709,7
2020-09-25,22127,927,16464,718,9
2020-09-26,23077,950,17248,730,12
2020-09-27,24014,937,18137,736,6
2020-09-28,24716,702,18815,749,13
2020-09-29,25567,851,19637,757,8
2020-09-30,26461,894,19806,765,8
2020-10-01,27309,848,20410,781,16
2020-10-02,28631,1322,21484,798,17
2020-10-03,29717,1086,22081,812,14
2020-10-04,30575,858,22283,822,10
2020-10-05,31480,905,22482,833,11
2020-10-06,32298,818,22722,853,20
2020-10-07,33114,816,23088,877,24
2020-10-08,34046,932,23961,898,21
2020-10-09,35222,1176,25107,913,15
2020-10-10,36596,1374,25980,933,20
2020-10-11,37664,1068,25862,954,21
2020-10-12,38837,1173,26832,968,14
2020-10-13,39862,1025,27113,996,28
2020-10-14,40782,920,27595,1023,27
2020-10-15,41732,950,28052,1052,29
2020-10-16,43025,1293,28806,1085,33
2020-10-17,44816,1791,30127,1109,24
2020-10-18,46290,1474,31060,1142,33
2020-10-19,47768,1478,32283,1173,31
2020-10-20,48757,989,32909,1211,38
2020-10-21,50180,1423,34016,1259,48
2020-10-22,52212,2032,35653,1305,46
2020-10-23,54278,2066,37271,1352,47
2020-10-24,56098,1820,38701,1390,38
2020-10-25,59247,3149,41580,1425,35
2020-10-26,61563,2316,43600,1472,47
2020-10-27,63642,2079,45461,1535,63
2020-10-28,65933,2291,47257,1578,43
2020-10-29,68127,2194,49024,1634,56
2020-10-30,71413,3286,51761,1699,65
2020-10-31,75321,3908,54539,1750,51
