time,total_cases,daily_cases,total_currently_infected,total_death,death_per_day,new_recoveries
2020-02-15,3,0,3,0,0,0
2020-02-16,3,0,3,0,0,0
2020-02-17,3,0,3,0,0,0
2020-02-18,3,0,3,0,0,0
2020-02-19,3,0,3,0,0,0
2020-02-20,4,1,4,0,0,0
2020-02-21,21,17,19,1,1,1
2020-02-22,79,58,75,2,1,1
2020-02-23,157,78,152,3,1,0
2020-02-24,229,72,220,7,4,0
2020-02-25,323,94,310,11,4,0
2020-02-26,470,147,455,12,1,1
2020-02-27,655,185,593,17,5,42
2020-02-28,889,234,822,21,4,1
2020-02-29,1128,239,1049,29,8,4
2020-03-01,1702,574,1578,41,12,33
2020-03-02,2038,336,1837,52,11,66
2020-03-03,2504,466,2265,79,27,11
2020-03-04,3092,588,2709,107,28,116
2020-03-05,3861,769,3299,148,41,138
2020-03-06,4639,778,3919,197,49,109
2020-03-07,5886,1247,5064,233,36,66
2020-03-08,7380,1494,6391,367,134,33
2020-03-09,9179,1799,7991,464,97,102
2020-03-10,10156,977,8518,633,169,281
2020-03-11,12469,2313,10593,830,197,41
2020-03-12,15122,2653,12842,1020,190,214
2020-03-13,17670,2548,14958,1271,251,181
2020-03-14,21169,3499,17753,1447,176,528
2020-03-15,24762,3593,20607,1816,369,370
2020-03-16,27997,3235,23077,2166,350,415
2020-03-17,31524,3527,26066,2512,346,192
2020-03-18,35732,4208,28711,2988,476,1087
2020-03-19,41056,5324,33191,3416,428,416
2020-03-20,47044,5988,37859,4045,629,691
2020-03-21,53598,6554,42672,4841,796,945
2020-03-22,59158,5560,46625,5494,653,954
2020-03-23,63941,4783,50396,6097,603,409
2020-03-24,69181,5240,53995,6842,745,896
2020-03-25,74379,5198,57469,7527,685,1039
2020-03-26,80581,6202,61956,8241,714,1001
2020-03-27,86488,5907,66352,9162,921,590
2020-03-28,92461,5973,69997,10053,891,1437
2020-03-29,97676,5215,73806,10811,758,648
2020-03-30,101723,4047,75444,11626,815,1594
2020-03-31,105776,4053,77545,12466,840,1112
2020-04-01,110559,4783,80478,13195,729,1121
2020-04-02,115228,4669,82951,13957,762,1434
2020-04-03,119813,4585,85283,14726,769,1484
2020-04-04,124620,4807,88166,15409,683,1241
2020-04-05,128938,4318,91137,15935,526,821
2020-04-06,132537,3599,93074,16573,638,1024
2020-04-07,135574,3037,93946,17179,606,1559
2020-04-08,139408,3834,95133,17722,543,2104
2020-04-09,143612,4204,96741,18334,612,1984
2020-04-10,147562,3950,98129,18906,572,1990
2020-04-11,152259,4697,100121,19527,621,2084
2020-04-12,156353,4094,102102,19959,432,1681
2020-04-13,159506,3153,103460,20527,568,1227
2020-04-14,162479,2973,104130,21131,604,1699
2020-04-15,165145,2666,105252,21711,580,964
2020-04-16,168932,3787,106436,22237,526,2077
2020-04-17,172426,3494,106795,22803,566,2569
2020-04-18,175918,3492,107597,23286,483,2207
2020-04-19,178965,3047,108077,23720,434,2133
2020-04-20,181216,2251,108047,24175,455,1826
2020-04-21,183943,2727,107509,24710,535,2730
2020-04-22,187313,3370,107491,25148,438,2950
2020-04-23,189957,2644,106630,25613,465,3040
2020-04-24,192979,3022,106302,26034,421,2929
2020-04-25,195336,2357,105615,26450,416,2628
2020-04-26,197661,2325,105867,26711,261,1812
2020-04-27,199399,1738,105571,27045,334,1700
2020-04-28,201491,2092,104957,27428,383,2323
2020-04-29,203577,2086,104403,27751,323,2317
2020-04-30,205449,1872,101286,28036,285,4704
2020-05-01,207415,1966,100672,28306,270,2310
2020-05-02,209315,1900,100428,28781,475,1669
2020-05-03,210704,1389,99898,28956,175,1744
2020-05-04,211926,1222,99696,29152,196,1228
2020-05-05,213001,1075,98176,29389,237,2358
2020-05-06,214446,1445,91218,29759,370,8033
2020-05-07,215848,1402,89307,30034,275,3038
2020-05-08,217176,1328,87637,30278,244,2754
2020-05-09,218259,1083,84507,30473,195,4018
2020-05-10,219061,802,82983,30639,166,2160
2020-05-11,219806,745,82144,30819,180,1404
2020-05-12,221209,1403,80916,30992,173,2458
2020-05-13,222097,888,78098,31188,196,3510
2020-05-14,223090,993,76074,31451,263,2754
2020-05-15,223879,789,71691,31694,243,4929
2020-05-16,224754,875,69801,31848,154,2611
2020-05-17,225429,675,67958,31994,146,2372
2020-05-18,225880,451,66155,32093,99,2155
2020-05-19,226693,813,64725,32256,163,2080
2020-05-20,227358,665,62340,32418,162,2888
2020-05-21,228001,643,60542,32575,157,2284
2020-05-22,228654,653,58899,32706,131,2165
2020-05-23,229324,670,57324,32826,120,2125
2020-05-24,229856,532,56163,32876,50,1643
2020-05-25,230156,300,54865,32968,92,1506
2020-05-26,230553,397,52501,33046,78,2683
2020-05-27,231138,585,50519,33164,118,2449
2020-05-28,231732,594,47529,33234,70,3514
2020-05-29,232249,517,45714,33321,87,2245
2020-05-30,232666,417,43223,33433,112,2796
2020-05-31,233000,334,41603,33508,75,1879
2020-06-01,233200,200,40893,33568,60,850
2020-06-02,233519,319,39416,33623,55,1741
2020-06-03,233841,322,38819,33694,71,848
2020-06-04,234018,177,37949,33782,88,959
2020-06-05,234537,519,36492,33867,85,1891
2020-06-06,234807,270,35390,33939,72,1300
2020-06-07,235004,197,34773,33992,53,761
2020-06-08,235284,280,34239,34057,65,749
2020-06-09,235567,283,32376,34136,79,2067
2020-06-10,235769,202,31211,34207,71,1296
2020-06-11,236149,380,30136,34260,53,1402
2020-06-12,236312,163,28492,34316,56,1751
2020-06-13,236659,347,26977,34394,78,1784
2020-06-14,236996,337,25761,34438,44,1509
2020-06-15,237297,301,25394,34464,26,642
2020-06-16,237507,210,24050,34498,34,1520
2020-06-17,237836,329,23405,34541,43,931
2020-06-18,238168,332,22579,34607,66,1092
2020-06-19,238419,251,21417,34654,47,1366
2020-06-20,238683,264,21085,34703,49,547
2020-06-21,238907,224,20844,34727,24,441
2020-06-22,239128,221,20508,34750,23,534
2020-06-23,239241,113,19441,34768,18,1162
2020-06-24,239431,190,18522,34798,30,1079
2020-06-25,239727,296,18170,34832,34,614
2020-06-26,239982,255,17505,34862,30,890
2020-06-27,240157,175,16703,34870,8,969
2020-06-28,240331,174,16548,34892,22,307
2020-06-29,240457,126,16363,34898,6,305
2020-06-30,240599,142,15430,34921,23,1052
2020-07-01,240781,182,15122,34942,21,469
2020-07-02,240982,201,14927,34972,30,366
2020-07-03,241205,223,14751,34987,15,384
2020-07-04,241440,235,14488,35008,21,477
2020-07-05,241632,192,14509,35015,7,164
2020-07-06,241840,208,14576,35023,8,133
2020-07-07,241977,137,14109,35053,30,574
2020-07-08,242170,193,13462,35068,15,825
2020-07-09,242384,214,13326,35080,12,338
2020-07-10,242660,276,13295,35092,12,295
2020-07-11,242848,188,13170,35099,7,306
2020-07-12,243082,234,13046,35108,9,349
2020-07-13,243251,169,13024,35121,13,178
2020-07-14,243365,114,12786,35138,17,335
2020-07-15,243527,162,12360,35151,13,575
2020-07-16,243757,230,12340,35171,20,230
2020-07-17,243988,231,12323,35182,11,237
2020-07-18,244237,249,12235,35196,14,323
2020-07-19,244455,218,12307,35199,3,143
2020-07-20,244645,190,12271,35212,13,213
2020-07-21,244773,128,12115,35227,15,269
2020-07-22,245053,280,12189,35236,9,197
2020-07-23,245359,306,12271,35246,10,214
2020-07-24,245611,252,12168,35251,5,350
2020-07-25,245884,273,12308,35256,5,128
2020-07-26,246136,252,12429,35261,5,126
2020-07-27,246306,170,12447,35266,5,147
2020-07-28,246487,181,12454,35277,11,163
2020-07-29,246776,289,12462,35283,6,275
2020-07-30,247158,382,12076,35286,3,765
2020-07-31,247537,379,12268,35295,9,178
2020-08-01,247832,295,12303,35300,5,255
2020-08-02,248070,238,12302,35308,8,231
2020-08-03,248229,159,12320,35320,12,129
2020-08-04,248419,190,12328,35325,5,177
2020-08-05,248803,384,12492,35335,10,210
2020-08-06,249204,401,12540,35341,6,347
2020-08-07,249756,552,12770,35344,3,319
2020-08-08,250103,347,12799,35357,13,305
2020-08-09,250566,463,13109,35359,2,151
2020-08-10,250825,259,13214,35363,4,150
2020-08-11,251237,412,13407,35369,6,213
2020-08-12,251713,476,13637,35379,10,236
2020-08-13,252235,522,13927,35385,6,226
2020-08-14,252809,574,14095,35388,3,403
2020-08-15,253436,627,14404,35392,4,314
2020-08-16,253915,479,14733,35396,4,146
2020-08-17,254235,320,14867,35400,4,182
2020-08-18,254636,401,15089,35405,5,174
2020-08-19,255278,642,15360,35412,7,364
2020-08-20,256118,840,16014,35418,6,180
2020-08-21,257065,947,16678,35427,9,274
2020-08-22,258136,1071,17503,35430,3,243
2020-08-23,259345,1209,18438,35437,7,267
2020-08-24,260297,952,19194,35441,4,192
2020-08-25,261173,876,19713,35445,4,353
2020-08-26,262538,1365,20751,35458,13,314
2020-08-27,263947,1409,21930,35463,5,225
2020-08-28,265409,1462,23035,35472,9,348
2020-08-29,266853,1444,24156,35473,1,322
2020-08-30,268218,1365,25205,35477,4,312
2020-08-31,269217,999,26081,35483,6,117
2020-09-01,270201,984,26766,35491,8,291
2020-09-02,271533,1332,27835,35497,6,257
2020-09-03,272935,1402,28938,35507,10,289
2020-09-04,274673,1738,30128,35518,11,537
2020-09-05,276373,1700,31229,35534,16,583
2020-09-06,277676,1303,32120,35541,7,405
2020-09-07,278783,1107,32992,35553,12,223
2020-09-08,280149,1366,33785,35563,10,563
2020-09-09,281583,1434,34734,35577,14,471
2020-09-10,283180,1597,35708,35587,10,613
2020-09-11,284796,1616,36767,35597,10,547
2020-09-12,286295,1499,37501,35603,6,759
2020-09-13,287753,1458,38509,35610,7,443
2020-09-14,288761,1008,39187,35624,14,316
2020-09-15,289990,1229,39712,35633,9,695
2020-09-16,291440,1450,40530,35645,12,620
2020-09-17,293025,1585,41413,35658,13,689
2020-09-18,294931,1906,42456,35668,10,853
2020-09-19,296569,1638,43161,35692,24,909
2020-09-20,298156,1587,44098,35707,15,635
2020-09-21,299505,1349,45078,35724,17,352
2020-09-22,300897,1392,45489,35738,14,967
2020-09-23,302537,1640,46114,35758,20,995
2020-09-24,304323,1786,46780,35781,23,1097
2020-09-25,306235,1912,47718,35801,20,954
2020-09-26,308104,1869,48593,35818,17,977
2020-09-27,309870,1766,49618,35835,17,724
2020-09-28,311363,1493,50322,35851,16,773
2020-09-29,313010,1647,50629,35875,24,1316
2020-09-30,314861,1851,51263,35894,19,1198
2020-10-01,317409,2548,52647,35918,24,1140
2020-10-02,319907,2498,53996,35941,23,1126
2020-10-03,322751,2844,55566,35968,27,1247
2020-10-04,325329,2578,57429,35986,18,697
2020-10-05,327586,2257,58903,36002,16,767
2020-10-06,330262,2676,60133,36030,28,1418
2020-10-07,333940,3678,62576,36061,31,1204
2020-10-08,338398,4458,65952,36083,22,1060
2020-10-09,343770,5372,70110,36111,28,1186
2020-10-10,349494,5724,74829,36140,29,976
2020-10-11,354950,5456,79075,36166,26,1184
2020-10-12,359566,4616,82761,36205,39,891
2020-10-13,365467,5901,87193,36246,41,1428
2020-10-14,372798,7331,92444,36289,43,2037
2020-10-15,381601,8803,99265,36372,83,1899
2020-10-16,391611,10010,107312,36427,55,1908
2020-10-17,402536,10925,116935,36474,47,1255
2020-10-18,414240,11704,126236,36543,69,2334
2020-10-19,423575,9335,134000,36616,73,1498
2020-10-20,434449,10874,142739,36705,89,2046
2020-10-21,449648,15199,155442,36832,127,2369
