time,total_cases,daily_cases,total_currently_infected,total_death,death_per_day
2020-02-15,0,0,0,0,0
2020-02-16,0,0,0,0,0
2020-02-17,0,0,0,0,0
2020-02-18,0,0,0,0,0
2020-02-19,0,0,0,0,0
2020-02-20,0,0,0,0,0
2020-02-21,0,0,0,0,0
2020-02-22,0,0,0,0,0
2020-02-23,0,0,0,0,0
2020-02-24,0,0,0,0,0
2020-02-25,0,0,0,0,0
2020-02-26,1,0,1,0,0
2020-02-27,1,0,1,0,0
2020-02-28,2,1,2,0,0
2020-02-29,3,1,3,0,0
2020-03-01,3,0,3,0,0
2020-03-02,3,0,3,0,0
2020-03-03,3,0,3,0,0
2020-03-04,3,0,3,0,0
2020-03-05,9,6,9,0,0
2020-03-06,9,0,9,0,0
2020-03-07,13,4,13,0,0
2020-03-08,13,0,13,0,0
2020-03-09,15,2,15,0,0
2020-03-10,23,8,23,0,0
2020-03-11,24,1,24,0,0
2020-03-12,25,1,25,0,0
2020-03-13,25,0,25,0,0
2020-03-14,30,5,30,0,0
2020-03-15,33,3,32,0,0
2020-03-16,33,0,32,0,0
2020-03-17,34,1,33,0,0
2020-03-18,38,4,37,0,0
2020-03-19,40,2,39,0,0
2020-03-20,44,4,43,0,0
2020-03-21,49,5,48,0,0
2020-03-22,54,5,53,0,0
2020-03-23,61,7,53,0,0
2020-03-24,70,9,61,0,0
2020-03-25,75,5,65,0,0
2020-03-26,79,4,68,0,0
2020-03-27,83,4,69,0,0
2020-03-28,90,7,76,0,0
2020-03-29,91,1,73,0,0
2020-03-30,103,12,83,0,0
2020-03-31,110,7,89,0,0
2020-04-01,117,7,94,0,0
2020-04-02,134,17,108,0,0
2020-04-03,155,21,127,0,0
2020-04-04,162,7,125,1,1
2020-04-05,174,12,136,2,1
2020-04-06,188,14,147,2,0
2020-04-07,196,8,147,3,1
2020-04-08,211,15,158,3,0
2020-04-09,218,7,164,3,0
2020-04-10,234,16,177,3,0
2020-04-11,242,8,179,3,0
2020-04-12,257,15,187,3,0
2020-04-13,272,15,201,3,0
2020-04-14,300,28,228,3,0
2020-04-15,306,6,232,3,0
2020-04-16,348,42,269,3,0
2020-04-17,370,22,288,3,0
2020-04-18,388,18,298,4,1
2020-04-19,394,6,297,4,0
2020-04-20,402,8,303,4,0
2020-04-21,408,6,307,4,0
2020-04-22,416,8,304,5,1
2020-04-23,425,9,309,5,0
2020-04-24,444,19,307,5,0
2020-04-25,456,12,312,5,0
2020-04-26,486,30,331,6,1
2020-04-27,497,11,335,6,0
2020-04-28,511,14,337,6,0
2020-04-29,517,6,333,6,0
2020-04-30,539,22,349,6,0
2020-05-01,566,27,352,7,1
2020-05-02,582,16,367,8,1
2020-05-03,589,7,359,9,1
2020-05-04,593,4,361,9,0
2020-05-05,604,11,355,9,0
2020-05-06,610,6,332,9,0
2020-05-07,615,5,331,9,0
2020-05-08,623,8,325,10,1
2020-05-09,626,3,319,10,0
2020-05-10,635,9,316,10,0
2020-05-11,638,3,310,11,1
2020-05-12,642,4,282,11,0
2020-05-13,647,5,264,11,0
2020-05-14,667,20,272,12,1
2020-05-15,671,4,266,12,0
2020-05-16,683,12,252,12,0
2020-05-17,695,12,258,12,0
2020-05-18,701,6,257,12,0
2020-05-19,707,6,239,12,0
2020-05-20,713,6,226,12,0
2020-05-21,721,8,224,12,0
2020-05-22,723,2,216,12,0
2020-05-23,728,5,207,12,0
2020-05-24,730,2,196,12,0
2020-05-25,731,1,193,12,0
2020-05-26,732,1,183,12,0
2020-05-27,735,3,166,12,0
2020-05-28,738,3,153,12,0
2020-05-29,746,8,158,12,0
2020-05-30,757,11,145,12,0
2020-05-31,783,26,166,12,0
2020-06-01,794,11,158,12,0
2020-06-02,796,2,149,13,1
2020-06-03,800,4,147,13,0
2020-06-04,801,1,144,13,0
2020-06-05,805,4,142,13,0
2020-06-06,808,3,132,13,0
2020-06-07,809,1,122,13,0
2020-06-08,812,3,116,13,0
2020-06-09,818,6,119,13,0
2020-06-10,827,9,124,13,0
2020-06-11,831,4,124,13,0
2020-06-12,843,12,133,13,0
2020-06-13,851,8,135,14,1
2020-06-14,864,13,147,14,0
2020-06-15,879,15,161,14,0
2020-06-16,879,0,141,14,0
2020-06-17,888,9,143,14,0
2020-06-18,893,5,140,14,0
2020-06-19,896,3,141,14,0
2020-06-20,898,2,132,14,0
2020-06-21,906,8,137,14,0
2020-06-22,908,2,133,14,0
2020-06-23,911,3,129,14,0
2020-06-24,914,3,129,14,0
2020-06-25,917,3,127,14,0
2020-06-26,919,2,125,14,0
2020-06-27,921,2,126,14,0
2020-06-28,924,3,124,15,1
2020-06-29,926,2,120,15,0
2020-06-30,928,2,119,15,0
2020-07-01,931,3,122,15,0
2020-07-02,939,8,107,15,0
2020-07-03,943,4,107,15,0
2020-07-04,948,5,108,15,0
2020-07-05,951,3,108,15,0
2020-07-06,953,2,108,15,0
2020-07-07,958,5,105,15,0
2020-07-08,963,5,107,15,0
2020-07-09,968,5,109,15,0
2020-07-10,973,5,112,15,0
2020-07-11,981,8,115,15,0
2020-07-12,986,5,114,15,0
2020-07-13,995,9,123,15,0
2020-07-14,999,4,114,15,0
2020-07-15,1004,5,116,15,0
2020-07-16,1006,2,108,15,0
2020-07-17,1010,4,110,15,0
2020-07-18,1018,8,108,15,0
2020-07-19,1028,10,114,15,0
2020-07-20,1039,11,123,16,1
2020-07-21,1049,10,130,16,0
2020-07-22,1073,24,150,16,0
2020-07-23,1085,12,158,16,0
2020-07-24,1104,19,176,16,0
2020-07-25,1117,13,184,16,0
2020-07-26,1131,14,195,16,0
2020-07-27,1137,6,199,16,0
2020-07-28,1145,8,202,16,0
2020-07-29,1155,10,209,17,1
2020-07-30,1160,5,208,17,0
2020-07-31,1168,8,211,17,0
2020-08-01,1171,3,207,17,0
2020-08-02,1177,6,205,17,0
2020-08-03,1179,2,203,17,0
2020-08-04,1182,3,203,17,0
2020-08-05,1197,15,206,17,0
2020-08-06,1206,9,202,17,0
2020-08-07,1213,7,202,17,0
2020-08-08,1216,3,203,17,0
2020-08-09,1225,9,208,17,0
2020-08-10,1250,25,223,17,0
2020-08-11,1264,14,193,17,0
2020-08-12,1278,14,203,17,0
2020-08-13,1283,5,198,17,0
2020-08-14,1306,23,204,17,0
2020-08-15,1321,15,216,17,0
2020-08-16,1336,15,231,17,0
2020-08-17,1341,5,232,17,0
2020-08-18,1351,10,242,17,0
2020-08-19,1361,10,246,17,0
2020-08-20,1370,9,245,17,0
2020-08-21,1385,15,240,17,0
2020-08-22,1394,9,245,17,0
2020-08-23,1411,17,262,17,0
2020-08-24,1421,10,266,18,1
2020-08-25,1429,8,260,19,1
2020-08-26,1436,7,267,19,0
2020-08-27,1447,11,238,19,0
2020-08-28,1455,8,240,19,0
2020-08-29,1462,7,247,19,0
2020-08-30,1469,7,229,19,0
2020-08-31,1487,18,228,19,0
2020-09-01,1510,23,238,19,0
2020-09-02,1548,38,259,19,0
2020-09-03,1568,20,270,19,0
2020-09-04,1596,28,283,19,0
2020-09-05,1621,25,300,19,0
2020-09-06,1650,29,321,19,0
2020-09-07,1684,34,350,19,0
2020-09-08,1729,45,389,19,0
2020-09-09,1773,44,429,19,0
2020-09-10,1830,57,477,19,0
2020-09-11,1917,87,544,19,0
2020-09-12,2075,158,693,19,0
2020-09-13,2227,152,839,19,0
2020-09-14,2392,165,1004,19,0
2020-09-15,2562,170,1174,19,0
2020-09-16,2758,196,1327,19,0
2020-09-17,2937,179,1496,19,0
2020-09-18,3119,182,1665,19,0
2020-09-19,3306,187,1806,19,0
2020-09-20,3502,196,1989,19,0
2020-09-21,3695,193,2141,20,1
2020-09-22,3913,218,2316,23,3
2020-09-23,4140,227,2472,25,2
2020-09-24,4399,259,2668,26,1
2020-09-25,4664,265,2878,27,1
2020-09-26,4960,296,3113,28,1
2020-09-27,5254,294,3320,28,0
2020-09-28,5552,298,3466,32,4
2020-09-29,5866,314,3506,36,4
2020-09-30,6192,326,3033,39,3
2020-10-01,6640,448,3180,41,2
2020-10-02,7093,453,3333,46,5
2020-10-03,7564,471,3524,48,2
2020-10-04,8118,554,3824,50,2
2020-10-05,8696,578,4023,54,4
2020-10-06,9245,549,4300,58,4
2020-10-07,9753,508,4455,63,5
2020-10-08,10225,472,4606,66,3
2020-10-09,10752,527,4814,72,6
2020-10-10,11271,519,5074,78,6
2020-10-11,11794,523,5382,85,7
2020-10-12,12272,478,5641,93,8
2020-10-13,12841,569,5872,102,9
2020-10-14,13521,680,6253,109,7
2020-10-15,14440,919,6960,113,4
2020-10-16,15327,887,7590,124,11
2020-10-17,16285,958,8330,128,4
2020-10-18,17477,1192,9281,136,8
2020-10-19,18663,1186,10182,143,7
2020-10-20,19857,1194,11033,158,15
2020-10-21,21208,1351,12033,172,14
2020-10-22,22803,1595,13224,178,6
2020-10-23,24562,1759,14628,183,5
2020-10-24,26503,1941,16147,193,10
2020-10-25,28431,1928,17463,201,8
2020-10-26,30303,1872,18718,215,14
2020-10-27,32127,1824,19257,238,23
2020-10-28,33858,1731,18776,253,15
2020-10-29,35567,1709,18390,273,20
2020-10-30,37263,1696,17168,285,12
2020-10-31,38936,1673,15938,307,22
