time,total_cases,daily_cases,total_currently_infected,total_death,death_per_day
2020-02-15,0,0,0,0,0
2020-02-16,0,0,0,0,0
2020-02-17,0,0,0,0,0
2020-02-18,0,0,0,0,0
2020-02-19,0,0,0,0,0
2020-02-20,0,0,0,0,0
2020-02-21,0,0,0,0,0
2020-02-22,0,0,0,0,0
2020-02-23,0,0,0,0,0
2020-02-24,0,0,0,0,0
2020-02-25,0,0,0,0,0
2020-02-26,1,0,1,0,0
2020-02-27,3,2,3,0,0
2020-02-28,4,1,4,0,0
2020-02-29,7,3,7,0,0
2020-03-01,7,0,7,0,0
2020-03-02,7,0,7,0,0
2020-03-03,7,0,7,0,0
2020-03-04,9,2,9,0,0
2020-03-05,31,22,31,0,0
2020-03-06,45,14,45,0,0
2020-03-07,66,21,66,0,0
2020-03-08,73,7,73,0,0
2020-03-09,84,11,84,0,0
2020-03-10,89,5,89,0,0
2020-03-11,99,10,99,0,0
2020-03-12,117,18,116,1,1
2020-03-13,190,73,187,1,0
2020-03-14,228,38,217,3,2
2020-03-15,331,103,319,4,1
2020-03-16,352,21,340,4,0
2020-03-17,387,35,368,5,1
2020-03-18,418,31,399,5,0
2020-03-19,464,46,439,6,1
2020-03-20,495,31,466,10,4
2020-03-21,530,35,498,13,3
2020-03-22,624,94,590,15,2
2020-03-23,695,71,649,17,2
2020-03-24,743,48,694,20,3
2020-03-25,821,78,763,22,2
2020-03-26,892,71,829,27,5
2020-03-27,966,74,886,28,1
2020-03-28,1061,95,977,32,4
2020-03-29,1156,95,1065,39,7
2020-03-30,1212,56,1114,46,7
2020-03-31,1314,102,1213,49,3
2020-04-01,1415,101,1312,51,2
2020-04-02,1544,129,1430,53,2
2020-04-03,1613,69,1472,63,10
2020-04-04,1673,60,1527,68,5
2020-04-05,1735,62,1584,73,5
2020-04-06,1755,20,1407,79,6
2020-04-07,1832,77,1482,81,2
2020-04-08,1884,52,1532,83,2
2020-04-09,1955,71,1599,87,4
2020-04-10,2011,56,1650,92,5
2020-04-11,2081,70,1719,93,1
2020-04-12,2114,33,1747,98,5
2020-04-13,2145,31,1777,99,1
2020-04-14,2170,25,1800,101,2
2020-04-15,2192,22,1821,102,1
2020-04-16,2207,15,1833,105,3
2020-04-17,2224,17,1847,108,3
2020-04-18,2235,11,1856,110,2
2020-04-19,2235,0,1853,113,3
2020-04-20,2245,10,1860,116,3
2020-04-21,2401,156,1703,121,5
2020-04-22,2408,7,1710,121,0
2020-04-23,2463,55,1761,125,4
2020-04-24,2490,27,1783,130,5
2020-04-25,2506,16,1799,130,0
2020-04-26,2517,11,1806,134,4
2020-04-27,2534,17,1821,136,2
2020-04-28,2566,32,1851,138,2
2020-04-29,2576,10,1860,139,1
2020-04-30,2591,15,1077,140,1
2020-05-01,2612,21,1098,140,0
2020-05-02,2620,8,1103,143,3
2020-05-03,2626,6,1108,144,1
2020-05-04,2632,6,1112,146,2
2020-05-05,2642,10,1122,146,0
2020-05-06,2663,21,1142,147,1
2020-05-07,2678,15,1156,148,1
2020-05-08,2691,13,1167,150,2
2020-05-09,2710,19,1185,151,1
2020-05-10,2716,6,1191,151,0
2020-05-11,2726,10,1201,151,0
2020-05-12,2744,18,1218,152,1
2020-05-13,2760,16,1231,155,3
2020-05-14,2770,10,1240,156,1
2020-05-15,2810,40,1276,160,4
2020-05-16,2819,9,1283,162,2
2020-05-17,2834,15,1297,163,1
2020-05-18,2836,2,1297,165,2
2020-05-19,2840,4,1301,165,0
2020-05-20,2850,10,1310,166,1
2020-05-21,2853,3,1311,168,2
2020-05-22,2874,21,1331,169,1
2020-05-23,2876,2,1331,171,2
2020-05-24,2878,2,1333,171,0
2020-05-25,2882,4,1336,172,1
2020-05-26,2892,10,1345,173,1
2020-05-27,2903,11,1356,173,0
2020-05-28,2906,3,1357,175,2
2020-05-29,2909,3,1360,175,0
2020-05-30,2915,6,1366,175,0
2020-05-31,2917,2,1368,175,0
2020-06-01,2918,1,1365,179,4
2020-06-02,2937,19,1384,179,0
2020-06-03,2937,0,1384,179,0
2020-06-04,2952,15,1398,180,1
2020-06-05,2967,15,1413,180,0
2020-06-06,2980,13,1426,180,0
2020-06-07,2997,17,1443,180,0
2020-06-08,3049,52,1493,182,2
2020-06-09,3058,9,1501,183,1
2020-06-10,3068,10,1511,183,0
2020-06-11,3088,20,1531,183,0
2020-06-12,3108,20,1551,183,0
2020-06-13,3112,4,1555,183,0
2020-06-14,3121,9,1564,183,0
2020-06-15,3134,13,1576,184,1
2020-06-16,3148,14,1589,185,1
2020-06-17,3203,55,1642,187,2
2020-06-18,3227,24,1665,188,1
2020-06-19,3237,10,1674,189,1
2020-06-20,3256,19,1692,190,1
2020-06-21,3266,10,1702,190,0
2020-06-22,3287,21,1723,190,0
2020-06-23,3302,15,1738,190,0
2020-06-24,3310,8,1746,190,0
2020-06-25,3321,11,1756,191,1
2020-06-26,3343,22,1778,191,0
2020-06-27,3366,23,1801,191,0
2020-06-28,3376,10,1811,191,0
2020-06-29,3390,14,1825,191,0
2020-06-30,3409,19,1843,192,1
2020-07-01,3432,23,1866,192,0
2020-07-02,3458,26,1892,192,0
2020-07-03,3486,28,1920,192,0
2020-07-04,3511,25,1945,192,0
2020-07-05,3519,8,1953,192,0
2020-07-06,3562,43,1996,192,0
2020-07-07,3589,27,2022,193,1
2020-07-08,3622,33,2055,193,0
2020-07-09,3672,50,2105,193,0
2020-07-10,3732,60,2165,193,0
2020-07-11,3772,40,2205,193,0
2020-07-12,3803,31,2236,193,0
2020-07-13,3826,23,2259,193,0
2020-07-14,3883,57,2316,193,0
2020-07-15,3910,27,2343,193,0
2020-07-16,3939,29,2372,193,0
2020-07-17,3964,25,2396,194,1
2020-07-18,3983,19,2415,194,0
2020-07-19,4007,24,2439,194,0
2020-07-20,4012,5,2443,195,1
2020-07-21,4048,36,2477,197,2
2020-07-22,4077,29,2503,200,3
2020-07-23,4110,33,2535,201,1
2020-07-24,4135,25,2560,201,0
2020-07-25,4166,31,2591,201,0
2020-07-26,4193,27,2617,202,1
2020-07-27,4227,34,2651,202,0
2020-07-28,4279,52,2702,203,1
2020-07-29,4336,57,2759,203,0
2020-07-30,4401,65,2824,203,0
2020-07-31,4477,76,2897,206,3
2020-08-01,4587,110,3007,206,0
2020-08-02,4662,75,3080,208,2
2020-08-03,4737,75,3154,209,1
2020-08-04,4855,118,3272,209,0
2020-08-05,4974,119,3390,210,1
2020-08-06,5119,145,3535,210,0
2020-08-07,5270,151,3686,210,0
2020-08-08,5421,151,3836,211,1
2020-08-09,5623,202,1607,212,1
2020-08-10,5749,126,1732,213,1
2020-08-11,5942,193,1924,214,1
2020-08-12,6177,235,2157,216,2
2020-08-13,6381,204,2356,221,5
2020-08-14,6632,251,2605,223,2
2020-08-15,6858,226,2828,226,3
2020-08-16,7075,217,3043,228,2
2020-08-17,7222,147,3188,230,2
2020-08-18,7472,250,3436,232,2
2020-08-19,7684,212,3645,235,3
2020-08-20,7934,250,3895,235,0
2020-08-21,8138,204,4096,238,3
2020-08-22,8381,243,4337,240,2
2020-08-23,8664,283,4618,242,2
2020-08-24,8819,155,4773,242,0
2020-08-25,8987,168,4940,243,1
2020-08-26,9280,293,5228,248,5
2020-08-27,9531,251,5473,254,6
2020-08-28,9800,269,5737,259,5
2020-08-29,9977,177,5913,260,1
2020-08-30,10134,157,6068,262,2
2020-08-31,10317,183,6247,266,4
2020-09-01,10524,207,6449,271,5
2020-09-02,10757,233,6680,273,2
2020-09-03,10998,241,6916,278,5
2020-09-04,11200,202,7117,279,1
2020-09-05,11386,186,7302,280,1
2020-09-06,11524,138,7436,284,4
2020-09-07,11663,139,7570,289,5
2020-09-08,11832,169,7738,290,1
2020-09-09,12080,248,7983,293,3
2020-09-10,12447,367,8346,297,4
2020-09-11,12734,287,8630,300,3
2020-09-12,13036,302,8930,302,2
2020-09-13,13240,204,9131,305,3
2020-09-14,13420,180,9306,310,5
2020-09-15,13730,310,9613,313,3
2020-09-16,14041,311,9921,316,3
2020-09-17,14400,359,10271,325,9
2020-09-18,14738,338,10607,327,2
2020-09-19,14978,240,4658,331,4
2020-09-20,15142,164,4815,338,7
2020-09-21,15595,453,5262,344,6
2020-09-22,15928,333,5587,352,8
2020-09-23,16286,358,5940,357,5
2020-09-24,16627,341,6272,366,9
2020-09-25,16913,286,6555,369,3
2020-09-26,17228,315,6863,376,7
2020-09-27,17444,216,7076,379,3
2020-09-28,17707,263,7335,383,4
2020-09-29,18123,416,7746,388,5
2020-09-30,18475,352,8095,391,3
2020-10-01,18886,411,8504,393,2
2020-10-02,19346,460,8959,398,5
2020-10-03,19613,267,9219,405,7
2020-10-04,19842,229,9444,409,4
2020-10-05,20142,300,9736,417,8
2020-10-06,20541,399,10132,420,3
2020-10-07,20947,406,10534,424,4
2020-10-08,21381,434,10962,430,6
2020-10-09,21772,391,11352,431,1
2020-10-10,22078,306,11653,436,5
2020-10-11,22358,280,11920,449,13
2020-10-12,22652,294,12207,456,7
2020-10-13,23060,408,12609,462,6
2020-10-14,23495,435,13037,469,7
2020-10-15,23947,452,13476,482,13
2020-10-16,24450,503,13971,490,8
2020-10-17,24932,482,14443,500,10
2020-10-18,25370,438,14872,509,9
2020-10-19,25802,432,15293,520,11
2020-10-20,26469,667,15952,528,8
2020-10-21,27334,865,16811,534,6
2020-10-22,28216,882,17678,549,15
2020-10-23,29057,841,18509,559,10
2020-10-24,29992,935,19439,564,5
2020-10-25,30782,790,20219,574,10
2020-10-26,31496,714,20926,581,7
2020-10-27,32752,1256,22170,593,12
2020-10-28,34299,1547,23707,603,10
2020-10-29,35510,1211,24906,615,12
2020-10-30,37196,1686,26587,620,5
2020-10-31,39251,2055,28636,626,6
