time,total_cases,daily_cases,total_currently_infected,total_death,death_per_day
2020-02-15,18,0,16,0,0
2020-02-16,20,2,17,1,0
2020-02-17,22,2,19,1,0
2020-02-18,22,0,19,1,0
2020-02-19,23,1,20,1,0
2020-02-20,24,1,21,1,0
2020-02-21,26,2,23,1,0
2020-02-22,26,0,23,1,0
2020-02-23,28,2,25,1,0
2020-02-24,30,2,27,1,0
2020-02-25,31,1,25,1,0
2020-02-26,32,1,26,1,0
2020-02-27,32,0,26,1,0
2020-02-28,34,2,28,1,0
2020-02-29,39,5,29,1,0
2020-03-01,40,1,27,1,0
2020-03-02,41,1,28,1,0
2020-03-03,42,1,29,1,0
2020-03-04,42,0,29,1,0
2020-03-05,44,2,31,1,0
2020-03-06,45,1,29,1,0
2020-03-07,45,0,29,1,0
2020-03-08,45,0,29,1,0
2020-03-09,45,0,29,1,0
2020-03-10,47,2,29,1,0
2020-03-11,48,1,27,1,0
2020-03-12,49,1,28,1,0
2020-03-13,50,1,29,1,0
2020-03-14,53,3,32,1,0
2020-03-15,59,6,38,1,0
2020-03-16,67,8,46,1,0
2020-03-17,77,10,56,1,0
2020-03-18,100,23,77,1,0
2020-03-19,108,8,81,1,0
2020-03-20,135,27,105,2,1
2020-03-21,153,18,123,2,0
2020-03-22,169,16,139,2,0
2020-03-23,195,26,165,2,0
2020-03-24,216,21,185,2,0
2020-03-25,235,19,204,2,0
2020-03-26,252,17,221,2,0
2020-03-27,267,15,235,2,0
2020-03-28,283,16,251,2,0
2020-03-29,298,15,256,3,1
2020-03-30,306,8,262,5,2
2020-03-31,322,16,278,5,0
2020-04-01,329,7,279,5,0
2020-04-02,339,10,284,5,0
2020-04-03,348,9,293,5,0
2020-04-04,355,7,300,5,0
2020-04-05,363,8,304,5,0
2020-04-06,373,10,311,5,0
2020-04-07,376,3,310,5,0
2020-04-08,379,3,307,5,0
2020-04-09,380,1,295,5,0
2020-04-10,382,2,285,6,1
2020-04-11,385,3,280,6,0
2020-04-12,388,3,273,6,0
2020-04-13,393,5,273,6,0
2020-04-14,393,0,263,6,0
2020-04-15,395,2,252,6,0
2020-04-16,395,0,234,6,0
2020-04-17,395,0,223,6,0
2020-04-18,398,3,214,6,0
2020-04-19,420,22,225,6,0
2020-04-20,422,2,213,6,0
2020-04-21,425,3,202,6,0
2020-04-22,426,1,184,6,0
2020-04-23,427,1,168,6,0
2020-04-24,428,1,158,6,0
2020-04-25,429,1,148,6,0
2020-04-26,429,0,142,6,0
2020-04-27,429,0,133,6,0
2020-04-28,429,0,116,6,0
2020-04-29,429,0,112,6,0
2020-04-30,429,0,101,6,0
2020-05-01,429,0,99,6,0
2020-05-02,432,3,102,6,0
2020-05-03,432,0,94,6,0
2020-05-04,438,6,98,6,0
2020-05-05,438,0,98,6,0
2020-05-06,439,1,94,6,0
2020-05-07,440,1,87,6,0
2020-05-08,440,0,79,6,0
2020-05-09,440,0,73,6,0
2020-05-10,440,0,68,6,0
2020-05-11,440,0,65,7,1
2020-05-12,440,0,61,7,0
2020-05-13,440,0,58,7,0
2020-05-14,440,0,50,7,0
2020-05-15,440,0,46,7,0
2020-05-16,440,0,44,7,0
2020-05-17,440,0,38,7,0
2020-05-18,440,0,35,7,0
2020-05-19,440,0,32,7,0
2020-05-20,440,0,31,7,0
2020-05-21,441,1,27,7,0
2020-05-22,441,0,26,7,0
2020-05-23,441,0,23,7,0
2020-05-24,441,0,20,7,0
2020-05-25,441,0,19,7,0
2020-05-26,441,0,18,7,0
2020-05-27,441,0,15,7,0
2020-05-28,441,0,14,7,0
2020-05-29,442,1,15,7,0
2020-05-30,442,0,14,7,0
2020-05-31,442,0,12,7,0
2020-06-01,443,1,9,7,0
2020-06-02,443,0,9,7,0
2020-06-03,443,0,8,7,0
2020-06-04,443,0,8,7,0
2020-06-05,443,0,7,7,0
2020-06-06,443,0,7,7,0
2020-06-07,443,0,6,7,0
2020-06-08,443,0,6,7,0
2020-06-09,443,0,6,7,0
2020-06-10,443,0,5,7,0
2020-06-11,443,0,5,7,0
2020-06-12,443,0,5,7,0
2020-06-13,443,0,5,7,0
2020-06-14,443,0,5,7,0
2020-06-15,445,2,5,7,0
2020-06-16,445,0,5,7,0
2020-06-17,445,0,4,7,0
2020-06-18,446,1,5,7,0
2020-06-19,446,0,5,7,0
2020-06-20,446,0,5,7,0
2020-06-21,446,0,5,7,0
2020-06-22,446,0,4,7,0
2020-06-23,446,0,4,7,0
2020-06-24,446,0,4,7,0
2020-06-25,447,1,5,7,0
2020-06-26,447,0,5,7,0
2020-06-27,447,0,5,7,0
2020-06-28,447,0,5,7,0
2020-06-29,447,0,5,7,0
2020-06-30,447,0,3,7,0
2020-07-01,447,0,2,7,0
2020-07-02,448,1,3,7,0
2020-07-03,449,1,4,7,0
2020-07-04,449,0,4,7,0
2020-07-05,449,0,4,7,0
2020-07-06,449,0,4,7,0
2020-07-07,449,0,4,7,0
2020-07-08,449,0,4,7,0
2020-07-09,449,0,4,7,0
2020-07-10,451,2,6,7,0
2020-07-11,451,0,6,7,0
2020-07-12,451,0,6,7,0
2020-07-13,451,0,4,7,0
2020-07-14,451,0,4,7,0
2020-07-15,451,0,4,7,0
2020-07-16,452,1,5,7,0
2020-07-17,454,2,7,7,0
2020-07-18,454,0,7,7,0
2020-07-19,455,1,8,7,0
2020-07-20,455,0,8,7,0
2020-07-21,455,0,8,7,0
2020-07-22,455,0,8,7,0
2020-07-23,455,0,8,7,0
2020-07-24,458,3,11,7,0
2020-07-25,458,0,11,7,0
2020-07-26,458,0,11,7,0
2020-07-27,462,4,15,7,0
2020-07-28,467,5,20,7,0
2020-07-29,467,0,19,7,0
2020-07-30,467,0,19,7,0
2020-07-31,467,0,19,7,0
2020-08-01,474,7,26,7,0
2020-08-02,475,1,27,7,0
2020-08-03,475,0,27,7,0
2020-08-04,476,1,28,7,0
2020-08-05,476,0,26,7,0
2020-08-06,477,1,27,7,0
2020-08-07,477,0,27,7,0
2020-08-08,479,2,29,7,0
2020-08-09,480,1,30,7,0
2020-08-10,480,0,30,7,0
2020-08-11,480,0,30,7,0
2020-08-12,481,1,24,7,0
2020-08-13,481,0,24,7,0
2020-08-14,481,0,24,7,0
2020-08-15,482,1,25,7,0
2020-08-16,484,2,27,7,0
2020-08-17,485,1,28,7,0
2020-08-18,486,1,29,7,0
2020-08-19,486,0,22,7,0
2020-08-20,486,0,22,7,0
2020-08-21,487,1,23,7,0
2020-08-22,487,0,23,7,0
2020-08-23,487,0,23,7,0
2020-08-24,487,0,23,7,0
2020-08-25,487,0,23,7,0
2020-08-26,487,0,18,7,0
2020-08-27,487,0,18,7,0
2020-08-28,487,0,18,7,0
2020-08-29,488,1,19,7,0
2020-08-30,488,0,19,7,0
2020-08-31,488,0,19,7,0
2020-09-01,488,0,19,7,0
2020-09-02,489,1,11,7,0
2020-09-03,489,0,11,7,0
2020-09-04,490,1,12,7,0
2020-09-05,492,2,12,7,0
2020-09-06,493,1,13,7,0
2020-09-07,494,1,14,7,0
2020-09-08,495,1,13,7,0
2020-09-09,495,0,13,7,0
2020-09-10,496,1,14,7,0
2020-09-11,498,2,16,7,0
2020-09-12,498,0,16,7,0
2020-09-13,498,0,16,7,0
2020-09-14,499,1,16,7,0
2020-09-15,499,0,16,7,0
2020-09-16,500,1,16,7,0
2020-09-17,503,3,18,7,0
2020-09-18,503,0,18,7,0
2020-09-19,506,3,20,7,0
2020-09-20,507,1,21,7,0
2020-09-21,509,2,23,7,0
2020-09-22,509,0,23,7,0
2020-09-23,509,0,22,7,0
2020-09-24,509,0,22,7,0
2020-09-25,510,1,23,7,0
2020-09-26,510,0,23,7,0
2020-09-27,510,0,23,7,0
2020-09-28,513,3,26,7,0
2020-09-29,513,0,24,7,0
2020-09-30,514,1,24,7,0
2020-10-01,515,1,24,7,0
2020-10-02,517,2,26,7,0
2020-10-03,517,0,26,7,0
2020-10-04,517,0,26,7,0
2020-10-05,518,1,26,7,0
2020-10-06,521,3,29,7,0
2020-10-07,523,2,31,7,0
2020-10-08,524,1,32,7,0
2020-10-09,527,3,32,7,0
2020-10-10,527,0,32,7,0
2020-10-11,527,0,32,7,0
2020-10-12,529,2,33,7,0
2020-10-13,530,1,34,7,0
2020-10-14,530,0,32,7,0
2020-10-15,531,1,33,7,0
2020-10-16,535,4,37,7,0
2020-10-17,535,0,37,7,0
2020-10-18,535,0,37,7,0
2020-10-19,540,5,40,7,0
2020-10-20,543,3,41,7,0
2020-10-21,544,1,42,7,0
2020-10-22,548,4,44,7,0
2020-10-23,548,0,44,7,0
2020-10-24,550,2,46,7,0
2020-10-25,550,0,46,7,0
2020-10-26,550,0,46,7,0
2020-10-27,550,0,46,7,0
2020-10-28,550,0,35,7,0
2020-10-29,553,3,33,7,0
2020-10-30,554,1,33,7,0
2020-10-31,555,1,33,7,0
