time,total_cases,daily_cases,total_currently_infected,total_death,death_per_day,new_recoveries
2020-02-15,15,0,5,0,0,0
2020-02-16,15,0,5,0,0,0
2020-02-17,15,0,5,0,0,0
2020-02-18,15,0,5,0,0,0
2020-02-19,15,0,5,0,0,0
2020-02-20,17,2,6,0,0,1
2020-02-21,19,2,8,0,0,0
2020-02-22,21,2,10,0,0,0
2020-02-23,22,1,11,0,0,0
2020-02-24,22,0,11,0,0,0
2020-02-25,22,0,7,0,0,4
2020-02-26,23,1,8,0,0,0
2020-02-27,23,0,8,0,0,0
2020-02-28,25,2,10,0,0,0
2020-02-29,25,0,10,0,0,0
2020-03-01,29,4,13,1,1,0
2020-03-02,33,4,17,1,0,0
2020-03-03,39,6,17,1,0,6
2020-03-04,53,14,30,2,1,0
2020-03-05,60,7,36,2,0,1
2020-03-06,63,3,39,2,0,0
2020-03-07,74,11,49,3,1,0
2020-03-08,83,9,58,3,0,0
2020-03-09,93,10,68,3,0,0
2020-03-10,116,23,91,3,0,0
2020-03-11,128,12,101,3,0,2
2020-03-12,156,28,127,3,0,2
2020-03-13,199,43,170,3,0,0
2020-03-14,248,49,218,3,0,1
2020-03-15,300,52,268,5,2,0
2020-03-16,401,101,369,5,0,0
2020-03-17,455,54,423,5,0,0
2020-03-18,596,141,547,6,1,16
2020-03-19,756,160,703,7,1,3
2020-03-20,928,172,875,7,0,0
2020-03-21,1072,144,1019,7,0,0
2020-03-22,1609,537,1514,7,0,42
2020-03-23,1887,278,1762,7,0,30
2020-03-24,2317,430,2191,8,1,0
2020-03-25,2676,359,2547,11,3,0
2020-03-26,3050,374,2867,13,2,52
2020-03-27,3378,328,3195,13,0,0
2020-03-28,3635,257,3451,14,1,0
2020-03-29,4163,528,3902,17,3,74
2020-03-30,4460,297,4197,19,2,0
2020-03-31,4763,303,4398,20,1,101
2020-04-01,5048,285,4680,23,3,0
2020-04-02,5314,266,4704,25,2,240
2020-04-03,5454,140,4841,28,3,0
2020-04-04,5550,96,4935,30,2,0
2020-04-05,5750,200,4633,37,7,495
2020-04-06,5895,145,3418,45,8,1352
2020-04-07,5988,93,3392,49,4,115
2020-04-08,6052,64,3189,50,1,266
2020-04-09,6152,100,3114,51,1,174
2020-04-10,6238,86,3043,54,3,154
2020-04-11,6303,65,2982,56,2,124
2020-04-12,6313,10,2916,59,3,73
2020-04-13,6359,46,2804,61,2,156
2020-04-14,6400,41,2741,61,0,104
2020-04-15,6447,47,2698,63,2,88
2020-04-16,6468,21,2658,63,0,61
2020-04-17,6533,65,2647,65,2,74
2020-04-18,6586,53,2349,70,5,346
2020-04-19,6612,26,2311,71,1,63
2020-04-20,6625,13,2296,71,0,28
2020-04-21,6645,20,1889,71,0,427
2020-04-22,6649,4,1655,74,3,235
2020-04-23,6667,18,1547,75,1,125
2020-04-24,6675,8,1460,79,4,91
2020-04-25,6695,20,1243,80,1,236
2020-04-26,6716,21,1073,83,3,188
2020-04-27,6720,4,1051,83,0,26
2020-04-28,6738,18,1024,88,5,40
2020-04-29,6746,8,990,89,1,41
2020-04-30,6754,8,947,92,3,48
2020-05-01,6767,13,929,93,1,30
2020-05-02,6781,14,899,93,0,44
2020-05-03,6801,20,889,95,2,28
2020-05-04,6825,24,871,95,0,42
2020-05-05,6849,24,864,96,1,30
2020-05-06,6875,26,794,97,1,95
2020-05-07,6896,21,759,97,0,56
2020-05-08,6914,18,738,97,0,39
2020-05-09,6929,15,697,97,0,56
2020-05-10,6941,12,681,97,0,28
2020-05-11,6948,7,672,97,0,16
2020-05-12,6964,16,638,97,0,50
2020-05-13,6980,16,611,98,1,42
2020-05-14,6989,9,590,98,0,30
2020-05-15,7019,30,584,98,0,36
2020-05-16,7036,17,576,98,0,25
2020-05-17,7045,9,580,98,0,5
2020-05-18,7060,15,569,99,1,25
2020-05-19,7068,8,555,100,1,21
2020-05-20,7079,11,535,100,0,31
2020-05-21,7081,2,509,100,0,28
2020-05-22,7095,14,515,101,1,7
2020-05-23,7111,16,515,102,1,15
2020-05-24,7114,3,504,102,0,14
2020-05-25,7118,4,485,102,0,23
2020-05-26,7133,15,478,102,0,22
2020-05-27,7139,6,471,102,0,13
2020-05-28,7150,11,468,102,0,14
2020-05-29,7173,23,489,102,0,2
2020-05-30,7185,12,477,102,0,24
2020-05-31,7195,10,479,102,0,8
2020-06-01,7204,9,483,102,0,5
2020-06-02,7221,17,493,102,0,7
2020-06-03,7229,8,487,102,0,14
2020-06-04,7240,11,490,102,0,8
2020-06-05,7251,11,466,102,0,35
2020-06-06,7255,4,463,102,0,7
2020-06-07,7260,5,455,102,0,13
2020-06-08,7265,5,457,102,0,3
2020-06-09,7267,2,445,102,0,14
2020-06-10,7276,9,430,102,0,24
2020-06-11,7285,9,422,102,0,17
2020-06-12,7290,5,405,102,0,22
2020-06-13,7302,12,388,102,0,29
2020-06-14,7320,18,380,102,0,26
2020-06-15,7335,15,382,102,0,13
2020-06-16,7347,12,392,102,0,2
2020-06-17,7370,23,409,102,0,6
2020-06-18,7391,21,412,102,0,18
2020-06-19,7409,18,429,102,0,1
2020-06-20,7436,27,453,102,0,3
2020-06-21,7461,25,463,102,0,15
2020-06-22,7474,13,469,102,0,7
2020-06-23,7492,18,486,102,0,1
2020-06-24,7521,29,503,103,1,11
2020-06-25,7558,37,523,104,1,16
2020-06-26,7595,37,533,104,0,27
2020-06-27,7641,46,558,104,0,21
2020-06-28,7686,45,603,104,0,0
2020-06-29,7767,81,655,104,0,29
2020-06-30,7836,69,724,104,0,0
2020-07-01,7920,84,776,104,0,32
2020-07-02,8001,81,807,104,0,50
2020-07-03,8255,254,832,104,0,229
2020-07-04,8362,107,903,104,0,36
2020-07-05,8449,87,946,104,0,44
2020-07-06,8586,137,1060,106,2,21
2020-07-07,8755,169,1194,106,0,35
2020-07-08,8886,131,1293,106,0,32
2020-07-09,9059,173,1380,106,0,86
2020-07-10,9359,300,1677,106,0,3
2020-07-11,9553,194,1716,107,1,154
2020-07-12,9796,243,1961,108,1,-3
2020-07-13,9980,184,2104,108,0,41
2020-07-14,10250,270,2307,108,0,67
2020-07-15,10487,237,2448,111,3,93
2020-07-16,10810,323,2662,113,2,107
2020-07-17,11235,425,3002,116,3,82
2020-07-18,11441,206,3162,118,2,44
2020-07-19,11802,361,3407,122,4,112
2020-07-20,12069,267,3502,123,1,171
2020-07-21,12428,359,3858,126,3,0
2020-07-22,12896,468,4115,128,2,209
2020-07-23,13306,410,4398,133,5,122
2020-07-24,13595,289,4527,139,6,154
2020-07-25,13950,355,4788,145,6,88
2020-07-26,14403,453,5078,155,10,153
2020-07-27,14935,532,5463,161,6,141
2020-07-28,15304,369,5706,167,6,120
2020-07-29,15582,278,5787,176,9,188
2020-07-30,16303,721,6356,189,13,139
2020-07-31,16905,602,6726,197,8,224
2020-08-01,17282,377,6879,201,4,220
2020-08-02,17923,641,7295,208,7,218
2020-08-03,18318,395,7475,221,13,202
2020-08-04,18730,412,7876,232,11,0
2020-08-05,19444,714,8398,247,15,177
2020-08-06,19862,418,8495,255,8,313
2020-08-07,20272,410,8686,266,11,208
2020-08-08,20698,426,8859,278,12,241
2020-08-09,21084,386,8920,295,17,308
2020-08-10,21397,313,8950,313,18,265
2020-08-11,21713,316,8995,331,18,253
2020-08-12,22127,414,8996,352,21,392
2020-08-13,22358,231,8996,361,9,222
2020-08-14,22743,385,9018,375,14,349
2020-08-15,23035,292,9022,379,4,284
2020-08-16,23288,253,8812,396,17,446
2020-08-17,23559,271,8599,421,25,459
2020-08-18,23773,214,8406,438,17,390
2020-08-19,23993,220,8297,450,12,317
2020-08-20,24236,243,5919,463,13,2608
2020-08-21,24407,171,5475,472,9,606
2020-08-22,24602,195,5358,485,13,299
2020-08-23,24812,210,5077,502,17,474
2020-08-24,24916,104,4796,517,15,370
2020-08-25,25053,137,4714,525,8,211
2020-08-26,25204,151,4555,549,24,286
2020-08-27,25322,118,4384,572,23,266
2020-08-28,25448,126,4232,583,11,267
2020-08-29,25547,99,4091,600,17,223
2020-08-30,25670,123,3943,611,11,260
2020-08-31,25746,76,3744,652,41,234
2020-09-01,25819,73,3659,657,5,153
2020-09-02,25923,104,3570,663,6,187
2020-09-03,26049,126,3459,678,15,222
2020-09-04,26136,87,3230,737,59,257
2020-09-05,26207,71,3129,748,11,161
2020-09-06,26279,72,3059,753,5,137
2020-09-07,26322,43,2957,762,9,136
2020-09-08,26374,52,2880,770,8,121
2020-09-09,26465,91,2821,781,11,139
2020-09-10,26513,48,2689,788,7,173
2020-09-11,26565,52,2551,797,9,181
2020-09-12,26607,42,2475,803,6,112
2020-09-13,26651,44,2379,810,7,133
2020-09-14,26692,41,2298,816,6,116
2020-09-15,26739,47,2271,816,0,74
2020-09-16,26779,40,2229,824,8,74
2020-09-17,26813,34,2189,832,8,66
2020-09-18,26861,48,2169,837,5,63
2020-09-19,26885,24,2079,844,7,107
2020-09-20,26898,13,1987,849,5,100
2020-09-21,26912,14,1904,851,2,95
2020-09-22,26942,30,1870,854,3,61
2020-09-23,26974,32,1699,859,5,198
2020-09-24,26983,9,1674,861,2,32
2020-09-25,27000,17,1608,869,8,75
2020-09-26,27016,16,1575,870,1,48
2020-09-27,27040,24,1536,872,2,61
2020-09-28,27044,4,1493,875,3,44
2020-09-29,27063,19,1464,882,7,41
2020-09-30,27078,15,1438,886,4,37
2020-10-01,27096,18,1424,888,2,30
2020-10-02,27113,17,1399,890,2,40
2020-10-03,27121,8,1378,893,3,26
2020-10-04,27136,15,1376,894,1,16
2020-10-05,27149,13,1363,894,0,26
2020-10-06,27174,25,1362,895,1,25
2020-10-07,27182,8,1348,897,2,20
2020-10-08,27206,24,1358,897,0,14
2020-10-09,27229,23,1360,897,0,21
2020-10-10,27244,15,1360,897,0,15
2020-10-11,27265,21,1369,898,1,11
2020-10-12,27286,21,1375,898,0,15
2020-10-13,27317,31,1381,899,1,24
2020-10-14,27341,24,1390,904,5,10
2020-10-15,27362,21,1397,904,0,14
2020-10-16,27371,9,1378,904,0,28
2020-10-17,27383,12,1381,904,0,9
2020-10-18,27391,8,1379,904,0,10
2020-10-19,27399,8,1382,905,1,4
2020-10-20,27429,30,1398,905,0,14
2020-10-21,27444,15,1392,905,0,21
2020-10-22,27466,22,1402,905,0,12
2020-10-23,27484,18,1410,905,0,10
2020-10-24,27499,15,1413,905,0,12
2020-10-25,27520,21,1427,905,0,7
2020-10-26,27527,7,1416,905,0,18
2020-10-27,27541,14,1423,905,0,7
2020-10-28,27554,13,1422,907,2,12
2020-10-29,27569,15,1423,907,0,14
2020-10-30,27582,13,1430,907,0,6
2020-10-31,27590,8,1359,907,0,79
2020-11-01,27595,5,1352,907,0,12
2020-11-02,27602,7,1339,907,0,20
2020-11-03,27610,8,1319,907,0,28
2020-11-04,27622,12,1308,907,0,23
2020-11-05,27634,12,1307,907,0,13
2020-11-06,27645,11,1310,907,0,8
2020-11-07,27652,7,1305,907,0,12
2020-11-08,27658,6,1300,907,0,11
2020-11-09,27668,10,1307,907,0,3
2020-11-10,27678,10,1314,907,0,3
2020-11-11,27686,8,1320,907,0,2
2020-11-12,27699,13,1328,907,0,5
2020-11-13,27703,4,1326,907,0,6
2020-11-14,27711,8,1322,907,0,12
2020-11-15,27728,17,1331,907,0,8
2020-11-16,27750,22,1345,907,0,8
2020-11-17,27760,10,1349,907,0,6
2020-11-18,27777,17,1364,907,0,2
2020-11-19,27784,7,1369,907,0,2
2020-11-20,27792,8,1374,907,0,3
2020-11-21,27806,14,1378,907,0,10
2020-11-22,27821,15,1392,907,0,1
2020-11-23,27835,14,1399,907,0,7
2020-11-24,27849,14,1405,907,0,8
2020-11-25,27856,7,1406,907,0,6
2020-11-26,27867,11,1395,907,0,22
2020-11-27,27874,7,1397,907,0,5
2020-11-28,27885,11,1393,907,0,15
2020-11-29,27893,8,1397,907,0,4
2020-11-30,27904,11,1398,908,1,9
2020-12-01,27912,8,1402,908,0,4
2020-12-02,27923,11,1403,908,0,10
2020-12-03,27939,16,1413,908,0,6
2020-12-04,27949,10,1411,908,0,12
2020-12-05,27956,7,1412,908,0,6
2020-12-06,27965,9,1418,908,0,3
2020-12-07,27972,7,1422,908,0,3
2020-12-08,27987,15,1433,908,0,4
2020-12-09,27993,6,1428,908,0,11
2020-12-10,28000,7,1429,908,0,6
2020-12-11,28012,12,1439,908,0,2
2020-12-12,28025,13,1446,908,0,6
2020-12-13,28031,6,1448,908,0,4
2020-12-14,28039,8,1447,908,0,9
2020-12-15,28048,9,1451,908,0,5
2020-12-16,28059,11,1460,908,0,2
2020-12-17,28071,12,1467,908,0,5
2020-12-18,28094,23,1486,908,0,4
2020-12-19,28128,34,1519,908,0,1
