time,total_cases,daily_cases,total_currently_infected,total_death,death_per_day
2020-02-15,0,0,0,0,0
2020-02-16,0,0,0,0,0
2020-02-17,0,0,0,0,0
2020-02-18,0,0,0,0,0
2020-02-19,0,0,0,0,0
2020-02-20,0,0,0,0,0
2020-02-21,0,0,0,0,0
2020-02-22,0,0,0,0,0
2020-02-23,0,0,0,0,0
2020-02-24,0,0,0,0,0
2020-02-25,0,0,0,0,0
2020-02-26,1,0,1,0,0
2020-02-27,4,3,4,0,0
2020-02-28,6,2,6,0,0
2020-02-29,15,9,15,0,0
2020-03-01,19,4,19,0,0
2020-03-02,25,6,25,0,0
2020-03-03,33,8,33,0,0
2020-03-04,59,26,59,0,0
2020-03-05,94,35,94,0,0
2020-03-06,127,33,126,0,0
2020-03-07,156,29,156,0,0
2020-03-08,176,20,175,0,0
2020-03-09,227,51,226,0,0
2020-03-10,400,173,399,0,0
2020-03-11,629,229,628,0,0
2020-03-12,800,171,798,1,1
2020-03-13,996,196,994,1,0
2020-03-14,1109,113,1105,3,2
2020-03-15,1256,147,1252,3,0
2020-03-16,1348,92,1344,3,0
2020-03-17,1471,123,1467,3,0
2020-03-18,1591,120,1584,6,3
2020-03-19,1790,199,1782,7,1
2020-03-20,1959,169,1951,7,0
2020-03-21,2164,205,2151,7,0
2020-03-22,2385,221,2372,7,0
2020-03-23,2625,240,2609,10,3
2020-03-24,2866,241,2848,12,2
2020-03-25,3084,218,3064,14,2
2020-03-26,3372,288,3352,14,0
2020-03-27,3771,399,3745,19,5
2020-03-28,4015,244,3985,23,4
2020-03-29,4284,269,4251,26,3
2020-03-30,4445,161,4401,32,6
2020-03-31,4641,196,4589,39,7
2020-04-01,4877,236,4820,44,5
2020-04-02,5147,270,5065,50,6
2020-04-03,5370,223,5279,59,9
2020-04-04,5550,180,5456,62,3
2020-04-05,5687,137,5584,71,9
2020-04-06,5865,178,5757,76,5
2020-04-07,6086,221,5965,89,13
2020-04-08,6042,-44,5909,101,12
2020-04-09,6219,177,6079,108,7
2020-04-10,6314,95,6169,113,5
2020-04-11,6409,95,6258,119,6
2020-04-12,6525,116,6365,128,9
2020-04-13,6603,78,6437,134,6
2020-04-14,6623,20,6452,139,5
2020-04-15,6797,174,6615,150,11
2020-04-16,6905,108,6721,152,2
2020-04-17,6937,32,6744,161,9
2020-04-18,7036,99,6840,164,3
2020-04-19,7078,42,6881,165,1
2020-04-20,7156,78,6943,181,16
2020-04-21,7241,85,7027,182,1
2020-04-22,7338,97,7119,187,5
2020-04-23,7401,63,7175,194,7
2020-04-24,7463,62,7232,199,5
2020-04-25,7493,30,7260,201,2
2020-04-26,7527,34,7294,201,0
2020-04-27,7599,72,7362,205,4
2020-04-28,7660,61,7422,206,1
2020-04-29,7710,50,7471,207,1
2020-04-30,7738,28,7496,210,3
2020-05-01,7783,45,7541,210,0
2020-05-02,7809,26,7566,211,1
2020-05-03,7847,38,7604,211,0
2020-05-04,7904,57,7658,214,3
2020-05-05,7955,51,7708,215,1
2020-05-06,7996,41,7748,216,1
2020-05-07,8034,38,7785,217,1
2020-05-08,8070,36,7820,218,1
2020-05-09,8099,29,7848,219,1
2020-05-10,8105,6,7854,219,0
2020-05-11,8132,27,7876,224,5
2020-05-12,8157,25,7897,228,4
2020-05-13,8175,18,7914,229,1
2020-05-14,8196,21,7932,232,3
2020-05-15,8219,23,7955,232,0
2020-05-16,8237,18,7973,232,0
2020-05-17,8249,12,7985,232,0
2020-05-18,8257,8,7992,233,1
2020-05-19,8267,10,8002,233,0
2020-05-20,8281,14,8015,234,1
2020-05-21,8309,28,8042,235,1
2020-05-22,8332,23,370,235,0
2020-05-23,8346,14,384,235,0
2020-05-24,8352,6,390,235,0
2020-05-25,8364,12,402,235,0
2020-05-26,8383,19,421,235,0
2020-05-27,8401,18,439,235,0
2020-05-28,8411,10,448,236,1
2020-05-29,8422,11,459,236,0
2020-05-30,8437,15,474,236,0
2020-05-31,8440,3,477,236,0
2020-06-01,8446,6,483,236,0
2020-06-02,8455,9,491,237,1
2020-06-03,8477,22,513,237,0
2020-06-04,8504,27,128,238,1
2020-06-05,8522,18,146,238,0
2020-06-06,8531,9,155,238,0
2020-06-07,8547,16,171,238,0
2020-06-08,8561,14,184,239,1
2020-06-09,8576,15,199,239,0
2020-06-10,8594,18,217,239,0
2020-06-11,8608,14,228,242,3
2020-06-12,8620,12,240,242,0
2020-06-13,8628,8,248,242,0
2020-06-14,8631,3,251,242,0
2020-06-15,8647,16,267,242,0
2020-06-16,8660,13,280,242,0
2020-06-17,8692,32,311,243,1
2020-06-18,8708,16,326,244,1
2020-06-19,8726,18,344,244,0
2020-06-20,8742,16,360,244,0
2020-06-21,8745,3,363,244,0
2020-06-22,8751,6,365,248,4
2020-06-23,8772,21,386,248,0
2020-06-24,8788,16,401,249,1
2020-06-25,8788,0,401,249,0
2020-06-26,8832,44,445,249,0
2020-06-27,8846,14,459,249,0
2020-06-28,8855,9,468,249,0
2020-06-29,8862,7,475,249,0
2020-06-30,8879,17,491,250,1
2020-07-01,8896,17,507,251,1
2020-07-02,8902,6,513,251,0
2020-07-03,8921,19,532,251,0
2020-07-04,8926,5,537,251,0
2020-07-05,8930,4,541,251,0
2020-07-06,8936,6,547,251,0
2020-07-07,8947,11,558,251,0
2020-07-08,8950,3,561,251,0
2020-07-09,8965,15,575,252,1
2020-07-10,8974,9,584,252,0
2020-07-11,8977,3,587,252,0
2020-07-12,8981,4,591,252,0
2020-07-13,8984,3,593,253,1
2020-07-14,9001,17,610,253,0
2020-07-15,9011,10,620,253,0
2020-07-16,9015,4,623,254,1
2020-07-17,9025,10,632,255,1
2020-07-18,9028,3,635,255,0
2020-07-19,9028,0,635,255,0
2020-07-20,9034,6,641,255,0
2020-07-21,9053,19,660,255,0
2020-07-22,9059,6,666,255,0
2020-07-23,9085,26,156,255,0
2020-07-24,9092,7,163,255,0
2020-07-25,9111,19,182,255,0
2020-07-26,9117,6,110,255,0
2020-07-27,9132,15,125,255,0
2020-07-28,9150,18,143,255,0
2020-07-29,9172,22,165,255,0
2020-07-30,9208,36,201,255,0
2020-07-31,9240,32,233,255,0
2020-08-01,9253,13,246,255,0
2020-08-02,9268,15,261,255,0
2020-08-03,9334,66,326,256,1
2020-08-04,9362,28,354,256,0
2020-08-05,9409,47,401,256,0
2020-08-06,9468,59,355,256,0
2020-08-07,9551,83,438,256,0
2020-08-08,9599,48,486,256,0
2020-08-09,9638,39,525,256,0
2020-08-10,9684,46,571,256,0
2020-08-11,9750,66,637,256,0
2020-08-12,9783,33,670,256,0
2020-08-13,9851,68,737,257,1
2020-08-14,9908,57,790,261,4
2020-08-15,9965,57,847,261,0
2020-08-16,10005,40,887,261,0
2020-08-17,10060,55,942,261,0
2020-08-18,10111,51,992,262,1
2020-08-19,10162,51,1043,262,0
2020-08-20,10197,35,783,264,2
2020-08-21,10275,78,861,264,0
2020-08-22,10299,24,885,264,0
2020-08-23,10323,24,909,264,0
2020-08-24,10395,72,981,264,0
2020-08-25,10454,59,1040,264,0
2020-08-26,10504,50,1090,264,0
2020-08-27,10542,38,930,264,0
2020-08-28,10582,40,970,264,0
2020-08-29,10611,29,999,264,0
2020-08-30,10643,32,1031,264,0
2020-08-31,10782,139,1170,264,0
2020-09-01,10871,89,1259,264,0
2020-09-02,11034,163,1422,264,0
2020-09-03,11120,86,1508,264,0
2020-09-04,11231,111,1619,264,0
2020-09-05,11296,65,1684,264,0
2020-09-06,11388,92,1776,264,0
2020-09-07,11521,133,1909,264,0
2020-09-08,11624,103,2012,264,0
2020-09-09,11746,122,2134,264,0
2020-09-10,11866,120,2253,265,1
2020-09-11,12003,137,1367,265,0
2020-09-12,12079,76,1443,265,0
2020-09-13,12154,75,1518,265,0
2020-09-14,12276,122,1640,265,0
2020-09-15,12393,117,1757,265,0
2020-09-16,12498,105,1862,265,0
2020-09-17,12644,146,2007,266,1
2020-09-18,12769,125,2131,267,1
2020-09-19,12858,89,2220,267,0
2020-09-20,12897,39,2259,267,0
2020-09-21,13005,108,2367,267,0
2020-09-22,13153,148,2515,267,0
2020-09-23,13277,124,2639,267,0
2020-09-24,13406,129,2765,270,3
2020-09-25,13545,139,2904,270,0
2020-09-26,13627,82,2167,270,0
2020-09-27,13698,71,2238,270,0
2020-09-28,13788,90,2324,274,4
2020-09-29,13914,126,2450,274,0
2020-09-30,14027,113,2563,274,0
2020-10-01,14149,122,2685,274,0
2020-10-02,14284,135,2819,275,1
2020-10-03,14362,78,2897,275,0
2020-10-04,14457,95,2992,275,0
2020-10-05,14604,147,3139,275,0
2020-10-06,14784,180,3319,275,0
2020-10-07,15012,228,2874,275,0
2020-10-08,15221,209,3083,275,0
2020-10-09,15388,167,3250,275,0
2020-10-10,15466,78,3328,275,0
2020-10-11,15524,58,3386,275,0
2020-10-12,15639,115,3500,276,1
2020-10-13,15791,152,3651,277,1
2020-10-14,15953,162,3813,277,0
2020-10-15,16136,183,3995,278,1
2020-10-16,16272,136,4131,278,0
2020-10-17,16369,97,4228,278,0
2020-10-18,16456,87,4315,278,0
2020-10-19,16603,147,4462,278,0
2020-10-20,16771,168,4630,278,0
2020-10-21,16964,193,4822,279,1
2020-10-22,17232,268,5090,279,0
2020-10-23,17532,300,5390,279,0
2020-10-24,17749,217,5607,279,0
2020-10-25,17909,160,5767,279,0
2020-10-26,18342,433,6200,279,0
2020-10-27,18666,324,6523,280,1
2020-10-28,19069,403,6926,280,0
2020-10-29,19564,495,7420,281,1
2020-10-30,20062,498,7917,282,1
2020-10-31,20331,269,8186,282,0
