time,total_cases,daily_cases,total_currently_infected,total_death,death_per_day
2020-02-15,0,0,0,0,0
2020-02-16,0,0,0,0,0
2020-02-17,0,0,0,0,0
2020-02-18,0,0,0,0,0
2020-02-19,0,0,0,0,0
2020-02-20,0,0,0,0,0
2020-02-21,0,0,0,0,0
2020-02-22,0,0,0,0,0
2020-02-23,0,0,0,0,0
2020-02-24,0,0,0,0,0
2020-02-25,0,0,0,0,0
2020-02-26,0,0,0,0,0
2020-02-27,0,0,0,0,0
2020-02-28,0,0,0,0,0
2020-02-29,0,0,0,0,0
2020-03-01,0,0,0,0,0
2020-03-02,2,0,2,0,0
2020-03-03,2,0,2,0,0
2020-03-04,2,0,2,0,0
2020-03-05,2,0,2,0,0
2020-03-06,4,2,4,0,0
2020-03-07,4,0,4,0,0
2020-03-08,6,2,6,0,0
2020-03-09,19,13,19,0,0
2020-03-10,27,8,25,0,0
2020-03-11,34,7,31,1,1
2020-03-12,34,0,30,1,0
2020-03-13,69,35,60,4,3
2020-03-14,96,27,83,5,1
2020-03-15,117,21,104,5,0
2020-03-16,134,17,121,5,0
2020-03-17,172,38,156,7,2
2020-03-18,227,55,197,19,12
2020-03-19,309,82,269,25,6
2020-03-20,369,60,320,32,7
2020-03-21,450,81,392,38,6
2020-03-22,514,64,437,48,10
2020-03-23,579,65,500,49,1
2020-03-24,686,107,601,55,6
2020-03-25,790,104,701,58,3
2020-03-26,893,103,780,78,20
2020-03-27,1046,153,913,87,9
2020-03-28,1155,109,994,102,15
2020-03-29,1285,130,1107,114,12
2020-03-30,1414,129,1217,122,8
2020-03-31,1528,114,1311,136,14
2020-04-01,1677,149,1417,157,21
2020-04-02,1790,113,1508,170,13
2020-04-03,1986,196,1671,181,11
2020-04-04,2092,106,1751,191,10
2020-04-05,2273,181,1911,198,7
2020-04-06,2491,218,2090,209,11
2020-04-07,2738,247,2313,221,12
2020-04-08,2956,218,2494,240,19
2020-04-09,3293,337,2761,280,40
2020-04-10,3512,219,2924,306,26
2020-04-11,3842,330,3229,327,21
2020-04-12,4241,399,3509,373,46
2020-04-13,4557,316,3778,399,26
2020-04-14,4839,282,3954,459,60
2020-04-15,5136,297,4221,469,10
2020-04-16,5516,380,4472,496,27
2020-04-17,5923,407,4796,520,24
2020-04-18,6248,325,5082,535,15
2020-04-19,6575,327,5307,582,47
2020-04-20,6760,185,5423,590,8
2020-04-21,7135,375,5677,616,26
2020-04-22,7418,283,5870,635,19
2020-04-23,7775,357,6168,647,12
2020-04-24,8211,436,6520,689,42
2020-04-25,8607,396,6845,720,31
2020-04-26,8882,275,7032,743,23
2020-04-27,9096,214,7180,765,22
2020-04-28,9511,415,7484,773,8
2020-04-29,9771,260,7596,784,11
2020-04-30,10118,347,7804,792,8
2020-05-01,10551,433,8160,800,8
2020-05-02,10843,292,8347,831,31
2020-05-03,11192,349,8471,845,14
2020-05-04,11587,395,8769,864,19
2020-05-05,12071,484,9002,872,8
2020-05-06,12438,367,9226,895,23
2020-05-07,12776,338,9465,930,35
2020-05-08,13112,336,9675,943,13
2020-05-09,13645,533,10079,959,16
2020-05-10,14032,387,10361,973,14
2020-05-11,14265,233,10393,991,18
2020-05-12,14749,484,10679,1007,16
2020-05-13,15438,689,11123,1028,21
2020-05-14,16006,568,11445,1043,15
2020-05-15,16496,490,11617,1076,33
2020-05-16,17025,529,12025,1089,13
2020-05-17,17514,489,12237,1148,59
2020-05-18,18010,496,12495,1191,43
2020-05-19,18496,486,12808,1221,30
2020-05-20,19189,693,13372,1242,21
2020-05-21,20162,973,14046,1278,36
2020-05-22,20796,634,14413,1326,48
2020-05-23,21745,949,15145,1351,25
2020-05-24,22271,526,15497,1372,21
2020-05-25,22750,479,15717,1391,19
2020-05-26,23165,415,15870,1418,27
2020-05-27,23851,686,16321,1473,55
2020-05-28,24538,687,16802,1496,23
2020-05-29,25216,678,17204,1520,24
2020-05-30,25773,557,17185,1573,53
2020-05-31,26473,700,17552,1613,40
2020-06-01,26940,467,17662,1641,28
2020-06-02,27549,609,17951,1663,22
2020-06-03,28233,684,18129,1698,35
2020-06-04,28818,585,18205,1721,23
2020-06-05,29521,703,18308,1770,49
2020-06-06,30514,993,18806,1801,31
2020-06-07,31186,672,18837,1851,50
2020-06-08,32033,847,19246,1883,32
2020-06-09,33076,1043,19739,1923,40
2020-06-10,34316,1240,20228,1959,36
2020-06-11,35295,979,20659,2000,41
2020-06-12,36406,1111,21145,2048,48
2020-06-13,37420,1014,21553,2091,43
2020-06-14,38277,857,21612,2134,43
2020-06-15,39294,1017,21973,2198,64
2020-06-16,40400,1106,22466,2231,33
2020-06-17,41431,1031,22912,2276,45
2020-06-18,42762,1331,23625,2339,63
2020-06-19,43803,1041,24081,2373,34
2020-06-20,45029,1226,24717,2429,56
2020-06-21,45891,862,25022,2465,36
2020-06-22,46845,954,25610,2500,35
2020-06-23,47896,1051,26120,2535,35
2020-06-24,49009,1113,26778,2573,38
2020-06-25,50187,1178,27118,2620,47
2020-06-26,51427,1240,27411,2683,63
2020-06-27,52812,1385,28183,2720,37
2020-06-28,54010,1198,28320,2754,34
2020-06-29,55092,1082,28487,2805,51
2020-06-30,56385,1293,28703,2876,71
2020-07-01,57770,1385,29241,2934,58
2020-07-02,59394,1624,29740,2987,53
2020-07-03,60695,1301,30091,3036,49
2020-07-04,62142,1447,30834,3089,53
2020-07-05,63749,1607,31473,3171,82
2020-07-06,64958,1209,31798,3241,70
2020-07-07,66226,1268,32132,3309,68
2020-07-08,68079,1853,33135,3359,50
2020-07-09,70736,2657,34668,3417,58
2020-07-10,72347,1611,35349,3469,52
2020-07-11,74018,1671,35764,3535,66
2020-07-12,75699,1681,36455,3606,71
2020-07-13,76981,1282,36636,3656,50
2020-07-14,78572,1591,37226,3710,54
2020-07-15,80094,1522,37247,3797,87
2020-07-16,81668,1574,37450,3873,76
2020-07-17,83130,1462,37339,3957,84
2020-07-18,84882,1752,37598,4016,59
2020-07-19,86521,1639,36977,4143,127
2020-07-20,88214,1693,36998,4239,96
2020-07-21,89869,1655,37083,4320,81
2020-07-22,91751,1882,37037,4459,139
2020-07-23,93657,1906,36917,4576,117
2020-07-24,95418,1761,36808,4665,89
2020-07-25,97286,1868,37218,4714,49
2020-07-26,98778,1492,37342,4781,67
2020-07-27,100303,1525,37292,4838,57
2020-07-28,102051,1748,36611,4901,63
2020-07-29,104432,2381,37319,4975,74
2020-07-30,106336,1904,36986,5058,83
2020-07-31,108376,2040,37338,5131,73
2020-08-01,109936,1560,36824,5193,62
2020-08-02,111455,1519,37244,5236,43
2020-08-03,113134,1679,37595,5302,66
2020-08-04,115056,1922,37618,5388,86
2020-08-05,116871,1815,37530,5452,64
2020-08-06,118753,1882,37587,5521,69
2020-08-07,121226,2473,38076,5593,72
2020-08-08,123503,2277,38539,5658,65
2020-08-09,125396,1893,38721,5723,65
2020-08-10,127083,1687,39082,5765,42
2020-08-11,128776,1693,39242,5824,59
2020-08-12,130718,1942,39017,5903,79
2020-08-13,132816,2098,39290,5968,65
2020-08-14,135123,2307,39484,6021,53
2020-08-15,137468,2345,40076,6071,50
2020-08-16,139549,2081,40296,6150,79
2020-08-17,141370,1821,40705,6207,57
2020-08-18,143043,1673,40460,6277,70
2020-08-19,144945,1902,39942,6346,69
2020-08-20,147211,2266,40119,6418,72
2020-08-21,149408,2197,39917,6500,82
2020-08-22,151498,2090,39706,6594,94
2020-08-23,153535,2037,39355,6680,86
2020-08-24,155412,1877,37593,6759,79
2020-08-25,157859,2447,38134,6858,99
2020-08-26,160165,2306,37812,6944,86
2020-08-27,162884,2719,37245,7064,120
2020-08-28,165887,3003,37818,7169,105
2020-08-29,169195,3308,39132,7261,92
2020-08-30,172053,2858,40525,7343,82
2020-08-31,174796,2743,41420,7417,74
2020-09-01,177571,2775,42009,7505,88
2020-09-02,180646,3075,43059,7616,111
2020-09-03,184268,3622,44463,7750,134
2020-09-04,187537,3269,45524,7832,82
2020-09-05,190665,3128,46324,7940,108
2020-09-06,194109,3444,47509,8025,85
2020-09-07,196989,2880,48207,8130,105
2020-09-08,200035,3046,48847,8230,100
2020-09-09,203342,3307,49806,8336,106
2020-09-10,207203,3861,51237,8456,120
2020-09-11,210940,3737,52179,8544,88
2020-09-12,214746,3806,53638,8650,106
2020-09-13,218382,3636,54649,8723,73
2020-09-14,221523,3141,54277,8841,118
2020-09-15,225030,3507,55000,8965,124
2020-09-16,228993,3963,55792,9100,135
2020-09-17,232628,3635,56720,9222,122
2020-09-18,236519,3891,56409,9336,114
2020-09-19,240687,4168,56889,9448,112
2020-09-20,244676,3989,57796,9553,105
2020-09-21,248852,4176,58378,9677,124
2020-09-22,252923,4071,58788,9837,160
2020-09-23,257388,4465,59453,9977,140
2020-09-24,262022,4634,60064,10105,128
2020-09-25,266845,4823,60431,10218,113
2020-09-26,271339,4494,61628,10308,90
2020-09-27,275213,3874,61813,10386,78
2020-09-28,278722,3509,61379,10473,87
2020-09-29,282724,4002,61686,10601,128
2020-09-30,287008,4284,61321,10740,139
2020-10-01,291182,4174,61839,10856,116
2020-10-02,295499,4317,63187,10972,116
2020-10-03,299506,4007,63399,11055,83
2020-10-04,303498,3992,63894,11151,96
2020-10-05,307120,3622,63274,11253,102
2020-10-06,311176,4056,63365,11374,121
2020-10-07,315714,4538,63951,11472,98
2020-10-08,320564,4850,64924,11580,108
2020-10-09,324658,4094,65314,11677,97
2020-10-10,328952,4294,65706,11765,88
2020-10-11,333449,4497,66578,11844,79
2020-10-12,336716,3267,66262,11935,91
2020-10-13,340622,3906,65299,12027,92
2020-10-14,344749,4127,64742,12156,129
2020-10-15,349160,4411,63231,12268,112
2020-10-16,353461,4301,63570,12347,79
2020-10-17,357762,4301,63739,12431,84
2020-10-18,361867,4105,64032,12511,80
2020-10-19,365240,3373,63380,12617,106
2020-10-20,368842,3602,62455,12734,117
2020-10-21,373109,4267,62743,12857,123
2020-10-22,377541,4432,63576,12959,102
2020-10-23,381910,4369,63733,13077,118
2020-10-24,385980,4070,63556,13205,128
2020-10-25,389712,3732,62649,13299,94
2020-10-26,392934,3222,61851,13411,112
2020-10-27,396454,3520,60694,13512,101
2020-10-28,400483,4029,61078,13612,100
2020-10-29,404048,3565,60569,13701,89
2020-10-30,406945,2897,58868,13782,81
2020-10-31,410088,3143,58418,13869,87
