time,total_cases,daily_cases,total_currently_infected,total_death,death_per_day,new_recoveries
2020-02-15,0,0,0,0,0,0
2020-02-16,0,0,0,0,0,0
2020-02-17,0,0,0,0,0,0
2020-02-18,0,0,0,0,0,0
2020-02-19,0,0,0,0,0,0
2020-02-20,0,0,0,0,0,0
2020-02-21,0,0,0,0,0,0
2020-02-22,0,0,0,0,0,0
2020-02-23,0,0,0,0,0,0
2020-02-24,0,0,0,0,0,0
2020-02-25,2,0,2,0,0,0
2020-02-26,2,0,2,0,0,0
2020-02-27,5,3,5,0,0,0
2020-02-28,7,2,7,0,0,0
2020-02-29,10,3,10,0,0,0
2020-03-01,14,4,14,0,0,0
2020-03-02,18,4,18,0,0,0
2020-03-03,24,6,24,0,0,0
2020-03-04,29,5,29,0,0,0
2020-03-05,43,14,41,0,0,2
2020-03-06,66,23,64,0,0,0
2020-03-07,81,15,79,0,0,0
2020-03-08,104,23,102,0,0,0
2020-03-09,131,27,129,0,0,0
2020-03-10,182,51,178,0,0,2
2020-03-11,246,64,242,0,0,0
2020-03-12,361,115,356,1,1,0
2020-03-13,504,143,497,1,0,2
2020-03-14,655,151,648,1,0,0
2020-03-15,860,205,853,1,0,0
2020-03-16,1018,158,1007,3,2,2
2020-03-17,1332,314,1319,4,1,1
2020-03-18,1646,314,1633,4,0,0
2020-03-19,2179,533,2164,6,2,0
2020-03-20,2649,470,2634,6,0,0
2020-03-21,2992,343,2975,8,2,0
2020-03-22,3582,590,3557,16,8,0
2020-03-23,4474,892,4444,21,5,0
2020-03-24,5283,809,5246,28,7,0
2020-03-25,5588,305,5548,31,3,0
2020-03-26,6909,1321,6748,49,18,103
2020-03-27,7697,788,7414,58,9,113
2020-03-28,8271,574,7978,68,10,0
2020-03-29,8788,517,8223,86,18,254
2020-03-30,9618,830,8874,108,22,157
2020-03-31,10180,562,8957,128,20,459
2020-04-01,10711,531,9129,146,18,341
2020-04-02,11129,418,9222,158,12,313
2020-04-03,11524,395,9334,168,10,273
2020-04-04,11781,257,9088,186,18,485
2020-04-05,12051,270,8849,204,18,491
2020-04-06,12297,246,8614,220,16,465
2020-04-07,12639,342,8350,243,23,583
2020-04-08,12942,303,8157,273,30,466
2020-04-09,13244,302,7709,295,22,728
2020-04-10,13560,316,7177,319,24,824
2020-04-11,13806,246,6865,337,18,540
2020-04-12,13945,139,6608,350,13,383
2020-04-13,14041,96,6330,368,18,356
2020-04-14,14226,185,6209,384,16,290
2020-04-15,14350,124,5859,393,9,465
2020-04-16,14476,126,5080,410,17,888
2020-04-17,14595,119,4460,431,21,718
2020-04-18,14671,76,4014,443,12,510
2020-04-19,14749,78,3796,452,9,287
2020-04-20,14795,46,3694,470,18,130
2020-04-21,14873,78,3411,491,21,340
2020-04-22,14925,52,3087,510,19,357
2020-04-23,15002,77,2786,522,12,366
2020-04-24,15071,69,2669,530,8,178
2020-04-25,15148,77,2509,536,6,231
2020-04-26,15225,77,2401,542,6,179
2020-04-27,15274,49,2363,549,7,80
2020-04-28,15357,83,2208,569,20,218
2020-04-29,15402,45,2043,580,11,199
2020-04-30,15452,50,1961,584,4,128
2020-05-01,15531,79,1832,589,5,203
2020-05-02,15558,27,1782,596,7,70
2020-05-03,15597,39,1771,598,2,48
2020-05-04,15621,24,1705,600,2,88
2020-05-05,15650,29,1582,606,6,146
2020-05-06,15684,34,1437,608,2,177
2020-05-07,15752,68,1445,609,1,59
2020-05-08,15774,22,1324,614,5,138
2020-05-09,15833,59,1290,615,1,92
2020-05-10,15871,38,1262,618,3,63
2020-05-11,15882,11,1201,620,2,70
2020-05-12,15961,79,1190,623,3,87
2020-05-13,15997,36,1069,624,1,156
2020-05-14,16058,61,1027,626,2,101
2020-05-15,16109,51,1010,628,2,66
2020-05-16,16201,92,1048,629,1,53
2020-05-17,16242,41,1050,629,0,39
2020-05-18,16269,27,1026,629,0,51
2020-05-19,16321,52,1011,632,3,64
2020-05-20,16353,32,838,633,1,204
2020-05-21,16404,51,820,633,0,69
2020-05-22,16436,32,796,635,2,54
2020-05-23,16486,50,810,639,4,32
2020-05-24,16503,17,800,640,1,26
2020-05-25,16539,36,760,641,1,75
2020-05-26,16557,18,732,643,2,44
2020-05-27,16591,34,718,645,2,46
2020-05-28,16628,37,674,668,23,58
2020-05-29,16655,27,640,668,0,61
2020-05-30,16685,30,497,668,0,173
2020-05-31,16731,46,470,668,0,73
2020-06-01,16733,2,469,668,0,3
2020-06-02,16759,26,461,669,1,33
2020-06-03,16771,12,429,670,1,43
2020-06-04,16805,34,418,670,0,45
2020-06-05,16843,38,429,672,2,25
2020-06-06,16898,55,437,672,0,47
2020-06-07,16902,4,437,672,0,4
2020-06-08,16968,66,457,672,0,46
2020-06-09,16979,11,432,672,0,36
2020-06-10,17005,26,422,673,1,35
2020-06-11,17034,29,411,674,1,39
2020-06-12,17064,30,404,675,1,36
2020-06-13,17078,14,389,677,2,27
2020-06-14,17109,31,373,677,0,47
2020-06-15,17135,26,391,678,1,7
2020-06-16,17189,54,419,681,3,23
2020-06-17,17203,14,417,687,6,10
2020-06-18,17223,20,434,688,1,2
2020-06-19,17271,48,442,688,0,40
2020-06-20,17323,52,460,688,0,34
2020-06-21,17341,18,454,690,2,22
2020-06-22,17380,39,449,690,0,44
2020-06-23,17408,28,454,693,3,20
2020-06-24,17449,41,474,693,0,21
2020-06-25,17477,28,459,698,5,38
2020-06-26,17522,45,476,698,0,28
2020-06-27,17580,58,509,700,2,23
2020-06-28,17654,74,551,702,2,30
2020-06-29,17723,69,600,703,1,19
2020-06-30,17766,43,583,705,2,58
2020-07-01,17873,107,677,705,0,13
2020-07-02,17941,68,722,705,0,23
2020-07-03,18050,109,787,705,0,44
2020-07-04,18165,115,853,705,0,49
2020-07-05,18280,115,959,706,1,8
2020-07-06,18365,85,1012,706,0,32
2020-07-07,18421,56,1029,706,0,39
2020-07-08,18513,92,1086,706,0,35
2020-07-09,18615,102,1151,706,0,37
2020-07-10,18709,94,1195,706,0,50
2020-07-11,18783,74,1213,706,0,56
2020-07-12,18897,114,1237,708,2,88
2020-07-13,18948,51,1240,708,0,48
2020-07-14,19021,73,1239,709,1,73
2020-07-15,19154,133,1269,710,1,102
2020-07-16,19270,116,1316,710,0,69
2020-07-17,19439,169,1394,710,0,91
2020-07-18,19573,134,1362,710,0,166
2020-07-19,19655,82,1346,710,0,98
2020-07-20,19743,88,1374,710,0,60
2020-07-21,19827,84,1401,710,0,57
2020-07-22,19929,102,1369,711,1,133
2020-07-23,20099,170,1445,711,0,94
2020-07-24,20214,115,1461,711,0,99
2020-07-25,20338,124,1502,712,1,82
2020-07-26,20472,134,1551,712,0,85
2020-07-27,20558,86,1599,713,1,37
2020-07-28,20677,119,1585,713,0,133
2020-07-29,20850,173,1606,716,3,149
2020-07-30,20955,105,1609,718,2,100
2020-07-31,21130,175,1654,718,0,130
2020-08-01,21212,82,1583,718,0,153
2020-08-02,21304,92,1602,718,0,73
2020-08-03,21385,81,1604,718,0,79
2020-08-04,21481,96,1426,719,1,273
2020-08-05,21566,85,1383,719,0,128
2020-08-06,21696,130,1381,719,0,132
2020-08-07,21837,141,1427,720,1,94
2020-08-08,21919,82,1386,721,1,122
2020-08-09,22033,114,1389,721,0,111
2020-08-10,22106,73,1373,723,2,87
2020-08-11,22245,139,1399,723,0,113
2020-08-12,22439,194,1447,724,1,145
2020-08-13,22594,155,1523,725,1,78
2020-08-14,22876,282,1652,725,0,153
2020-08-15,23179,303,1824,728,3,128
2020-08-16,23370,191,1961,728,0,54
2020-08-17,23534,164,2040,729,1,84
2020-08-18,23829,295,2230,729,0,105
2020-08-19,24084,255,2397,729,0,88
2020-08-20,24431,347,2609,729,0,135
2020-08-21,24762,331,2772,730,1,167
2020-08-22,25062,300,2924,732,2,146
2020-08-23,25253,191,2963,732,0,152
2020-08-24,25495,242,3105,733,1,99
2020-08-25,25706,211,3085,733,0,231
2020-08-26,26033,327,3155,733,0,257
2020-08-27,26361,328,3311,733,0,172
2020-08-28,26590,229,3263,733,0,277
2020-08-29,26985,395,3386,733,0,272
2020-08-30,27166,181,3363,733,0,204
2020-08-31,27438,272,3479,733,0,156
2020-09-01,27642,204,3343,734,1,339
2020-09-02,27969,327,3415,734,0,255
2020-09-03,28372,403,3466,735,1,351
2020-09-04,28729,357,3481,735,0,342
2020-09-05,29087,358,3524,735,0,315
2020-09-06,29271,184,3492,736,1,215
2020-09-07,29561,290,3515,746,10,257
2020-09-08,30081,520,3705,747,1,329
2020-09-09,30583,502,4072,747,0,135
2020-09-10,31247,664,4456,748,1,279
2020-09-11,31827,580,4820,750,2,214
2020-09-12,32696,869,5363,754,4,322
2020-09-13,33159,463,5643,756,2,181
2020-09-14,33541,382,5774,757,1,250
2020-09-15,34305,764,6194,757,0,344
2020-09-16,35073,768,6660,758,1,301
2020-09-17,35853,780,7051,758,0,389
2020-09-18,36661,808,7447,763,5,407
2020-09-19,37474,813,7748,765,2,510
2020-09-20,38095,621,8100,766,1,268
2020-09-21,38658,563,8375,767,1,287
2020-09-22,39303,645,8220,771,4,796
2020-09-23,39984,681,8258,777,6,637
2020-09-24,40816,832,8372,783,6,712
2020-09-25,41500,684,8413,786,3,640
2020-09-26,42214,714,8273,787,1,853
2020-09-27,42876,662,8500,787,0,435
2020-09-28,43432,556,8590,790,3,463
2020-09-29,44041,609,8329,796,6,864
2020-09-30,44813,772,8370,799,3,728
2020-10-01,45686,873,8408,802,3,832
2020-10-02,46374,688,8385,803,1,710
2020-10-03,47432,1058,8578,809,6,859
2020-10-04,48146,714,8704,813,4,584
2020-10-05,48896,750,9020,818,5,429
2020-10-06,49819,923,9207,822,4,732
2020-10-07,50848,1029,9519,830,8,709
2020-10-08,52057,1209,9930,838,8,790
2020-10-09,53188,1131,10307,842,4,750
2020-10-10,54423,1235,10743,851,9,790
2020-10-11,55319,896,11020,851,0,619
2020-10-12,56298,979,11378,855,4,617
2020-10-13,57326,1028,11516,861,6,884
2020-10-14,58672,1346,11954,872,11,897
2020-10-15,60224,1552,12549,877,5,952
2020-10-16,61387,1163,12887,882,5,820
2020-10-17,63134,1747,13474,889,7,1153
2020-10-18,64806,1672,14352,893,4,790
2020-10-19,65927,1121,14664,904,11,798
2020-10-20,67451,1524,15130,914,10,1048
2020-10-21,69409,1958,15867,925,11,1210
2020-10-22,71844,2435,16933,941,16,1353
2020-10-23,74415,2571,18266,954,13,1225
2020-10-24,78029,3614,20273,965,11,1596
2020-10-25,80811,2782,21974,979,14,1067
2020-10-26,83267,2456,23239,992,13,1178
2020-10-27,86102,2835,24789,1005,13,1272
2020-10-28,89496,3394,26785,1027,22,1376
2020-10-29,93949,4453,29527,1056,29,1682
2020-10-30,99576,5627,33507,1082,26,1621
2020-10-31,104925,5349,36590,1109,27,2239
