time,total_cases,daily_cases,total_currently_infected,total_death,death_per_day
2020-02-15,0,0,0,0,0
2020-02-16,0,0,0,0,0
2020-02-17,0,0,0,0,0
2020-02-18,0,0,0,0,0
2020-02-19,0,0,0,0,0
2020-02-20,0,0,0,0,0
2020-02-21,0,0,0,0,0
2020-02-22,0,0,0,0,0
2020-02-23,0,0,0,0,0
2020-02-24,0,0,0,0,0
2020-02-25,0,0,0,0,0
2020-02-26,0,0,0,0,0
2020-02-27,0,0,0,0,0
2020-02-28,0,0,0,0,0
2020-02-29,0,0,0,0,0
2020-03-01,0,0,0,0,0
2020-03-02,0,0,0,0,0
2020-03-03,0,0,0,0,0
2020-03-04,0,0,0,0,0
2020-03-05,0,0,0,0,0
2020-03-06,0,0,0,0,0
2020-03-07,0,0,0,0,0
2020-03-08,0,0,0,0,0
2020-03-09,0,0,0,0,0
2020-03-10,0,0,0,0,0
2020-03-11,0,0,0,0,0
2020-03-12,0,0,0,0,0
2020-03-13,0,0,0,0,0
2020-03-14,0,0,0,0,0
2020-03-15,4,0,4,0,0
2020-03-16,8,4,8,0,0
2020-03-17,11,3,11,0,0
2020-03-18,18,7,18,0,0
2020-03-19,23,5,23,0,0
2020-03-20,33,10,33,0,0
2020-03-21,41,8,41,0,0
2020-03-22,43,2,43,0,0
2020-03-23,46,3,46,0,0
2020-03-24,50,4,50,0,0
2020-03-25,60,10,60,0,0
2020-03-26,75,15,75,0,0
2020-03-27,88,13,82,1,0
2020-03-28,104,16,97,2,1
2020-03-29,144,40,135,2,0
2020-03-30,149,5,140,2,0
2020-03-31,172,23,163,2,0
2020-04-01,181,9,167,2,0
2020-04-02,205,24,178,2,0
2020-04-03,227,22,200,2,0
2020-04-04,266,39,239,2,0
2020-04-05,342,76,310,2,0
2020-04-06,457,115,425,2,0
2020-04-07,520,63,488,2,0
2020-04-08,545,25,512,3,1
2020-04-09,582,37,541,3,0
2020-04-10,624,42,579,3,0
2020-04-11,767,143,721,4,1
2020-04-12,865,98,795,4,0
2020-04-13,998,133,909,4,0
2020-04-14,1165,167,1062,4,0
2020-04-15,1302,137,1191,4,0
2020-04-16,1349,47,1216,4,0
2020-04-17,1405,56,1245,4,0
2020-04-18,1490,85,1291,5,1
2020-04-19,1565,75,1335,5,0
2020-04-20,1627,62,1361,5,0
2020-04-21,1678,51,1315,6,1
2020-04-22,1716,38,1259,7,1
2020-04-23,1758,42,1190,7,0
2020-04-24,1804,46,1175,8,1
2020-04-25,1862,58,1147,8,0
2020-04-26,1869,7,1072,8,0
2020-04-27,1904,35,1004,8,0
2020-04-28,1939,35,939,8,0
2020-04-29,2002,63,897,9,1
2020-04-30,2039,37,897,9,0
2020-05-01,2086,47,865,9,0
2020-05-02,2118,32,838,9,0
2020-05-03,2149,31,820,10,1
2020-05-04,2189,40,774,10,0
2020-05-05,2207,18,696,10,0
2020-05-06,2233,26,646,10,0
2020-05-07,2298,65,632,10,0
2020-05-08,2325,27,540,10,0
2020-05-09,2349,24,493,10,0
2020-05-10,2418,69,527,10,0
2020-05-11,2486,68,488,10,0
2020-05-12,2519,33,499,10,0
2020-05-13,2612,93,525,11,1
2020-05-14,2645,33,498,11,0
2020-05-15,2686,41,517,11,0
2020-05-16,2738,52,514,11,0
2020-05-17,2753,15,494,12,1
2020-05-18,2791,38,464,13,1
2020-05-19,2855,64,504,13,0
2020-05-20,2939,84,554,13,0
2020-05-21,2964,25,544,13,0
2020-05-22,3028,64,523,13,0
2020-05-23,3115,87,570,13,0
2020-05-24,3164,49,586,13,0
2020-05-25,3189,25,569,13,0
2020-05-26,3290,101,640,14,1
2020-05-27,3369,79,687,14,0
2020-05-28,3444,75,736,14,0
2020-05-29,3468,24,726,14,0
2020-05-30,3546,78,749,14,0
2020-05-31,3623,77,771,15,1
2020-06-01,3702,79,828,15,0
2020-06-02,3760,58,837,15,0
2020-06-03,3843,83,813,16,1
2020-06-04,3939,96,836,16,0
2020-06-05,4007,68,744,16,0
2020-06-06,4094,87,809,17,1
2020-06-07,4331,237,960,17,0
2020-06-08,4440,109,1065,18,1
2020-06-09,4520,80,1043,18,0
2020-06-10,4623,103,1072,19,1
2020-06-11,4741,118,1085,19,0
2020-06-12,4869,128,1092,19,0
2020-06-13,4966,97,1073,19,0
2020-06-14,5080,114,1118,19,0
2020-06-15,5263,183,1225,19,0
2020-06-16,5493,230,1378,19,0
2020-06-17,5682,189,1532,19,0
2020-06-18,5767,85,1582,19,0
2020-06-19,5946,179,1654,19,0
2020-06-20,6153,207,1844,19,0
2020-06-21,6315,162,1919,19,0
2020-06-22,6461,146,1992,19,0
2020-06-23,6662,201,2083,19,0
2020-06-24,6901,239,2197,19,0
2020-06-25,7177,276,2280,20,1
2020-06-26,7427,250,2369,20,0
2020-06-27,7682,255,2422,20,0
2020-06-28,7948,266,2597,22,2
2020-06-29,8222,274,2703,23,1
2020-06-30,8503,281,2795,26,3
2020-07-01,8781,278,2908,26,0
2020-07-02,9078,297,3017,27,1
2020-07-03,9396,318,3116,29,2
2020-07-04,9708,312,3252,31,2
2020-07-05,10020,312,3402,34,3
2020-07-06,10362,342,3697,37,3
2020-07-07,10670,308,3819,40,3
2020-07-08,11092,422,3987,45,5
2020-07-09,11564,472,4226,51,6
2020-07-10,12027,463,4443,54,3
2020-07-11,12513,486,4733,57,3
2020-07-12,12997,484,5085,60,3
2020-07-13,13591,594,5497,64,4
2020-07-14,14085,494,5691,67,3
2020-07-15,14581,496,5855,71,4
2020-07-16,15066,485,6208,75,4
2020-07-17,15607,541,6525,79,4
2020-07-18,16186,579,6976,83,4
2020-07-19,16607,421,7344,85,2
2020-07-20,17314,707,7837,90,5
2020-07-21,17881,567,8265,95,5
2020-07-22,18379,498,8409,98,3
2020-07-23,18868,489,8617,102,4
2020-07-24,19360,492,8782,106,4
2020-07-25,19952,592,9010,111,5
2020-07-26,20531,579,9310,116,5
2020-07-27,21209,678,9414,121,5
2020-07-28,21893,684,9502,126,5
2020-07-29,22585,692,9517,131,5
2020-07-30,23271,686,9455,136,5
2020-07-31,24009,738,9404,141,5
2020-08-01,24783,774,9337,147,6
2020-08-02,25336,553,9352,151,4
2020-08-03,26066,730,9071,157,6
2020-08-04,27047,981,8831,165,8
2020-08-05,27793,746,8839,171,6
2020-08-06,28315,522,8849,175,4
2020-08-07,29057,742,8817,181,6
2020-08-08,29652,595,8459,187,6
2020-08-09,30609,957,8373,194,7
2020-08-10,31304,695,8112,200,6
2020-08-11,31747,443,7839,204,4
2020-08-12,32465,718,7149,210,6
2020-08-13,33323,858,5894,216,6
2020-08-14,33821,498,5776,220,4
2020-08-15,34528,707,4975,225,5
2020-08-16,35329,801,4124,232,7
2020-08-17,35702,373,4493,236,4
2020-08-18,36352,650,4048,242,6
2020-08-19,37112,760,3920,248,6
2020-08-20,37547,435,4034,252,4
2020-08-21,38074,527,3825,260,8
2020-08-22,38412,338,3796,265,5
2020-08-23,38946,534,3686,273,8
2020-08-24,39348,402,3517,280,7
2020-08-25,39641,293,3488,284,4
2020-08-26,39964,323,3271,291,7
2020-08-27,40447,483,2949,298,7
2020-08-28,40823,376,2573,303,5
2020-08-29,41160,337,2492,309,6
2020-08-30,41424,264,2456,313,4
2020-08-31,41893,469,2298,320,7
2020-09-01,42127,234,2266,323,3
2020-09-02,42437,310,2446,327,4
2020-09-03,42688,251,2276,331,4
2020-09-04,42998,310,2268,338,7
2020-09-05,43293,295,2176,343,5
2020-09-06,43587,294,2015,347,4
2020-09-07,43893,306,2010,352,5
2020-09-08,44281,388,2329,358,6
2020-09-09,44930,649,2352,366,8
2020-09-10,45473,543,2594,370,4
2020-09-11,46160,687,2926,377,7
2020-09-12,46721,561,2978,384,7
2020-09-13,47287,566,3031,390,6
2020-09-14,47836,549,3065,396,6
2020-09-15,48429,593,3085,402,6
2020-09-16,49015,586,3186,407,5
2020-09-17,49627,612,3244,413,6
2020-09-18,50253,626,3307,419,6
2020-09-19,50992,739,3294,427,8
2020-09-20,51640,648,3275,433,6
2020-09-21,52070,430,3264,437,4
2020-09-22,52685,615,3176,442,5
2020-09-23,53275,590,3182,444,2
2020-09-24,53834,559,3158,446,2
2020-09-25,54392,558,3064,449,3
2020-09-26,54819,427,3045,452,3
2020-09-27,55320,501,3033,458,6
2020-09-28,55776,456,2992,460,2
2020-09-29,56354,578,2918,466,6
2020-09-30,56717,363,2881,470,4
2020-10-01,57190,473,2884,471,1
2020-10-02,57454,264,3027,472,1
2020-10-03,58238,784,2907,477,5
2020-10-04,58612,374,2851,480,3
2020-10-05,58946,334,2828,485,5
2020-10-06,59343,397,2796,489,4
2020-10-07,59579,236,2923,491,2
2020-10-08,60026,447,2693,496,5
2020-10-09,60342,316,2623,498,2
2020-10-10,60776,434,2570,502,4
2020-10-11,61098,322,2524,505,3
2020-10-12,61319,221,2504,509,4
2020-10-13,61642,323,2518,511,2
2020-10-14,61950,308,2485,514,3
2020-10-15,62278,328,2469,518,4
2020-10-16,62588,310,2444,520,2
2020-10-17,62809,221,2531,522,2
2020-10-18,63124,315,2519,525,3
2020-10-19,63523,399,2388,531,6
2020-10-20,63831,308,2387,534,3
2020-10-21,64010,179,2408,534,0
2020-10-22,64439,429,2241,540,6
2020-10-23,64724,285,2225,542,2
2020-10-24,64923,199,2346,544,2
2020-10-25,65307,384,2249,549,5
2020-10-26,65667,360,2239,552,3
2020-10-27,65881,214,2281,556,4
2020-10-28,66141,260,2260,558,2
2020-10-29,66392,251,2250,561,3
2020-10-30,66628,236,2201,563,2
2020-10-31,66932,304,2131,566,3
2020-11-01,67101,169,2177,570,4
2020-11-02,67254,153,2217,571,1
2020-11-03,67553,299,2164,574,3
2020-11-04,67779,226,2201,577,3
2020-11-05,68009,230,2176,579,2
2020-11-06,68139,130,2227,579,0
2020-11-07,68367,228,2236,581,2
2020-11-08,68730,363,2174,585,4
2020-11-09,68879,149,2186,586,1
2020-11-10,69027,148,2245,588,2
2020-11-11,69330,303,2130,591,3
2020-11-12,69560,230,2153,593,2
2020-11-13,69754,194,2274,594,1
2020-11-14,69987,233,2152,594,0
2020-11-15,70181,194,2137,598,4
2020-11-16,70299,118,2175,598,0
2020-11-17,70581,282,2124,598,0
2020-11-18,70781,200,2140,599,1
2020-11-19,70921,140,2197,601,2
2020-11-20,71208,287,2154,603,2
2020-11-21,71431,223,2169,603,0
2020-11-22,71617,186,2187,603,0
2020-11-23,71774,157,2116,604,1
2020-11-24,71985,211,2141,604,0
2020-11-25,72178,193,2118,605,1
2020-11-26,72342,164,2134,607,2
2020-11-27,72513,171,2126,607,0
2020-11-28,72718,205,2130,608,1
2020-11-29,72870,152,2111,608,0
2020-11-30,73041,171,2130,608,0
2020-12-01,73145,104,2198,610,2
2020-12-02,73335,190,2190,611,1
2020-12-03,73431,96,2108,611,0
2020-12-04,73592,161,2120,611,0
2020-12-05,73751,159,2138,611,0
2020-12-06,73904,153,2120,611,0
2020-12-07,74053,149,2127,611,0
2020-12-08,74206,153,2113,611,0
2020-12-09,74352,146,2132,611,0
2020-12-10,74498,146,2147,611,0
2020-12-11,74664,166,2132,611,0
2020-12-12,74811,147,2115,612,1
2020-12-13,74956,145,2101,612,0
2020-12-14,75094,138,2114,612,0
2020-12-15,75241,147,2107,612,0
2020-12-16,75396,155,2123,612,0
2020-12-17,75538,142,2116,612,0
2020-12-18,75675,137,2102,612,0
2020-12-19,75806,131,2095,612,0
