time,total_cases,daily_cases,total_currently_infected,total_death,death_per_day
2020-02-15,72,0,54,0,0
2020-02-16,75,3,56,0,0
2020-02-17,77,2,53,0,0
2020-02-18,81,4,52,0,0
2020-02-19,84,3,50,0,0
2020-02-20,85,1,48,0,0
2020-02-21,86,1,39,0,0
2020-02-22,89,3,40,0,0
2020-02-23,89,0,38,0,0
2020-02-24,90,1,41,0,0
2020-02-25,91,1,33,0,0
2020-02-26,93,2,31,0,0
2020-02-27,96,3,30,0,0
2020-02-28,98,2,29,0,0
2020-02-29,102,4,30,0,0
2020-03-01,106,4,32,0,0
2020-03-02,108,2,30,0,0
2020-03-03,110,2,32,0,0
2020-03-04,112,2,33,0,0
2020-03-05,117,5,36,0,0
2020-03-06,130,13,48,0,0
2020-03-07,138,8,48,0,0
2020-03-08,150,12,60,0,0
2020-03-09,160,10,67,0,0
2020-03-10,166,6,73,0,0
2020-03-11,178,12,82,0,0
2020-03-12,187,9,91,0,0
2020-03-13,200,13,103,0,0
2020-03-14,212,12,107,0,0
2020-03-15,226,14,121,0,0
2020-03-16,243,17,134,0,0
2020-03-17,266,23,152,0,0
2020-03-18,313,47,196,0,0
2020-03-19,345,32,221,0,0
2020-03-20,385,40,254,0,0
2020-03-21,432,47,290,2,2
2020-03-22,455,23,309,2,0
2020-03-23,509,54,355,2,0
2020-03-24,558,49,400,2,0
2020-03-25,631,73,469,2,0
2020-03-26,683,52,509,2,0
2020-03-27,732,49,547,2,0
2020-03-28,802,70,602,2,0
2020-03-29,844,42,629,3,1
2020-03-30,879,35,648,3,0
2020-03-31,926,47,683,3,0
2020-04-01,1000,74,752,3,0
2020-04-02,1049,49,779,4,1
2020-04-03,1114,65,827,5,1
2020-04-04,1189,75,886,6,1
2020-04-05,1309,120,983,6,0
2020-04-06,1375,66,1025,6,0
2020-04-07,1481,106,1098,6,0
2020-04-08,1623,142,1211,6,0
2020-04-09,1910,287,1444,6,0
2020-04-10,2108,198,1609,7,1
2020-04-11,2299,191,1763,8,1
2020-04-12,2532,233,1964,8,0
2020-04-13,2918,386,2323,9,1
2020-04-14,3252,334,2631,10,1
2020-04-15,3699,447,3037,10,0
2020-04-16,4427,728,3734,10,0
2020-04-17,5050,623,4331,11,1
2020-04-18,5992,942,5241,11,0
2020-04-19,6588,596,5809,11,0
2020-04-20,8014,1426,7202,11,0
2020-04-21,9125,1111,8275,11,0
2020-04-22,10141,1016,9233,12,1
2020-04-23,11178,1037,10242,12,0
2020-04-24,12075,897,11107,12,0
2020-04-25,12693,618,11679,12,0
2020-04-26,13624,931,12552,12,0
2020-04-27,14423,799,13314,14,2
2020-04-28,14951,528,13809,14,0
2020-04-29,15641,690,14439,14,0
2020-04-30,16169,528,14910,15,1
2020-05-01,17101,932,15817,16,1
2020-05-02,17548,447,16184,17,1
2020-05-03,18205,657,16779,18,1
2020-05-04,18778,573,17303,18,0
2020-05-05,19410,632,17873,18,0
2020-05-06,20198,788,18544,20,2
2020-05-07,20939,741,19207,20,0
2020-05-08,21707,768,19647,20,0
2020-05-09,22460,753,20144,20,0
2020-05-10,23336,876,20595,20,0
2020-05-11,23787,451,20541,21,1
2020-05-12,24671,884,20799,21,0
2020-05-13,25346,675,20516,21,0
2020-05-14,26098,752,20104,21,0
2020-05-15,26891,793,19622,21,0
2020-05-16,27356,465,18992,22,1
2020-05-17,28038,682,18676,22,0
2020-05-18,28343,305,18486,22,0
2020-05-19,28794,451,18407,22,0
2020-05-20,29364,570,18135,22,0
2020-05-21,29812,448,17672,23,1
2020-05-22,30426,614,17408,23,0
2020-05-23,31068,642,17163,23,0
2020-05-24,31616,548,16717,23,0
2020-05-25,31960,344,16199,23,0
2020-05-26,32343,383,15876,23,0
2020-05-27,32876,533,15577,23,0
2020-05-28,33249,373,14932,23,0
2020-05-29,33860,611,14206,23,0
2020-05-30,34366,506,13616,23,0
2020-05-31,34884,518,13162,23,0
2020-06-01,35292,408,12802,24,1
2020-06-02,35836,544,12637,24,0
2020-06-03,36405,569,12799,24,0
2020-06-04,36922,517,12994,24,0
2020-06-05,37183,261,12950,24,0
2020-06-06,37527,344,12943,25,1
2020-06-07,37910,383,12999,25,0
2020-06-08,38296,386,12903,25,0
2020-06-09,38514,218,12612,25,0
2020-06-10,38965,451,12408,25,0
2020-06-11,39387,422,12076,25,0
2020-06-12,39850,463,11785,25,0
2020-06-13,40197,347,11363,26,1
2020-06-14,40604,407,10989,26,0
2020-06-15,40818,214,10426,26,0
2020-06-16,40969,151,9780,26,0
2020-06-17,41216,247,9252,26,0
2020-06-18,41473,257,8735,26,0
2020-06-19,41615,142,8130,26,0
2020-06-20,41833,218,7583,26,0
2020-06-21,42095,262,7127,26,0
2020-06-22,42313,218,6697,26,0
2020-06-23,42432,119,6411,26,0
2020-06-24,42623,191,6298,26,0
2020-06-25,42736,113,6106,26,0
2020-06-26,42955,219,6104,26,0
2020-06-27,43246,291,6057,26,0
2020-06-28,43459,213,5925,26,0
2020-06-29,43661,202,5650,26,0
2020-06-30,43907,246,5381,26,0
2020-07-01,44122,215,5085,26,0
2020-07-02,44310,188,4855,26,0
2020-07-03,44479,169,4684,26,0
2020-07-04,44664,185,4521,26,0
2020-07-05,44800,136,4333,26,0
2020-07-06,44983,183,4240,26,0
2020-07-07,45139,156,4111,26,0
2020-07-08,45297,158,3948,26,0
2020-07-09,45422,125,3751,26,0
2020-07-10,45613,191,3807,26,0
2020-07-11,45783,170,3731,26,0
2020-07-12,45961,178,3650,26,0
2020-07-13,46283,322,3716,26,0
2020-07-14,46629,346,3865,27,1
2020-07-15,46878,249,3863,27,0
2020-07-16,47126,248,3843,27,0
2020-07-17,47453,327,3849,27,0
2020-07-18,47655,202,3795,27,0
2020-07-19,47912,257,3799,27,0
2020-07-20,48035,123,3637,27,0
2020-07-21,48434,399,3823,27,0
2020-07-22,48744,310,3922,27,0
2020-07-23,49098,354,4056,27,0
2020-07-24,49375,277,4176,27,0
2020-07-25,49888,513,4509,27,0
2020-07-26,50369,481,4821,27,0
2020-07-27,50838,469,5119,27,0
2020-07-28,51197,359,5277,27,0
2020-07-29,51531,334,5406,27,0
2020-07-30,51809,278,5474,27,0
2020-07-31,52205,396,5687,27,0
2020-08-01,52512,307,5745,27,0
2020-08-02,52825,313,5872,27,0
2020-08-03,53051,226,5845,27,0
2020-08-04,53346,295,5865,27,0
2020-08-05,54254,908,6459,27,0
2020-08-06,54555,301,6497,27,0
2020-08-07,54797,242,6458,27,0
2020-08-08,54929,132,6319,27,0
2020-08-09,55104,175,6162,27,0
2020-08-10,55292,188,5656,27,0
2020-08-11,55353,61,5198,27,0
2020-08-12,55395,42,4848,27,0
2020-08-13,55497,102,4734,27,0
2020-08-14,55580,83,4504,27,0
2020-08-15,55661,81,4113,27,0
2020-08-16,55747,86,3767,27,0
2020-08-17,55838,91,3461,27,0
2020-08-18,55938,100,3378,27,0
2020-08-19,56031,93,3194,27,0
2020-08-20,56099,68,2953,27,0
2020-08-21,56216,117,2538,27,0
2020-08-22,56266,50,2319,27,0
2020-08-23,56353,87,2162,27,0
2020-08-24,56404,51,1790,27,0
2020-08-25,56435,31,1592,27,0
2020-08-26,56495,60,1497,27,0
2020-08-27,56572,77,1406,27,0
2020-08-28,56666,94,1302,27,0
2020-08-29,56717,51,1243,27,0
2020-08-30,56771,54,1158,27,0
2020-08-31,56812,41,1127,27,0
2020-09-01,56852,40,1076,27,0
2020-09-02,56860,8,942,27,0
2020-09-03,56908,48,853,27,0
2020-09-04,56948,40,747,27,0
2020-09-05,56982,34,688,27,0
2020-09-06,57022,40,662,27,0
2020-09-07,57044,22,609,27,0
2020-09-08,57091,47,603,27,0
2020-09-09,57166,75,647,27,0
2020-09-10,57229,63,644,27,0
2020-09-11,57315,86,681,27,0
2020-09-12,57357,42,631,27,0
2020-09-13,57406,49,615,27,0
2020-09-14,57454,48,625,27,0
2020-09-15,57488,34,577,27,0
2020-09-16,57514,26,532,27,0
2020-09-17,57532,18,466,27,0
2020-09-18,57543,11,445,27,0
2020-09-19,57558,15,389,27,0
2020-09-20,57576,18,368,27,0
2020-09-21,57606,30,338,27,0
2020-09-22,57627,21,338,27,0
2020-09-23,57639,12,321,27,0
2020-09-24,57654,15,294,27,0
2020-09-25,57665,11,297,27,0
2020-09-26,57685,20,299,27,0
2020-09-27,57700,15,306,27,0
2020-09-28,57715,15,295,27,0
2020-09-29,57742,27,249,27,0
2020-09-30,57765,23,250,27,0
2020-10-01,57784,19,245,27,0
2020-10-02,57794,10,233,27,0
2020-10-03,57800,6,211,27,0
2020-10-04,57812,12,210,27,0
2020-10-05,57819,7,195,27,0
2020-10-06,57830,11,191,27,0
2020-10-07,57840,10,189,27,0
2020-10-08,57849,9,154,27,0
2020-10-09,57859,10,157,27,0
2020-10-10,57866,7,141,27,0
2020-10-11,57876,10,144,27,0
2020-10-12,57880,4,124,28,1
2020-10-13,57884,4,116,28,0
2020-10-14,57889,5,109,28,0
2020-10-15,57892,3,100,28,0
2020-10-16,57901,9,89,28,0
2020-10-17,57904,3,78,28,0
2020-10-18,57911,7,76,28,0
2020-10-19,57915,4,68,28,0
2020-10-20,57921,6,74,28,0
2020-10-21,57933,12,84,28,0
2020-10-22,57941,8,84,28,0
2020-10-23,57951,10,91,28,0
2020-10-24,57965,14,93,28,0
2020-10-25,57970,5,84,28,0
2020-10-26,57973,3,66,28,0
2020-10-27,57980,7,69,28,0
2020-10-28,57987,7,69,28,0
2020-10-29,57994,7,67,28,0
2020-10-30,58003,9,66,28,0
2020-10-31,58015,12,74,28,0
