time,total_cases,daily_cases,total_currently_infected,total_death,death_per_day,new_recoveries
2020-02-15,1,0,0,0,0,0
2020-02-16,1,0,0,0,0,0
2020-02-17,1,0,0,0,0,0
2020-02-18,1,0,0,0,0,0
2020-02-19,1,0,0,0,0,0
2020-02-20,1,0,0,0,0,0
2020-02-21,1,0,0,0,0,0
2020-02-22,1,0,0,0,0,0
2020-02-23,1,0,0,0,0,0
2020-02-24,1,0,0,0,0,0
2020-02-25,1,0,0,0,0,0
2020-02-26,1,0,0,0,0,0
2020-02-27,1,0,0,0,0,0
2020-02-28,1,0,0,0,0,0
2020-02-29,1,0,0,0,0,0
2020-03-01,2,1,1,0,0,0
2020-03-02,8,6,7,0,0,0
2020-03-03,15,7,14,0,0,0
2020-03-04,23,8,22,0,0,0
2020-03-05,50,27,49,0,0,0
2020-03-06,109,59,108,0,0,0
2020-03-07,169,60,168,0,0,0
2020-03-08,200,31,199,0,0,0
2020-03-09,239,39,238,0,0,0
2020-03-10,267,28,266,0,0,0
2020-03-11,314,47,312,1,1,0
2020-03-12,399,85,394,4,3,0
2020-03-13,559,160,553,5,1,0
2020-03-14,689,130,680,8,3,0
2020-03-15,886,197,872,13,5,0
2020-03-16,1058,172,1038,19,6,0
2020-03-17,1243,185,1199,30,11,13
2020-03-18,1486,243,1415,40,10,17
2020-03-19,1795,309,1568,62,22,134
2020-03-20,2257,462,1958,95,33,39
2020-03-21,2815,558,2421,131,36,59
2020-03-22,3401,586,2967,171,40,0
2020-03-23,3743,342,3124,218,47,138
2020-03-24,4269,526,3512,296,78,60
2020-03-25,4937,668,4018,372,76,86
2020-03-26,6235,1298,5081,479,107,128
2020-03-27,7284,1049,5845,581,102,183
2020-03-28,9134,1850,7362,709,128,205
2020-03-29,10836,1702,8627,850,141,296
2020-03-30,11899,1063,9373,999,149,168
2020-03-31,12775,876,9910,1169,170,169
2020-04-01,13964,1189,10455,1377,208,436
2020-04-02,15348,1384,11244,1609,232,363
2020-04-03,16770,1422,12070,1828,219,377
2020-04-04,18431,1661,13120,2064,236,375
2020-04-05,19691,1260,13606,2334,270,504
2020-04-06,20814,1123,14248,2580,246,235
2020-04-07,22194,1380,15200,2837,257,171
2020-04-08,23403,1209,15608,3114,277,524
2020-04-09,24983,1580,16384,3435,321,483
2020-04-10,26667,1684,17393,3706,271,404
2020-04-11,28018,1351,18024,4008,302,418
2020-04-12,29647,1629,18891,4293,285,477
2020-04-13,30589,942,19324,4558,265,244
2020-04-14,31119,530,19416,4835,277,161
2020-04-15,33573,2454,21370,5096,261,239
2020-04-16,34809,1236,21871,5376,280,455
2020-04-17,36138,1329,22555,5622,246,399
2020-04-18,37183,1045,23008,5827,205,387
2020-04-19,38496,1313,23704,6035,208,409
2020-04-20,39983,1487,24863,6225,190,138
2020-04-21,40956,973,25523,6431,206,107
2020-04-22,41889,933,25822,6634,203,431
2020-04-23,42797,908,26182,6815,181,367
2020-04-24,44293,1496,27198,6973,158,322
2020-04-25,45325,1032,27778,7130,157,295
2020-04-26,46134,809,28076,7273,143,368
2020-04-27,46687,553,28382,7427,154,93
2020-04-28,47334,647,28829,7562,135,65
2020-04-29,47859,525,28904,7672,110,340
2020-04-30,48519,660,29164,7779,107,293
2020-05-01,49032,513,29274,7866,87,316
2020-05-02,49517,485,29346,7960,94,319
2020-05-03,49906,389,29562,8035,75,98
2020-05-04,50267,361,29760,8129,94,69
2020-05-05,50509,242,29844,8224,95,63
2020-05-06,50781,272,29744,8306,82,290
2020-05-07,51420,639,30058,8382,76,249
2020-05-08,52011,591,30357,8453,71,221
2020-05-09,52596,585,30658,8527,74,210
2020-05-10,53081,485,30841,8598,71,231
2020-05-11,53449,368,31082,8670,72,55
2020-05-12,53779,330,31312,8735,65,35
2020-05-13,53981,202,31264,8780,45,205
2020-05-14,54288,307,31341,8836,56,174
2020-05-15,54644,356,31464,8879,43,190
2020-05-16,54989,345,31605,8924,45,159
2020-05-17,55280,291,31696,8954,30,170
2020-05-18,55559,279,31917,8985,31,27
2020-05-19,55791,232,32082,9022,37,30
2020-05-20,55983,192,32081,9055,33,160
2020-05-21,56235,252,32162,9085,30,141
2020-05-22,56511,276,32269,9119,34,135
2020-05-23,56810,299,32495,9160,41,32
2020-05-24,57092,282,32635,9185,25,117
2020-05-25,57342,250,32827,9218,33,25
2020-05-26,57455,113,32891,9244,26,23
2020-05-27,57592,137,32859,9268,24,145
2020-05-28,57849,257,32984,9293,25,107
2020-05-29,58061,212,33060,9319,26,110
2020-05-30,58186,125,33082,9335,16,87
2020-05-31,58381,195,33136,9358,23,118
2020-06-01,58517,136,33218,9380,22,32
2020-06-02,58615,98,33280,9401,21,15
2020-06-03,58685,70,33302,9424,23,25
2020-06-04,58767,82,33275,9444,20,89
2020-06-05,58907,140,33337,9458,14,64
2020-06-06,59072,165,33412,9470,12,78
2020-06-07,59226,154,33454,9481,11,101
2020-06-08,59348,122,33540,9493,12,24
2020-06-09,59437,89,33611,9502,9,9
2020-06-10,59569,132,33663,9514,12,68
2020-06-11,59711,142,33732,9526,12,61
2020-06-12,59819,108,33788,9533,7,45
2020-06-13,59918,99,33828,9543,10,49
2020-06-14,60029,111,33892,9548,5,42
2020-06-15,60100,71,33939,9551,3,21
2020-06-16,60155,55,33971,9559,8,15
2020-06-17,60244,89,33994,9566,7,59
2020-06-18,60348,104,34051,9573,7,40
2020-06-19,60476,128,34147,9578,5,27
2020-06-20,60550,74,34197,9582,4,20
2020-06-21,60550,0,34194,9585,3,0
2020-06-22,60550,0,34185,9594,9,0
2020-06-23,60810,260,34433,9606,12,0
2020-06-24,60898,88,34517,9610,4,0
2020-06-25,61007,109,34504,9613,3,119
2020-06-26,61106,99,34570,9618,5,28
2020-06-27,61209,103,34648,9620,2,23
2020-06-28,61295,86,34726,9628,8,0
2020-06-29,61361,66,34787,9633,5,0
2020-06-30,61427,66,34807,9636,3,43
2020-07-01,61509,82,34844,9644,8,37
2020-07-02,61598,89,34908,9646,2,23
2020-07-03,61727,129,35003,9651,5,29
2020-07-04,61838,111,35094,9653,2,18
2020-07-05,61909,71,35162,9656,3,0
2020-07-06,62016,107,35267,9658,2,0
2020-07-07,62058,42,35277,9659,1,31
2020-07-08,62123,65,35323,9662,3,16
2020-07-09,62210,87,35388,9663,1,21
2020-07-10,62357,147,35513,9665,2,20
2020-07-11,62469,112,35608,9665,0,17
2020-07-12,62606,137,35743,9667,2,0
2020-07-13,62707,101,35840,9671,4,0
2020-07-14,62781,74,35887,9671,0,27
2020-07-15,62872,91,35956,9674,3,19
2020-07-16,63039,167,36107,9679,5,11
2020-07-17,63238,199,36285,9684,5,16
2020-07-18,63499,261,36524,9686,2,20
2020-07-19,63706,207,36728,9689,3,0
2020-07-20,63893,187,36914,9690,1,0
2020-07-21,64094,201,37081,9692,2,32
2020-07-22,64258,164,37235,9693,1,9
2020-07-23,64627,369,37585,9695,2,17
2020-07-24,64847,220,37781,9697,2,22
2020-07-25,65199,352,38103,9702,5,25
2020-07-26,65727,528,38599,9703,1,31
2020-07-27,66026,299,38882,9705,2,14
2020-07-28,66428,402,39267,9709,4,13
2020-07-29,66662,234,39476,9710,1,24
2020-07-30,67335,673,40130,9713,3,16
2020-07-31,68006,671,40778,9715,2,21
2020-08-01,68751,745,41487,9718,3,33
2020-08-02,69402,651,42109,9720,2,27
2020-08-03,69849,447,42534,9725,5,17
2020-08-04,70314,465,42988,9728,3,8
2020-08-05,70648,334,43276,9733,5,41
2020-08-06,71158,510,43759,9738,5,22
2020-08-07,72016,858,44574,9742,4,39
2020-08-08,72784,768,45308,9748,6,28
2020-08-09,73401,617,45885,9750,2,38
2020-08-10,74152,751,46617,9755,5,14
2020-08-11,74620,468,47062,9766,11,12
2020-08-12,75008,388,47388,9779,13,49
2020-08-13,75647,639,47974,9790,11,42
2020-08-14,76191,544,48476,9802,12,30
2020-08-15,77113,922,49358,9814,12,28
2020-08-16,77869,756,50065,9823,9,40
2020-08-17,78323,454,50499,9830,7,13
2020-08-18,78534,211,50694,9837,7,9
2020-08-19,78897,363,51000,9849,12,45
2020-08-20,79479,582,51543,9858,9,30
2020-08-21,80178,699,52185,9862,4,53
2020-08-22,80894,716,52864,9865,3,34
2020-08-23,81468,574,53394,9870,5,39
2020-08-24,81936,468,53838,9873,3,21
2020-08-25,82092,156,53972,9878,5,17
2020-08-26,82447,355,54278,9878,0,49
2020-08-27,83030,583,54820,9879,1,40
2020-08-28,83500,470,55256,9884,5,29
2020-08-29,83952,452,55684,9886,2,22
2020-08-30,84599,647,56305,9891,5,21
2020-08-31,85042,443,56733,9894,3,12
2020-09-01,85236,194,56919,9895,1,7
2020-09-02,85487,251,57133,9897,2,35
2020-09-03,85911,424,57523,9898,1,33
2020-09-04,86544,633,58132,9899,1,23
2020-09-05,87174,630,58739,9901,2,21
2020-09-06,87825,651,59364,9906,5,21
2020-09-07,88367,542,59893,9907,1,12
2020-09-08,88769,402,60284,9909,2,9
2020-09-09,89141,372,60627,9912,3,26
2020-09-10,89691,550,61139,9917,5,33
2020-09-11,90568,877,61992,9917,0,24
2020-09-12,91537,969,62929,9919,2,30
2020-09-13,92478,941,63846,9923,4,20
2020-09-14,93455,977,64807,9925,2,14
2020-09-15,94306,851,65642,9927,2,14
2020-09-16,94795,489,66076,9930,3,52
2020-09-17,95948,1153,67203,9935,5,21
2020-09-18,97976,2028,69186,9936,1,44
2020-09-19,99649,1673,70804,9937,1,54
2020-09-20,100748,1099,71859,9944,7,37
2020-09-21,102295,1547,73382,9948,4,20
2020-09-22,103392,1097,74465,9950,2,12
2020-09-23,105226,1834,76232,9955,5,62
2020-09-24,106887,1661,77849,9959,4,40
2020-09-25,108768,1881,79680,9965,6,44
2020-09-26,110976,2208,81823,9969,4,61
2020-09-27,112803,1827,83583,9974,5,62
2020-09-28,114179,1376,84924,9980,6,29
2020-09-29,115353,1174,86065,9987,7,26
2020-09-30,117115,1762,87728,10001,14,85
2020-10-01,118452,1337,88982,10016,15,68
2020-10-02,121059,2607,91515,10023,7,67
2020-10-03,124234,3175,94626,10037,14,50
2020-10-04,127623,3389,97934,10044,7,74
2020-10-05,130235,2612,100492,10064,20,34
2020-10-06,132203,1968,102406,10078,14,40
2020-10-07,134291,2088,104387,10092,14,93
2020-10-08,137868,3577,107865,10108,16,83
2020-10-09,143596,5728,113489,10126,18,86
2020-10-10,148981,5385,118758,10151,25,91
2020-10-11,156931,7950,126554,10175,24,130
2020-10-12,162258,5327,131795,10191,16,70
2020-10-13,165880,3622,135344,10211,20,53
2020-10-14,173240,7360,142544,10244,33,127
2020-10-15,181511,8271,150646,10278,34,135
2020-10-16,191959,10448,160912,10327,49,133
2020-10-17,202151,10192,170925,10359,32,147
2020-10-18,213115,10964,181649,10392,33,207
2020-10-19,222253,9138,190682,10413,21,84
2020-10-20,230480,8227,198823,10443,30,56
2020-10-21,240159,9679,208193,10489,46,263
2020-10-22,253386,13227,221130,10539,50,240
2020-10-23,270132,16746,237331,10588,49,496
2020-10-24,287700,17568,254525,10658,70,304
2020-10-25,305409,17709,271794,10737,79,361
2020-10-26,321031,15622,287186,10810,73,157
2020-10-27,333718,12687,299784,10899,89,0
2020-10-28,347289,13571,312747,11038,139,469
2020-10-29,368337,21048,333198,11170,132,465
2020-10-30,392258,23921,356507,11308,138,474
2020-10-31,412314,20056,375945,11452,144,474
2020-11-01,429229,16915,392035,11625,173,652
2020-11-02,441018,11789,403462,11737,112,250
2020-11-03,447355,6337,409498,11858,121,180
2020-11-04,453310,5955,414523,12126,268,662
2020-11-05,468213,14903,428548,12331,205,673
2020-11-06,479341,11128,438834,12520,189,653
2020-11-07,488044,8703,446723,12708,188,626
2020-11-08,494168,6124,451904,12907,199,744
2020-11-09,500789,6621,458083,13055,148,294
2020-11-10,503182,2393,460170,13216,161,145
2020-11-11,507475,4293,463410,13561,345,708
2020-11-12,515391,7916,470503,13758,197,626
2020-11-13,520393,5002,475130,13891,133,242
2020-11-14,525012,4619,478873,14106,215,661
2020-11-15,531280,6268,484271,14303,197,673
2020-11-16,535939,4659,488609,14421,118,203
2020-11-17,537871,1932,490223,14616,195,123
2020-11-18,540605,2734,492079,14839,223,655
2020-11-19,545787,5182,496513,15025,186,562
2020-11-20,550264,4477,500276,15196,171,543
2020-11-21,553680,3416,503047,15352,156,489
2020-11-22,556904,3224,505572,15522,170,529
2020-11-23,558779,1875,507212,15618,96,139
2020-11-24,559902,1123,508103,15755,137,95
2020-11-25,561803,1901,509296,15938,183,525
2020-11-26,564967,3164,512321,16077,139,0
2020-11-27,567532,2565,514401,16219,142,343
2020-11-28,570829,3297,517252,16339,120,326
2020-11-29,574448,3619,520749,16461,122,0
2020-11-30,576599,2151,522669,16547,86,145
2020-12-01,577345,746,523226,16645,98,91
2020-12-02,579212,1867,524502,16786,141,450
2020-12-03,582252,3040,527080,16911,125,337
2020-12-04,584857,2605,529247,17033,122,316
2020-12-05,587439,2582,531439,17142,109,281
2020-12-06,589942,2503,533503,17254,112,327
2020-12-07,591756,1814,535169,17320,66,82
2020-12-08,592615,859,535291,17386,66,671
2020-12-09,594572,1957,536807,17507,121,320
2020-12-10,597643,3071,539499,17603,96,283
2020-12-11,600397,2754,541916,17692,89,248
2020-12-12,603159,2762,544033,17792,100,545
2020-12-13,605966,2807,546475,17902,110,255
2020-12-14,608137,2171,548525,17951,49,72
2020-12-15,609211,1074,549457,18054,103,39
2020-12-16,611422,2211,551271,18178,124,273
2020-12-17,615058,3636,554581,18278,100,226
2020-12-18,618204,3146,557431,18371,93,203
2020-12-19,621039,2835,559938,18455,84,244
