time,total_cases,daily_cases,total_currently_infected,total_death,death_per_day,new_recoveries
2020-02-15,0,0,0,0,0,0
2020-02-16,0,0,0,0,0,0
2020-02-17,0,0,0,0,0,0
2020-02-18,0,0,0,0,0,0
2020-02-19,0,0,0,0,0,0
2020-02-20,0,0,0,0,0,0
2020-02-21,0,0,0,0,0,0
2020-02-22,0,0,0,0,0,0
2020-02-23,0,0,0,0,0,0
2020-02-24,0,0,0,0,0,0
2020-02-25,0,0,0,0,0,0
2020-02-26,0,0,0,0,0,0
2020-02-27,0,0,0,0,0,0
2020-02-28,0,0,0,0,0,0
2020-02-29,0,0,0,0,0,0
2020-03-01,0,0,0,0,0,0
2020-03-02,0,0,0,0,0,0
2020-03-03,0,0,0,0,0,0
2020-03-04,0,0,0,0,0,0
2020-03-05,0,0,0,0,0,0
2020-03-06,0,0,0,0,0,0
2020-03-07,0,0,0,0,0,0
2020-03-08,0,0,0,0,0,0
2020-03-09,0,0,0,0,0,0
2020-03-10,1,0,1,0,0,0
2020-03-11,14,13,13,1,1,0
2020-03-12,14,0,13,1,0,0
2020-03-13,27,13,26,1,0,0
2020-03-14,43,16,42,1,0,0
2020-03-15,55,12,54,1,0,0
2020-03-16,69,14,68,1,0,0
2020-03-17,69,0,68,1,0,0
2020-03-18,109,40,108,1,0,0
2020-03-19,137,28,135,1,0,1
2020-03-20,200,63,198,1,0,0
2020-03-21,245,45,241,3,2,0
2020-03-22,313,68,309,3,0,0
2020-03-23,345,32,338,6,3,0
2020-03-24,443,98,436,6,0,0
2020-03-25,558,115,548,8,2,1
2020-03-26,674,116,663,9,1,0
2020-03-27,786,112,770,14,5,0
2020-03-28,901,115,880,17,3,2
2020-03-29,989,88,961,24,7,0
2020-03-30,1075,86,1039,27,3,5
2020-03-31,1181,106,1142,30,3,0
2020-04-01,1317,136,1276,32,2,0
2020-04-02,1475,158,1429,37,5,0
2020-04-03,1673,198,1622,41,4,1
2020-04-04,1801,128,1742,46,5,3
2020-04-05,1801,0,1742,46,0,0
2020-04-06,2100,299,2031,55,9,1
2020-04-07,2100,0,2031,55,0,0
2020-04-08,2528,428,2449,63,8,2
2020-04-09,2752,224,2670,66,3,0
2020-04-10,2974,222,2883,74,8,1
2020-04-11,3234,260,3132,79,5,6
2020-04-12,3400,166,3284,87,8,6
2020-04-13,3472,72,3317,94,7,32
2020-04-14,3574,102,3407,95,1,11
2020-04-15,3751,177,3573,103,8,3
2020-04-16,3751,0,3573,103,0,0
2020-04-17,4016,265,3809,109,6,23
2020-04-18,4210,194,3972,116,7,24
2020-04-19,4273,63,4013,120,4,18
2020-04-20,4467,194,4176,126,6,25
2020-04-21,4658,191,4318,136,10,39
2020-04-22,4821,163,4449,141,5,27
2020-04-23,4992,171,4593,144,3,24
2020-04-24,5166,174,4749,146,2,16
2020-04-25,5338,172,4865,154,8,48
2020-04-26,5538,200,5041,159,5,19
2020-04-27,5779,241,5245,165,6,31
2020-04-28,6021,242,5399,167,2,86
2020-04-29,6200,179,5540,176,9,29
2020-04-30,6378,178,5673,178,2,43
2020-05-01,6532,154,5768,188,10,49
2020-05-02,6720,188,5906,192,4,46
2020-05-03,7090,370,6252,197,5,19
2020-05-04,7197,107,6356,200,3,0
2020-05-05,7387,190,6458,203,3,85
2020-05-06,7523,136,6490,210,7,97
2020-05-07,7731,208,6654,218,8,36
2020-05-08,7868,137,6757,225,7,27
2020-05-09,8070,202,6953,231,6,0
2020-05-10,8282,212,3544,237,6,3615
2020-05-11,8448,166,3517,244,7,186
2020-05-12,8616,168,3680,249,5,0
2020-05-13,8783,167,2510,252,3,1334
2020-05-14,8944,161,2621,256,4,46
2020-05-15,9118,174,2778,260,4,13
2020-05-16,9268,150,2922,266,6,0
2020-05-17,9449,181,3100,269,3,0
2020-05-18,9606,157,3250,275,6,1
2020-05-19,9867,261,3392,281,6,113
2020-05-20,9977,110,3496,287,6,0
2020-05-21,10116,139,3580,291,4,51
2020-05-22,10267,151,3697,295,4,30
2020-05-23,10577,310,3999,299,4,4
2020-05-24,10926,349,4341,306,7,0
2020-05-25,11183,257,4594,310,4,0
2020-05-26,11447,264,4755,313,3,100
2020-05-27,11728,281,4034,315,2,1000
2020-05-28,12131,403,4432,320,5,0
2020-05-29,12531,400,4665,326,6,161
2020-05-30,13018,487,3274,330,4,1874
2020-05-31,13463,445,3613,336,6,100
2020-06-01,13837,374,3979,344,8,0
2020-06-02,14095,258,4229,352,8,0
2020-06-03,14609,514,4733,357,5,5
2020-06-04,15044,435,5062,363,6,100
2020-06-05,15463,419,5374,370,7,100
2020-06-06,16004,541,5500,386,16,399
2020-06-07,16425,421,5814,393,7,100
2020-06-08,16854,429,6055,398,5,183
2020-06-09,17233,379,6269,403,5,160
2020-06-10,17889,656,6499,413,10,416
2020-06-11,18586,697,7191,418,5,0
2020-06-12,19211,625,5031,421,3,2782
2020-06-13,20059,848,5871,429,8,0
2020-06-14,20686,627,6483,437,8,7
2020-06-15,21422,736,7208,448,11,0
2020-06-16,21962,540,7731,457,9,8
2020-06-17,22597,635,8353,470,13,0
2020-06-18,23351,754,9094,475,5,8
2020-06-19,24274,923,9430,485,10,577
2020-06-20,25222,948,10370,493,8,0
2020-06-21,26030,808,11170,501,8,0
2020-06-22,26752,722,11567,521,20,305
2020-06-23,27314,562,12084,536,15,30
2020-06-24,28030,716,12689,547,11,100
2020-06-25,29037,1007,13673,564,17,6
2020-06-26,29905,868,14060,575,11,470
2020-06-27,30658,753,14696,592,17,100
2020-06-28,31686,1028,15612,604,12,100
2020-06-29,32785,1099,16570,620,16,125
2020-06-30,33550,765,17174,631,11,150
2020-07-01,34463,913,17873,645,14,200
2020-07-02,35237,774,18125,667,22,500
2020-07-03,35995,758,18352,698,31,500
2020-07-04,36983,988,18502,720,22,816
2020-07-05,38149,1166,19416,747,27,225
2020-07-06,39334,1185,20528,770,23,50
2020-07-07,40291,957,20766,799,29,690
2020-07-08,41251,960,20963,819,20,743
2020-07-09,42216,965,20940,839,20,968
2020-07-10,43257,1041,20968,863,24,989
2020-07-11,44332,1075,21269,893,30,744
2020-07-12,45633,1301,21685,909,16,869
2020-07-13,47173,1540,22322,932,23,880
2020-07-14,48096,923,22473,960,28,744
2020-07-15,49243,1147,22844,982,22,754
2020-07-16,50373,1130,23531,1000,18,425
2020-07-17,51408,1035,23850,1038,38,678
2020-07-18,52261,853,23696,1071,33,974
2020-07-19,53468,1207,23890,1096,25,988
2020-07-20,54426,958,24135,1127,31,682
2020-07-21,55153,727,23919,1159,32,911
2020-07-22,55906,753,23604,1180,21,1047
2020-07-23,56817,911,23780,1209,29,706
2020-07-24,57993,1176,24039,1250,41,876
2020-07-25,58864,871,24161,1275,25,724
2020-07-26,60296,1432,24871,1294,19,703
2020-07-27,61442,1146,25034,1322,28,955
2020-07-28,62223,781,24693,1349,27,1095
2020-07-29,63269,1046,24579,1374,25,1135
2020-07-30,64191,922,24576,1397,23,902
2020-07-31,65256,1065,24669,1421,24,948
2020-08-01,66383,1127,24853,1449,28,915
2020-08-02,67453,1070,24944,1471,22,957
2020-08-03,68456,1003,24866,1497,26,1055
2020-08-04,69424,968,24572,1522,25,1237
2020-08-05,70231,807,23886,1553,31,1462
2020-08-06,71418,1187,24186,1574,21,866
2020-08-07,72560,1142,24294,1591,17,1017
2020-08-08,73651,1091,24558,1609,18,809
2020-08-09,74492,841,24105,1639,30,1264
2020-08-10,75394,902,24220,1664,25,762
2020-08-11,76464,1070,24119,1680,16,1155
2020-08-12,77377,913,24077,1703,23,932
2020-08-13,78446,1069,24514,1722,19,613
2020-08-14,79402,956,24782,1734,12,676
2020-08-15,80665,1263,25062,1746,12,971
2020-08-16,81940,1275,25172,1767,21,1144
2020-08-17,82543,603,24910,1788,21,844
2020-08-18,82790,247,23790,1809,21,1346
2020-08-19,83754,964,23653,1827,18,1083
2020-08-20,83855,101,22837,1844,17,900
2020-08-21,84392,537,22811,1859,15,548
2020-08-22,85480,1088,23074,1878,19,806
2020-08-23,86900,1420,23588,1892,14,892
2020-08-24,87485,585,23394,1906,14,765
2020-08-25,88381,896,23703,1919,13,574
2020-08-26,89082,701,23555,1932,13,836
2020-08-27,89982,900,24038,1948,16,401
2020-08-28,90624,642,24056,1966,18,606
2020-08-29,91337,713,24235,1983,17,517
2020-08-30,92065,728,24323,1995,12,628
2020-08-31,92982,917,24807,2002,7,426
2020-09-01,93552,570,24560,2018,16,801
2020-09-02,94084,532,24567,2030,12,513
2020-09-03,94914,830,24670,2046,16,711
2020-09-04,95596,682,24791,2063,17,544
2020-09-05,96305,709,25007,2075,12,481
2020-09-06,97043,738,25296,2086,11,438
2020-09-07,97578,535,25232,2099,13,586
2020-09-08,98407,829,25549,2107,8,504
2020-09-09,99042,635,25507,2116,9,668
2020-09-10,99715,673,25385,2127,11,784
2020-09-11,100330,615,25332,2140,13,655
2020-09-12,101041,711,25410,2155,15,618
2020-09-13,101745,704,25472,2166,11,631
2020-09-14,102204,459,25249,2173,7,675
2020-09-15,102832,628,25053,2187,14,810
2020-09-16,103466,634,24481,2198,11,1195
2020-09-17,104138,672,24044,2213,15,1094
2020-09-18,104879,741,23557,2229,16,1212
2020-09-19,105601,722,23164,2247,18,1097
2020-09-20,106203,602,22581,2257,10,1175
2020-09-21,106810,607,22218,2272,15,955
2020-09-22,107284,474,21681,2285,13,998
2020-09-23,107990,706,21262,2291,6,1119
2020-09-24,108726,736,20935,2297,6,1057
2020-09-25,109431,705,20962,2311,14,664
2020-09-26,110108,677,20989,2323,12,638
2020-09-27,110555,447,21000,2340,17,419
2020-09-28,111277,722,21234,2348,8,480
2020-09-29,111853,576,21287,2364,16,507
2020-09-30,112595,742,21162,2372,8,859
2020-10-01,113342,747,21052,2387,15,842
2020-10-02,113962,620,20784,2406,19,869
2020-10-03,114653,691,21044,2414,8,423
2020-10-04,115286,633,21054,2423,9,614
2020-10-05,115919,633,21066,2430,7,614
2020-10-06,116602,683,21212,2440,10,527
2020-10-07,117300,698,21242,2448,8,660
2020-10-08,118054,754,21200,2463,15,781
2020-10-09,118841,787,21405,2474,11,571
2020-10-10,119666,825,21632,2482,8,590
2020-10-11,120313,647,21658,2491,9,612
2020-10-12,120802,489,21625,2502,11,511
2020-10-13,121296,494,21488,2511,9,622
2020-10-14,122128,832,21690,2519,8,622
2020-10-15,122883,755,21683,2529,10,752
2020-10-16,123498,615,21666,2546,17,615
2020-10-17,124107,609,21202,2557,11,1062
2020-10-18,124745,638,21140,2564,7,693
2020-10-19,125181,436,21062,2574,10,504
2020-10-20,125739,558,21126,2585,11,483
2020-10-21,126435,696,21113,2597,12,697
2020-10-22,127227,792,21217,2612,15,673
2020-10-23,127866,639,21259,2622,10,587
2020-10-24,128515,649,21325,2628,6,577
2020-10-25,129200,685,21336,2633,5,669
2020-10-26,129751,551,21403,2638,5,479
2020-10-27,130422,671,21332,2650,12,730
2020-10-28,131247,825,21193,2663,13,951
2020-10-29,132045,798,21025,2678,15,951
2020-10-30,132867,822,20810,2688,10,1027
2020-10-31,133598,731,20346,2700,12,1183
