time,total_cases,daily_cases,total_currently_infected,total_death,death_per_day,new_recoveries
2020-02-15,0,0,0,0,0,0
2020-02-16,0,0,0,0,0,0
2020-02-17,0,0,0,0,0,0
2020-02-18,0,0,0,0,0,0
2020-02-19,0,0,0,0,0,0
2020-02-20,0,0,0,0,0,0
2020-02-21,0,0,0,0,0,0
2020-02-22,0,0,0,0,0,0
2020-02-23,0,0,0,0,0,0
2020-02-24,0,0,0,0,0,0
2020-02-25,0,0,0,0,0,0
2020-02-26,0,0,0,0,0,0
2020-02-27,0,0,0,0,0,0
2020-02-28,0,0,0,0,0,0
2020-02-29,1,0,1,0,0,0
2020-03-01,1,0,1,0,0,0
2020-03-02,1,0,1,0,0,0
2020-03-03,1,0,1,0,0,0
2020-03-04,1,0,1,0,0,0
2020-03-05,2,1,2,0,0,0
2020-03-06,3,1,3,0,0,0
2020-03-07,4,1,4,0,0,0
2020-03-08,5,1,5,0,0,0
2020-03-09,5,0,5,0,0,0
2020-03-10,7,2,7,0,0,0
2020-03-11,7,0,7,0,0,0
2020-03-12,23,16,23,0,0,0
2020-03-13,33,10,32,1,1,0
2020-03-14,44,11,43,1,0,0
2020-03-15,65,21,64,1,0,0
2020-03-16,68,3,67,1,0,0
2020-03-17,116,48,115,1,0,0
2020-03-18,168,52,166,2,1,0
2020-03-19,276,108,266,4,2,6
2020-03-20,398,122,387,5,1,0
2020-03-21,550,152,536,8,3,0
2020-03-22,655,105,641,8,0,0
2020-03-23,718,63,704,8,0,0
2020-03-24,901,183,887,8,0,0
2020-03-25,1092,191,1081,8,0,-3
2020-03-26,1190,98,1177,9,1,1
2020-03-27,1314,124,1284,15,6,11
2020-03-28,1499,185,1444,18,3,22
2020-03-29,1596,97,1521,21,3,17
2020-03-30,1627,31,1551,22,1,0
2020-03-31,1782,155,1676,23,1,29
2020-04-01,1897,115,1696,29,6,89
2020-04-02,2034,137,1697,30,1,135
2020-04-03,2136,102,1672,31,1,126
2020-04-04,2232,96,1613,31,0,155
2020-04-05,2293,61,1558,36,5,111
2020-04-06,2325,32,1571,41,5,14
2020-04-07,2429,104,1484,44,3,188
2020-04-08,2481,52,1378,46,2,156
2020-04-09,2547,66,1304,52,6,134
2020-04-10,2635,88,1217,54,2,173
2020-04-11,2673,38,1110,62,8,137
2020-04-12,2682,9,1025,66,4,90
2020-04-13,2691,9,1004,69,3,27
2020-04-14,2703,12,888,67,-2,130
2020-04-15,2757,54,852,69,2,88
2020-04-16,2815,58,799,69,0,111
2020-04-17,2844,29,725,72,3,100
2020-04-18,2891,47,685,72,0,87
2020-04-19,2902,11,634,73,1,61
2020-04-20,2909,7,602,75,2,37
2020-04-21,2958,49,584,78,3,64
2020-04-22,2987,29,556,80,2,55
2020-04-23,2996,9,499,83,3,63
2020-04-24,3021,25,470,85,2,52
2020-04-25,3034,13,438,85,0,45
2020-04-26,3044,10,434,88,3,11
2020-04-27,3049,5,428,88,0,11
2020-04-28,3059,10,425,89,1,12
2020-04-29,3082,23,384,89,0,64
2020-04-30,3094,12,359,90,1,36
2020-05-01,3109,15,341,92,2,31
2020-05-02,3117,8,301,92,0,48
2020-05-03,3127,10,287,96,4,20
2020-05-04,3130,3,288,96,0,2
2020-05-05,3140,10,273,96,0,25
2020-05-06,3149,9,252,98,2,28
2020-05-07,3156,7,246,100,2,11
2020-05-08,3166,10,233,100,0,23
2020-05-09,3171,5,214,101,1,23
2020-05-10,3178,7,207,101,0,14
2020-05-11,3180,2,202,101,0,7
2020-05-12,3185,5,190,102,1,16
2020-05-13,3193,8,176,103,1,21
2020-05-14,3202,9,175,103,0,10
2020-05-15,3209,7,167,104,1,14
2020-05-16,3215,6,165,104,0,8
2020-05-17,3227,12,170,107,3,4
2020-05-18,3229,2,169,107,0,3
2020-05-19,3238,9,160,109,2,16
2020-05-20,3249,11,161,109,0,10
2020-05-21,3256,7,163,109,0,5
2020-05-22,3257,1,159,109,0,5
2020-05-23,3264,7,159,109,0,7
2020-05-24,3266,2,151,110,1,9
2020-05-25,3267,1,150,110,0,2
2020-05-26,3269,2,149,110,0,3
2020-05-27,3274,5,147,110,0,7
2020-05-28,3280,6,144,110,0,9
2020-05-29,3283,3,143,110,0,4
2020-05-30,3286,3,140,110,0,6
2020-05-31,3288,2,132,110,0,10
2020-06-01,3289,1,131,110,0,2
2020-06-02,3290,1,118,110,0,14
2020-06-03,3293,3,113,110,0,8
2020-06-04,3295,2,104,110,0,11
2020-06-05,3299,4,108,110,0,0
2020-06-06,3301,2,100,110,0,10
2020-06-07,3304,3,101,110,0,2
2020-06-08,3305,1,101,110,0,1
2020-06-09,3310,5,103,110,0,3
2020-06-10,3312,2,100,110,0,5
2020-06-11,3314,2,100,110,0,2
2020-06-12,3316,2,99,110,0,3
2020-06-13,3323,7,101,110,0,5
2020-06-14,3329,6,105,110,0,2
2020-06-15,3331,2,107,110,0,0
2020-06-16,3333,2,107,110,0,2
2020-06-17,3341,8,112,110,0,3
2020-06-18,3346,5,115,110,0,2
2020-06-19,3353,7,115,110,0,7
2020-06-20,3358,5,117,110,0,3
2020-06-21,3370,12,128,110,0,1
2020-06-22,3371,1,129,110,0,0
2020-06-23,3381,10,135,110,0,4
2020-06-24,3387,6,138,110,0,3
2020-06-25,3396,9,140,110,0,7
2020-06-26,3414,18,156,110,0,2
2020-06-27,3450,36,188,110,0,4
2020-06-28,3470,20,200,110,0,8
2020-06-29,3481,11,209,110,0,2
2020-06-30,3516,35,240,110,0,4
2020-07-01,3554,38,272,110,0,6
2020-07-02,3595,41,310,110,0,3
2020-07-03,3638,43,347,110,0,6
2020-07-04,3662,24,361,110,0,10
2020-07-05,3700,38,386,110,0,13
2020-07-06,3716,16,402,110,0,0
2020-07-07,3766,50,439,110,0,13
2020-07-08,3804,38,475,110,0,2
2020-07-09,3860,56,518,110,0,13
2020-07-10,3907,47,546,110,0,19
2020-07-11,3960,53,558,110,0,41
2020-07-12,4028,68,595,111,1,30
2020-07-13,4053,25,611,111,0,9
2020-07-14,4135,82,650,111,0,43
2020-07-15,4189,54,681,111,0,23
2020-07-16,4322,133,763,111,0,51
2020-07-17,4423,101,822,111,0,42
2020-07-18,4484,61,858,111,0,25
2020-07-19,4584,100,912,111,0,46
2020-07-20,4612,28,928,111,0,12
2020-07-21,4682,70,956,111,0,42
2020-07-22,4788,106,1010,111,0,52
2020-07-23,4868,80,1040,112,1,49
2020-07-24,4953,85,1095,112,0,30
2020-07-25,5048,95,1138,112,0,52
2020-07-26,5122,74,1138,112,0,74
2020-07-27,5417,295,1406,112,0,27
2020-07-28,5417,0,1312,113,1,93
2020-07-29,5417,0,1259,114,1,52
2020-07-30,5417,0,1126,114,0,133
2020-07-31,5485,68,1091,114,0,103
2020-08-01,5562,77,1099,116,2,67
2020-08-02,5610,48,1053,117,1,93
2020-08-03,5617,7,1030,118,1,29
2020-08-04,5666,49,1005,118,0,74
2020-08-05,5745,79,973,118,0,111
2020-08-06,5799,54,950,119,1,76
2020-08-07,5832,33,903,119,0,80
2020-08-08,5878,46,832,120,1,116
2020-08-09,5907,29,791,120,0,70
2020-08-10,5914,7,753,121,1,44
2020-08-11,5939,25,743,122,1,34
2020-08-12,5979,40,647,122,0,136
2020-08-13,6038,59,636,122,0,70
2020-08-14,6071,33,602,122,0,67
2020-08-15,6097,26,548,123,1,79
2020-08-16,6108,11,510,123,0,49
2020-08-17,6118,10,508,124,1,11
2020-08-18,6141,23,475,124,0,56
2020-08-19,6199,58,457,124,0,76
2020-08-20,6252,53,456,124,0,54
2020-08-21,6311,59,485,124,0,30
2020-08-22,6361,50,482,124,0,53
2020-08-23,6367,6,459,124,0,29
2020-08-24,6383,16,471,124,0,4
2020-08-25,6417,34,481,124,0,24
2020-08-26,6492,75,514,124,0,42
2020-08-27,6543,51,510,124,0,55
2020-08-28,6580,37,514,124,0,33
2020-08-29,6625,45,534,124,0,25
2020-08-30,6673,48,565,124,0,17
2020-08-31,6677,4,563,124,0,6
2020-09-01,6702,25,563,124,0,25
2020-09-02,6745,43,547,124,0,59
2020-09-03,6811,66,561,124,0,52
2020-09-04,6854,43,604,124,0,0
2020-09-05,6896,42,646,124,0,0
2020-09-06,6950,54,700,124,0,0
2020-09-07,6960,10,580,124,0,130
2020-09-08,6974,14,594,124,0,0
2020-09-09,7023,49,607,124,0,36
2020-09-10,7088,65,567,124,0,105
2020-09-11,7159,71,638,124,0,0
2020-09-12,7194,35,673,124,0,0
2020-09-13,7238,44,717,124,0,0
2020-09-14,7244,6,565,124,0,158
2020-09-15,7284,40,605,124,0,0
2020-09-16,7394,110,677,124,0,38
2020-09-17,7541,147,776,124,0,48
2020-09-18,7718,177,891,124,0,62
2020-09-19,7804,86,977,124,0,0
2020-09-20,7907,103,1080,124,0,0
2020-09-21,7916,9,953,124,0,136
2020-09-22,8016,100,1044,124,0,9
2020-09-23,8090,74,1104,124,0,14
2020-09-24,8158,68,1124,124,0,48
2020-09-25,8233,75,1133,124,0,66
2020-09-26,8311,78,1211,124,0,0
2020-09-27,8357,46,1257,124,0,0
2020-09-28,8376,19,1124,124,0,152
2020-09-29,8431,55,1171,124,0,8
2020-09-30,8509,78,1211,124,0,38
2020-10-01,8595,86,1190,125,1,106
2020-10-02,8709,114,1156,125,0,148
2020-10-03,8797,88,1244,125,0,0
2020-10-04,8890,93,1336,126,1,0
2020-10-05,8925,35,1005,127,1,365
2020-10-06,8979,54,1058,128,1,0
2020-10-07,9119,140,1091,128,0,107
2020-10-08,9219,100,1117,129,1,73
2020-10-09,9360,141,1192,130,1,65
2020-10-10,9514,154,1345,131,1,0
2020-10-11,9722,208,1552,132,1,0
2020-10-12,9731,9,1364,133,1,196
2020-10-13,9840,109,1459,133,0,14
2020-10-14,10030,190,1591,133,0,58
2020-10-15,10244,214,1727,133,0,78
2020-10-16,10471,227,1870,133,0,84
2020-10-17,10646,175,2045,133,0,0
2020-10-18,10888,242,2287,133,0,0
2020-10-19,11010,122,2404,135,2,3
2020-10-20,11255,245,2648,136,1,0
2020-10-21,11738,483,3127,138,2,2
2020-10-22,12333,595,3719,140,2,1
2020-10-23,12851,518,3625,141,1,611
2020-10-24,13713,862,4484,144,3,0
2020-10-25,14204,491,4974,145,1,0
2020-10-26,14399,195,4682,147,2,485
2020-10-27,14884,485,5158,147,0,9
2020-10-28,15659,775,5831,147,0,102
2020-10-29,16356,697,6341,150,3,184
2020-10-30,17134,778,6901,152,2,216
2020-10-31,17933,799,7695,157,5,0
