time,total_cases,daily_cases,total_death,death_per_day
2020-02-15,9,0,0,0
2020-02-16,9,0,0,0
2020-02-17,9,0,0,0
2020-02-18,9,0,0,0
2020-02-19,9,0,0,0
2020-02-20,9,0,0,0
2020-02-21,9,0,0,0
2020-02-22,9,0,0,0
2020-02-23,13,4,0,0
2020-02-24,13,0,0,0
2020-02-25,13,0,0,0
2020-02-26,13,0,0,0
2020-02-27,16,3,0,0
2020-02-28,20,4,0,0
2020-02-29,23,3,0,0
2020-03-01,35,12,0,0
2020-03-02,38,3,0,0
2020-03-03,49,11,0,0
2020-03-04,82,33,0,0
2020-03-05,108,26,1,1
2020-03-06,151,43,1,0
2020-03-07,192,41,2,1
2020-03-08,254,62,2,0
2020-03-09,293,39,3,1
2020-03-10,349,56,7,4
2020-03-11,419,70,7,0
2020-03-12,536,117,9,2
2020-03-13,725,189,10,1
2020-03-14,1035,310,28,18
2020-03-15,1263,228,42,14
2020-03-16,1400,137,64,22
2020-03-17,1769,369,79,15
2020-03-18,2382,613,112,33
2020-03-19,2965,583,154,42
2020-03-20,3612,647,186,32
2020-03-21,4550,938,240,54
2020-03-22,5153,603,264,24
2020-03-23,6030,877,331,67
2020-03-24,7323,1293,474,143
2020-03-25,8639,1316,652,178
2020-03-26,10568,1929,878,226
2020-03-27,13182,2614,1161,283
2020-03-28,15489,2307,1455,294
2020-03-29,17693,2204,1669,214
2020-03-30,20066,2373,2043,374
2020-03-31,22792,2726,2425,382
2020-04-01,26709,3917,3086,661
2020-04-02,30554,3845,3726,640
2020-04-03,34586,4032,4460,734
2020-04-04,37970,3384,5220,760
2020-04-05,43318,5348,5864,644
2020-04-06,46762,3444,6431,567
2020-04-07,50055,3293,7468,1037
2020-04-08,55029,4974,8500,1032
2020-04-09,58964,3935,9606,1106
2020-04-10,66824,7860,10755,1149
2020-04-11,71565,4741,11594,839
2020-04-12,76356,4791,12278,684
2020-04-13,80289,3933,13022,744
2020-04-14,85047,4758,14063,1041
2020-04-15,89217,4170,14903,840
2020-04-16,93400,4183,15931,1028
2020-04-17,98473,5073,16866,935
2020-04-18,103479,5006,17974,1108
2020-04-19,108779,5300,18468,494
2020-04-20,113015,4236,19024,556
2020-04-21,116911,3896,20190,1166
2020-04-22,120944,4033,21013,823
2020-04-23,125096,4152,21731,718
2020-04-24,129975,4879,22733,1002
2020-04-25,134426,4451,23564,831
2020-04-26,138470,4044,23968,404
2020-04-27,142373,3903,24288,320
2020-04-28,145993,3620,25190,902
2020-04-29,149686,3693,25957,767
2020-04-30,155151,5465,26614,657
2020-05-01,160769,5618,27323,709
2020-05-02,165123,4354,27910,587
2020-05-03,169054,3931,28201,291
2020-05-04,172664,3610,28479,278
2020-05-05,176656,3992,29155,676
2020-05-06,182192,5536,29766,611
2020-05-07,187278,5086,30258,492
2020-05-08,191490,4212,30847,589
2020-05-09,195019,3529,31136,289
2020-05-10,198573,3554,31377,241
2020-05-11,202085,3512,31571,194
2020-05-12,205168,3083,32134,563
2020-05-13,208106,2938,32577,443
2020-05-14,211228,3122,32953,376
2020-05-15,214453,3225,33281,328
2020-05-16,217579,3126,33708,427
2020-05-17,220780,3201,33808,100
2020-05-18,223236,2456,33958,150
2020-05-19,225421,2185,34430,472
2020-05-20,226793,1372,34739,309
2020-05-21,229162,2369,35023,284
2020-05-22,232140,2978,35331,308
2020-05-23,234821,2681,35561,230
2020-05-24,237000,2179,35947,386
2020-05-25,238472,1472,36050,103
2020-05-26,240287,1815,36174,124
2020-05-27,242110,1823,36599,425
2020-05-28,243820,1710,36943,344
2020-05-29,245718,1898,37213,270
2020-05-30,247171,1453,37362,149
2020-05-31,248925,1754,37435,73
2020-06-01,250347,1422,37529,94
2020-06-02,251844,1497,37766,237
2020-06-03,253539,1695,38015,249
2020-06-04,255175,1636,38154,139
2020-06-05,256670,1495,38407,253
2020-06-06,258080,1410,38558,151
2020-06-07,259281,1201,38619,61
2020-06-08,260373,1092,38666,47
2020-06-09,261951,1578,38854,188
2020-06-10,262860,909,39013,159
2020-06-11,264007,1147,39095,82
2020-06-12,265403,1396,39228,133
2020-06-13,266694,1291,39332,104
2020-06-14,268066,1372,39365,33
2020-06-15,268943,877,39395,30
2020-06-16,270101,1158,39509,114
2020-06-17,271111,1010,39615,106
2020-06-18,272214,1103,39690,75
2020-06-19,273434,1220,39769,79
2020-06-20,274607,1173,39844,75
2020-06-21,275713,1106,39878,34
2020-06-22,276581,868,39892,14
2020-06-23,277415,834,39981,89
2020-06-24,278006,591,40068,87
2020-06-25,279019,1013,40170,102
2020-06-26,280270,1251,40248,78
2020-06-27,281076,806,40288,40
2020-06-28,281892,816,40319,31
2020-06-29,282629,737,40340,21
2020-06-30,283253,624,40391,51
2020-07-01,284004,751,40490,99
2020-07-02,284582,578,40530,40
2020-07-03,285103,521,40578,48
2020-07-04,285729,626,40613,35
2020-07-05,286247,518,40632,19
2020-07-06,286600,353,40643,11
2020-07-07,287183,583,40696,53
2020-07-08,287815,632,40753,57
2020-07-09,288459,644,40785,32
2020-07-10,288972,513,40819,34
2020-07-11,289794,822,40836,17
2020-07-12,290445,651,40845,9
2020-07-13,290975,530,40853,8
2020-07-14,291373,398,40899,46
2020-07-15,291911,538,40925,26
2020-07-16,292552,641,40948,23
2020-07-17,293239,687,40975,27
2020-07-18,294066,827,40984,9
2020-07-19,294792,726,40995,11
2020-07-20,295372,580,41005,10
2020-07-21,295817,445,41030,25
2020-07-22,296377,560,41047,17
2020-07-23,297146,769,41056,9
2020-07-24,297914,768,41088,32
2020-07-25,298681,767,41103,15
2020-07-26,299426,745,41111,8
2020-07-27,300111,685,41114,3
2020-07-28,300692,581,41135,21
2020-07-29,301455,763,41169,34
2020-07-30,302301,846,41171,2
2020-07-31,303181,880,41189,18
2020-08-01,303952,771,41202,13
2020-08-02,304695,743,41207,5
2020-08-03,305623,928,41208,1
2020-08-04,306293,670,41226,18
2020-08-05,307184,891,41240,14
2020-08-06,308134,950,41258,18
2020-08-07,309005,871,41270,12
2020-08-08,309763,758,41273,3
2020-08-09,310825,1062,41278,5
2020-08-10,311641,816,41295,17
2020-08-11,312789,1148,41309,14
2020-08-12,313798,1009,41329,20
2020-08-13,314927,1129,41347,18
2020-08-14,316367,1440,41358,11
2020-08-15,317444,1077,41361,3
2020-08-16,318484,1040,41366,5
2020-08-17,319197,713,41369,3
2020-08-18,320286,1089,41381,12
2020-08-19,321098,812,41397,16
2020-08-20,322280,1182,41403,6
2020-08-21,323313,1033,41405,2
2020-08-22,324601,1288,41423,18
2020-08-23,325761,1160,41429,6
2020-08-24,326614,853,41433,4
2020-08-25,327798,1184,41449,16
2020-08-26,328846,1048,41465,16
2020-08-27,330368,1522,41477,12
2020-08-28,331644,1276,41486,9
2020-08-29,332752,1108,41498,12
2020-08-30,334467,1715,41499,1
2020-08-31,335873,1406,41501,2
2020-09-01,337168,1295,41504,3
2020-09-02,338676,1508,41514,10
2020-09-03,340411,1735,41527,13
2020-09-04,342351,1940,41537,10
2020-09-05,344164,1813,41549,12
2020-09-06,347152,2988,41551,2
2020-09-07,350100,2948,41554,3
2020-09-08,352560,2460,41586,32
2020-09-09,355219,2659,41594,8
2020-09-10,358138,2919,41608,14
2020-09-11,361677,3539,41614,6
2020-09-12,365174,3497,41623,9
2020-09-13,368504,3330,41628,5
2020-09-14,371123,2619,41637,9
2020-09-15,374228,3105,41664,27
2020-09-16,378219,3991,41684,20
2020-09-17,381614,3395,41705,21
2020-09-18,385936,4322,41732,27
2020-09-19,390452,4516,41759,27
2020-09-20,394608,4156,41777,18
2020-09-21,399045,4437,41788,11
2020-09-22,404124,5079,41825,37
2020-09-23,411023,6899,41862,37
2020-09-24,418380,7357,41902,40
2020-09-25,425898,7518,41937,35
2020-09-26,433477,7579,41971,34
2020-09-27,441190,7713,41988,17
2020-09-28,445852,4662,42001,13
2020-09-29,454968,9116,42072,71
2020-09-30,465125,10157,42143,71
2020-10-01,476172,11047,42202,59
2020-10-02,487926,11754,42268,66
2020-10-03,494996,7070,42317,49
2020-10-04,502978,7982,42350,33
