time,total_cases,daily_cases,total_currently_infected,total_death,death_per_day
2020-02-15,0,0,0,0,0
2020-02-16,0,0,0,0,0
2020-02-17,0,0,0,0,0
2020-02-18,0,0,0,0,0
2020-02-19,0,0,0,0,0
2020-02-20,0,0,0,0,0
2020-02-21,0,0,0,0,0
2020-02-22,0,0,0,0,0
2020-02-23,0,0,0,0,0
2020-02-24,0,0,0,0,0
2020-02-25,0,0,0,0,0
2020-02-26,0,0,0,0,0
2020-02-27,0,0,0,0,0
2020-02-28,0,0,0,0,0
2020-02-29,0,0,0,0,0
2020-03-01,0,0,0,0,0
2020-03-02,0,0,0,0,0
2020-03-03,0,0,0,0,0
2020-03-04,0,0,0,0,0
2020-03-05,0,0,0,0,0
2020-03-06,0,0,0,0,0
2020-03-07,0,0,0,0,0
2020-03-08,0,0,0,0,0
2020-03-09,0,0,0,0,0
2020-03-10,0,0,0,0,0
2020-03-11,0,0,0,0,0
2020-03-12,0,0,0,0,0
2020-03-13,0,0,0,0,0
2020-03-14,0,0,0,0,0
2020-03-15,0,0,0,0,0
2020-03-16,0,0,0,0,0
2020-03-17,0,0,0,0,0
2020-03-18,0,0,0,0,0
2020-03-19,0,0,0,0,0
2020-03-20,0,0,0,0,0
2020-03-21,0,0,0,0,0
2020-03-22,0,0,0,0,0
2020-03-23,0,0,0,0,0
2020-03-24,0,0,0,0,0
2020-03-25,2,0,2,0,0
2020-03-26,4,2,4,0,0
2020-03-27,11,7,11,0,0
2020-03-28,18,7,17,1,0
2020-03-29,18,0,17,1,0
2020-03-30,25,7,23,2,1
2020-03-31,28,3,26,2,0
2020-04-01,31,3,28,3,1
2020-04-02,36,5,33,3,0
2020-04-03,39,3,36,3,0
2020-04-04,41,2,37,3,0
2020-04-05,45,4,39,5,2
2020-04-06,47,2,33,5,0
2020-04-07,56,9,39,5,0
2020-04-08,59,3,36,7,2
2020-04-09,74,15,45,7,0
2020-04-10,87,13,58,7,0
2020-04-11,87,0,58,7,0
2020-04-12,105,18,74,9,2
2020-04-13,123,18,87,10,1
2020-04-14,144,21,97,13,3
2020-04-15,148,4,101,13,0
2020-04-16,171,23,124,13,0
2020-04-17,171,0,124,13,0
2020-04-18,216,45,162,13,0
2020-04-19,224,8,168,14,1
2020-04-20,246,22,176,14,0
2020-04-21,258,12,187,14,0
2020-04-22,293,35,203,17,3
2020-04-23,309,16,211,21,4
2020-04-24,325,16,217,21,0
2020-04-25,370,45,258,21,0
2020-04-26,389,19,254,23,2
2020-04-27,408,19,272,23,0
2020-04-28,424,16,278,24,1
2020-04-29,482,58,328,25,1
2020-04-30,490,8,329,26,1
2020-05-01,508,18,286,26,0
2020-05-02,544,36,312,26,0
2020-05-03,563,19,323,27,1
2020-05-04,580,17,328,29,2
2020-05-05,612,32,352,32,3
2020-05-06,631,19,338,32,0
2020-05-07,650,19,347,32,0
2020-05-08,668,18,348,35,3
2020-05-09,692,24,357,37,2
2020-05-10,704,12,315,38,1
2020-05-11,712,8,296,39,1
2020-05-12,730,18,292,40,1
2020-05-13,758,28,302,44,4
2020-05-14,779,21,297,46,2
2020-05-15,806,27,305,46,0
2020-05-16,835,29,308,48,2
2020-05-17,860,25,314,52,4
2020-05-18,874,14,310,52,0
2020-05-19,901,27,319,53,1
2020-05-20,931,30,333,55,2
2020-05-21,947,16,329,60,5
2020-05-22,969,22,347,62,2
2020-05-23,1015,46,378,63,1
2020-05-24,1030,15,368,65,2
2020-05-25,1059,29,388,67,2
2020-05-26,1077,18,390,70,3
2020-05-27,1116,39,414,70,0
2020-05-28,1194,78,470,72,2
2020-05-29,1226,32,484,73,1
2020-05-30,1250,24,478,76,3
2020-05-31,1265,15,472,77,1
2020-06-01,1315,50,493,78,1
2020-06-02,1351,36,504,78,0
2020-06-03,1386,35,519,79,1
2020-06-04,1461,75,570,85,6
2020-06-05,1485,24,582,87,2
2020-06-06,1523,38,588,90,3
2020-06-07,1533,10,568,92,2
2020-06-08,1547,14,539,92,0
2020-06-09,1586,39,561,94,2
2020-06-10,1667,81,623,96,2
2020-06-11,1722,55,636,97,1
2020-06-12,1752,30,628,101,4
2020-06-13,1776,24,614,104,3
2020-06-14,1809,33,617,104,0
2020-06-15,1860,51,631,104,0
2020-06-16,1885,25,636,104,0
2020-06-17,1890,5,615,107,3
2020-06-18,1906,16,607,107,0
2020-06-19,1923,17,598,108,1
2020-06-20,1923,0,598,108,0
2020-06-21,1933,10,569,109,1
2020-06-22,1961,28,584,111,2
2020-06-23,1978,17,565,111,0
2020-06-24,2005,27,539,112,1
2020-06-25,2039,34,543,113,1
2020-06-26,2060,21,560,113,0
2020-06-27,2118,58,607,113,0
2020-06-28,2147,29,601,114,1
2020-06-29,2173,26,611,115,1
2020-06-30,2181,8,591,116,1
2020-07-01,2202,21,603,116,0
2020-07-02,2260,58,641,117,1
2020-07-03,2285,25,661,117,0
2020-07-04,2303,18,669,118,1
2020-07-05,2330,27,684,119,1
2020-07-06,2331,1,665,119,0
2020-07-07,2348,17,673,119,0
2020-07-08,2358,10,641,120,1
2020-07-09,2370,12,629,120,0
2020-07-10,2404,34,633,121,1
2020-07-11,2406,2,602,121,0
2020-07-12,2411,5,596,121,0
2020-07-13,2412,1,561,121,0
2020-07-14,2423,11,554,121,0
2020-07-15,2433,10,548,121,0
2020-07-16,2440,7,542,121,0
2020-07-17,2467,27,555,121,0
2020-07-18,2472,5,542,121,0
2020-07-19,2475,3,526,121,0
2020-07-20,2475,0,503,121,0
2020-07-21,2477,2,499,122,1
2020-07-22,2494,17,502,123,1
2020-07-23,2494,0,482,123,0
2020-07-24,2503,9,479,123,0
2020-07-25,2503,0,473,123,0
2020-07-26,2510,7,476,123,0
2020-07-27,2513,3,476,124,1
2020-07-28,2520,7,477,124,0
2020-07-29,2521,1,470,124,0
2020-07-30,2522,1,467,124,0
2020-07-31,2535,13,474,124,0
2020-08-01,2535,0,474,124,0
2020-08-02,2541,6,474,124,0
2020-08-03,2543,2,476,124,0
2020-08-04,2543,0,473,124,0
2020-08-05,2546,3,472,124,0
2020-08-06,2552,6,474,124,0
2020-08-07,2561,9,480,125,1
2020-08-08,2565,4,480,125,0
2020-08-09,2567,2,480,125,0
2020-08-10,2573,6,479,125,0
2020-08-11,2577,4,479,125,0
2020-08-12,2582,5,480,125,0
2020-08-13,2597,15,493,125,0
2020-08-14,2597,0,493,125,0
2020-08-15,2614,17,503,125,0
2020-08-16,2640,26,528,125,0
2020-08-17,2640,0,528,125,0
2020-08-18,2666,26,551,125,0
2020-08-19,2667,1,549,125,0
2020-08-20,2667,0,549,125,0
2020-08-21,2688,21,556,125,0
2020-08-22,2699,11,564,125,0
2020-08-23,2705,6,562,125,0
2020-08-24,2708,3,558,125,0
2020-08-25,2713,5,547,125,0
2020-08-26,2717,4,539,126,1
2020-08-27,2730,13,550,126,0
2020-08-28,2736,6,555,126,0
2020-08-29,2757,21,510,126,0
2020-08-30,2773,16,478,126,0
2020-08-31,2776,3,481,126,0
2020-09-01,2777,1,473,126,0
2020-09-02,2802,25,491,126,0
2020-09-03,2807,5,478,126,0
2020-09-04,2814,7,468,126,0
2020-09-05,2833,19,474,126,0
2020-09-06,2842,9,477,127,1
2020-09-07,2870,28,497,127,0
2020-09-08,2882,12,497,127,0
2020-09-09,2898,16,503,128,1
2020-09-10,2909,11,512,128,0
2020-09-11,2912,3,513,128,0
2020-09-12,2916,4,512,128,0
2020-09-13,2924,8,511,128,0
2020-09-14,2935,11,518,128,0
2020-09-15,2940,5,510,128,0
2020-09-16,2966,26,527,128,0
2020-09-17,2966,0,527,128,0
2020-09-18,2991,25,531,128,0
2020-09-19,3006,15,529,128,0
2020-09-20,3013,7,513,128,0
2020-09-21,3024,11,519,128,0
2020-09-22,3030,6,521,129,1
2020-09-23,3034,4,522,130,1
2020-09-24,3041,7,520,130,0
2020-09-25,3064,23,532,130,0
2020-09-26,3080,16,540,130,0
2020-09-27,3086,6,536,130,0
2020-09-28,3090,4,521,130,0
2020-09-29,3101,11,527,131,1
2020-09-30,3118,17,534,131,0
2020-10-01,3131,13,540,131,0
2020-10-02,3156,25,558,131,0
2020-10-03,3170,14,563,131,0
2020-10-04,3184,14,574,131,0
2020-10-05,3189,5,576,131,0
2020-10-06,3195,6,570,131,0
2020-10-07,3210,15,577,131,0
2020-10-08,3235,25,598,131,0
2020-10-09,3248,13,603,131,0
2020-10-10,3273,25,616,132,1
2020-10-11,3286,13,627,132,0
2020-10-12,3296,10,631,132,0
2020-10-13,3297,1,621,132,0
2020-10-14,3352,55,670,132,0
2020-10-15,3368,16,677,132,0
2020-10-16,3378,10,683,132,0
2020-10-17,3379,1,677,132,0
2020-10-18,3388,9,670,132,0
2020-10-19,3407,19,687,132,0
2020-10-20,3411,4,686,132,0
2020-10-21,3428,17,697,132,0
2020-10-22,3440,12,700,132,0
2020-10-23,3444,4,692,132,0
2020-10-24,3472,28,704,132,0
2020-10-25,3490,18,696,133,1
2020-10-26,3499,9,702,133,0
2020-10-27,3515,16,714,136,3
2020-10-28,3530,15,727,136,0
2020-10-29,3537,7,715,136,0
2020-10-30,3545,8,663,136,0
2020-10-31,3554,9,665,136,0
