time,total_cases,daily_cases,total_currently_infected,total_death,death_per_day
2020-02-15,0,0,0,0,0
2020-02-16,0,0,0,0,0
2020-02-17,0,0,0,0,0
2020-02-18,0,0,0,0,0
2020-02-19,0,0,0,0,0
2020-02-20,0,0,0,0,0
2020-02-21,0,0,0,0,0
2020-02-22,0,0,0,0,0
2020-02-23,0,0,0,0,0
2020-02-24,0,0,0,0,0
2020-02-25,0,0,0,0,0
2020-02-26,0,0,0,0,0
2020-02-27,0,0,0,0,0
2020-02-28,0,0,0,0,0
2020-02-29,0,0,0,0,0
2020-03-01,3,0,3,0,0
2020-03-02,3,0,3,0,0
2020-03-03,5,2,5,0,0
2020-03-04,6,1,6,0,0
2020-03-05,9,3,9,0,0
2020-03-06,20,11,20,0,0
2020-03-07,27,7,27,0,0
2020-03-08,33,6,33,0,0
2020-03-09,39,6,39,0,0
2020-03-10,64,25,64,0,0
2020-03-11,95,31,95,0,0
2020-03-12,117,22,117,0,0
2020-03-13,142,25,142,0,0
2020-03-14,190,48,190,0,0
2020-03-15,299,109,299,0,0
2020-03-16,384,85,381,0,0
2020-03-17,452,68,449,0,0
2020-03-18,562,110,559,0,0
2020-03-19,768,206,765,0,0
2020-03-20,892,124,888,0,0
2020-03-21,1051,159,1045,0,0
2020-03-22,1166,115,1159,1,1
2020-03-23,1292,126,1284,1,0
2020-03-24,1477,185,1464,3,2
2020-03-25,1769,292,1753,6,3
2020-03-26,2028,259,2009,9,3
2020-03-27,2405,377,2385,9,0
2020-03-28,2668,263,2646,11,2
2020-03-29,2828,160,2801,16,5
2020-03-30,3012,184,2964,23,7
2020-03-31,3320,308,3244,31,8
2020-04-01,3603,283,3503,39,8
2020-04-02,3872,269,3761,44,5
2020-04-03,4206,334,4081,53,9
2020-04-04,4490,284,4353,59,6
2020-04-05,4607,117,4444,67,8
2020-04-06,4843,236,4644,78,11
2020-04-07,5039,196,4779,88,10
2020-04-08,5334,295,5002,99,11
2020-04-09,5591,257,5178,112,13
2020-04-10,5754,163,5289,119,7
2020-04-11,5924,170,5384,129,10
2020-04-12,6013,89,5411,138,9
2020-04-13,6081,68,5419,143,5
2020-04-14,6163,82,5360,161,18
2020-04-15,6323,160,5338,166,5
2020-04-16,6455,132,5314,169,3
2020-04-17,6571,116,5224,173,4
2020-04-18,6676,105,5268,181,8
2020-04-19,6768,92,5284,186,5
2020-04-20,6922,154,5169,194,8
2020-04-21,7055,133,5101,201,7
2020-04-22,7154,99,4957,208,7
2020-04-23,7209,55,4847,210,2
2020-04-24,7295,86,4710,214,4
2020-04-25,7374,79,4703,218,4
2020-04-26,7426,52,4661,220,2
2020-04-27,7467,41,4418,223,3
2020-04-28,7526,59,4351,227,4
2020-04-29,7601,75,4266,227,0
2020-04-30,7704,103,4154,236,9
2020-05-01,7759,55,4147,240,4
2020-05-02,7777,18,4071,245,5
2020-05-03,7803,26,3968,248,3
2020-05-04,7841,38,3782,252,4
2020-05-05,7918,77,3655,257,5
2020-05-06,7996,78,3529,262,5
2020-05-07,8053,57,3412,270,8
2020-05-08,8099,46,3413,273,3
2020-05-09,8117,18,3394,276,3
2020-05-10,8145,28,3391,280,4
2020-05-11,8198,53,3205,282,2
2020-05-12,8243,45,3095,283,1
2020-05-13,8291,48,2954,290,7
2020-05-14,8373,82,2839,293,3
2020-05-15,8428,55,2752,295,2
2020-05-16,8478,50,2760,296,1
2020-05-17,8498,20,2738,298,2
2020-05-18,8609,111,2671,297,-1
2020-05-19,8670,61,2642,302,5
2020-05-20,8744,74,2610,304,2
2020-05-21,8777,33,2545,306,2
2020-05-22,8836,59,2499,312,6
2020-05-23,8913,77,2555,314,2
2020-05-24,8978,65,2585,315,1
2020-05-25,9025,47,2526,317,2
2020-05-26,9073,48,2486,317,0
2020-05-27,9109,36,2422,317,0
2020-05-28,9163,54,2384,319,2
2020-05-29,9219,56,2400,319,0
2020-05-30,9253,34,2388,319,0
2020-05-31,9291,38,2413,320,1
2020-06-01,9325,34,2362,321,1
2020-06-02,9387,62,2378,323,2
2020-06-03,9461,74,2388,324,1
2020-06-04,9518,57,2383,326,2
2020-06-05,9552,34,2344,327,1
2020-06-06,9590,38,2378,327,0
2020-06-07,9651,61,2433,327,0
2020-06-08,9720,69,2398,328,1
2020-06-09,9774,54,2393,328,0
2020-06-10,9847,73,2408,328,0
2020-06-11,9909,62,2415,328,0
2020-06-12,9961,52,2417,329,1
2020-06-13,10014,53,2467,328,-1
2020-06-14,10047,33,2492,329,1
2020-06-15,10087,40,2461,330,1
2020-06-16,10134,47,2445,331,1
2020-06-17,10185,51,2453,333,2
2020-06-18,10303,118,2529,334,1
2020-06-19,10429,126,2621,335,1
2020-06-20,10471,42,2658,336,1
2020-06-21,10521,50,2686,336,0
2020-06-22,10584,63,2711,336,0
2020-06-23,10673,89,2779,339,3
2020-06-24,10800,127,2869,343,4
2020-06-25,10893,93,2899,345,2
2020-06-26,11061,168,3046,347,2
2020-06-27,11321,260,3292,347,0
2020-06-28,11626,305,3573,348,1
2020-06-29,11827,201,3733,348,0
2020-06-30,11976,149,3857,348,0
2020-07-01,12067,91,3922,348,0
2020-07-02,12199,132,4029,348,0
2020-07-03,12338,139,4142,348,0
2020-07-04,12459,121,4259,348,0
2020-07-05,12534,75,4322,348,0
2020-07-06,12585,51,4362,350,2
2020-07-07,12703,118,4442,351,1
2020-07-08,12832,129,4471,351,0
2020-07-09,12937,105,4457,352,1
2020-07-10,13078,141,4518,352,0
2020-07-11,13131,53,4552,352,0
2020-07-12,13190,59,4591,352,0
2020-07-13,13254,64,4528,353,1
2020-07-14,13357,103,4561,355,2
2020-07-15,13491,134,4629,355,0
2020-07-16,13628,137,4633,355,0
2020-07-17,13756,128,4673,358,3
2020-07-18,13868,112,4777,358,0
2020-07-19,13959,91,4839,359,1
2020-07-20,14128,169,4933,359,0
2020-07-21,14335,207,5057,360,1
2020-07-22,14580,245,5072,364,4
2020-07-23,14811,231,5118,365,1
2020-07-24,15089,278,5298,369,4
2020-07-25,15221,132,5262,369,0
2020-07-26,15335,114,3536,371,2
2020-07-27,15529,194,3728,373,2
2020-07-28,15806,277,4004,374,1
2020-07-29,16080,274,4277,374,0
2020-07-30,16333,253,4472,379,5
2020-07-31,16564,231,4613,382,3
2020-08-01,16687,123,4717,383,1
2020-08-02,16788,101,4800,383,0
2020-08-03,16996,208,4905,383,0
2020-08-04,17283,287,5088,383,0
2020-08-05,17523,240,5226,388,5
2020-08-06,17738,215,5029,389,1
2020-08-07,18061,323,4923,389,0
2020-08-08,18236,175,5083,389,0
2020-08-09,18358,122,5183,390,1
2020-08-10,18498,140,5125,390,0
2020-08-11,18787,289,5174,391,1
2020-08-12,19077,290,5279,391,0
2020-08-13,19406,329,5441,391,0
2020-08-14,19697,291,5572,394,3
2020-08-15,19894,197,5736,395,1
2020-08-16,20015,121,5819,397,2
2020-08-17,20206,191,5185,399,2
2020-08-18,20487,281,4940,401,2
2020-08-19,20803,316,4784,404,3
2020-08-20,21049,246,4757,406,2
2020-08-21,21552,503,5101,411,5
2020-08-22,21787,235,5289,411,0
2020-08-23,21923,136,5386,412,1
2020-08-24,22181,258,5390,415,3
2020-08-25,22545,364,5467,416,1
2020-08-26,22939,394,5567,418,2
2020-08-27,23291,352,5683,418,0
2020-08-28,23777,486,5861,419,1
2020-08-29,24094,317,6132,421,2
2020-08-30,24367,273,6397,423,2
2020-08-31,24618,251,6387,424,1
2020-09-01,25117,499,6576,425,1
2020-09-02,25773,656,7022,425,0
2020-09-03,26452,679,7363,426,1
2020-09-04,27249,797,7793,429,3
2020-09-05,27752,503,8282,431,2
2020-09-06,28156,404,8667,436,5
2020-09-07,28716,560,8424,437,1
2020-09-08,29877,1161,9297,441,4
2020-09-09,31036,1159,10218,444,3
2020-09-10,32413,1377,11178,448,4
2020-09-11,33860,1447,12270,450,2
2020-09-12,35401,1541,13743,453,3
2020-09-13,36188,787,14438,456,3
2020-09-14,37222,1034,14737,465,9
2020-09-15,38896,1674,15807,476,11
2020-09-16,41032,2136,17619,482,6
2020-09-17,44155,3123,20289,489,7
2020-09-18,46262,2107,21909,495,6
2020-09-19,48306,2044,23579,499,4
2020-09-20,49290,984,24032,503,4
2020-09-21,50764,1474,24817,522,19
2020-09-22,53158,2394,26476,531,9
2020-09-23,55464,2306,28200,555,24
2020-09-24,58374,2910,30425,567,12
2020-09-25,61318,2944,29997,581,14
2020-09-26,63294,1976,31767,591,10
2020-09-27,64597,1303,32723,606,15
2020-09-28,65883,1286,33466,618,12
2020-09-29,67843,1960,34448,636,18
2020-09-30,70771,2928,36563,655,19
2020-10-01,74255,3484,39391,678,23
2020-10-02,78051,3796,42320,699,21
2020-10-03,80605,2554,40821,711,12
2020-10-04,82446,1841,37570,727,16
2020-10-05,85566,3120,38172,758,31
2020-10-06,90022,4456,40440,794,36
2020-10-07,95360,5338,43764,829,35
2020-10-08,100757,5397,48728,869,40
2020-10-09,109374,8617,55296,905,36
2020-10-10,114005,4631,58148,948,43
2020-10-11,117110,3105,61143,987,39
2020-10-12,121421,4311,62170,1051,64
2020-10-13,129747,8326,68740,1106,55
2020-10-14,139290,9543,77217,1172,66
2020-10-15,149010,9720,84430,1230,58
2020-10-16,160112,11102,92736,1283,53
2020-10-17,168827,8715,98530,1352,69
2020-10-18,173885,5058,100329,1422,70
2020-10-19,181962,8077,105541,1513,91
2020-10-20,193946,11984,113219,1619,106
2020-10-21,208915,14969,124040,1739,120
2020-10-22,223065,14150,133995,1845,106
2020-10-23,238323,15258,144701,1971,126
2020-10-24,250797,12474,153818,2077,106
2020-10-25,258097,7300,158515,2201,124
2020-10-26,268370,10273,162785,2365,164
2020-10-27,284033,15663,170043,2547,182
2020-10-28,297013,12980,174965,2675,128
2020-10-29,310068,13055,178578,2862,187
2020-10-30,323673,13605,183020,3078,216
2020-10-31,335102,11429,188492,3251,173
