time,total_cases,daily_cases,total_currently_infected,total_death,death_per_day,new_recoveries
2020-02-15,0,0,0,0,0,0
2020-02-16,0,0,0,0,0,0
2020-02-17,0,0,0,0,0,0
2020-02-18,0,0,0,0,0,0
2020-02-19,0,0,0,0,0,0
2020-02-20,0,0,0,0,0,0
2020-02-21,0,0,0,0,0,0
2020-02-22,0,0,0,0,0,0
2020-02-23,0,0,0,0,0,0
2020-02-24,0,0,0,0,0,0
2020-02-25,0,0,0,0,0,0
2020-02-26,0,0,0,0,0,0
2020-02-27,1,0,1,0,0,0
2020-02-28,2,1,2,0,0,0
2020-02-29,3,1,3,0,0,0
2020-03-01,4,1,4,0,0,0
2020-03-02,4,0,4,0,0,0
2020-03-03,10,6,10,0,0,0
2020-03-04,14,4,14,0,0,0
2020-03-05,19,5,18,0,0,1
2020-03-06,21,2,20,0,0,0
2020-03-07,27,6,26,0,0,0
2020-03-08,35,8,34,0,0,0
2020-03-09,90,55,89,0,0,0
2020-03-10,262,172,261,0,0,0
2020-03-11,514,252,513,0,0,0
2020-03-12,674,160,673,0,0,0
2020-03-13,804,130,803,0,0,0
2020-03-14,836,32,834,1,1,0
2020-03-15,864,28,861,2,1,0
2020-03-16,914,50,909,4,2,0
2020-03-17,977,63,972,4,0,0
2020-03-18,1057,80,1052,4,0,0
2020-03-19,1151,94,1144,6,2,0
2020-03-20,1255,104,1245,9,3,0
2020-03-21,1326,71,1312,13,4,0
2020-03-22,1395,69,1381,13,0,0
2020-03-23,1460,65,1435,24,11,0
2020-03-24,1591,131,1558,32,8,0
2020-03-25,1724,133,1689,34,2,0
2020-03-26,1877,153,1835,41,7,0
2020-03-27,2046,169,1993,52,11,0
2020-03-28,2201,155,2135,65,13,0
2020-03-29,2395,194,2322,72,7,0
2020-03-30,2577,182,2499,77,5,0
2020-03-31,2860,283,2769,90,13,0
2020-04-01,3107,247,2109,104,14,893
2020-04-02,3386,279,2174,123,19,195
2020-04-03,3757,371,2425,139,16,104
2020-04-04,4077,320,2633,161,22,90
2020-04-05,4369,292,2863,179,18,44
2020-04-06,4681,312,3116,187,8,51
2020-04-07,5071,390,3377,203,16,113
2020-04-08,5402,331,3563,218,15,130
2020-04-09,5635,233,3662,237,19,115
2020-04-10,5819,184,3799,247,10,37
2020-04-11,5996,177,3781,260,13,182
2020-04-12,6174,178,3778,273,13,168
2020-04-13,6318,144,3798,285,12,112
2020-04-14,6511,193,3697,299,14,280
2020-04-15,6681,170,3624,309,10,233
2020-04-16,6879,198,3535,321,12,275
2020-04-17,7073,194,3348,336,15,366
2020-04-18,7242,169,3049,346,10,458
2020-04-19,7384,142,2888,355,9,294
2020-04-20,7515,131,2839,364,9,171
2020-04-21,7695,180,2625,370,6,388
2020-04-22,7912,217,2441,384,14,387
2020-04-23,8073,161,2295,394,10,297
2020-04-24,8210,137,2281,403,9,142
2020-04-25,8445,235,2358,418,15,143
2020-04-26,8575,130,2348,422,4,136
2020-04-27,8698,123,2312,427,5,154
2020-04-28,8851,153,2296,434,7,162
2020-04-29,9008,157,2199,443,9,245
2020-04-30,9158,150,2160,452,9,180
2020-05-01,9311,153,2122,460,8,183
2020-05-02,9407,96,2043,475,15,160
2020-05-03,9523,116,2052,484,9,98
2020-05-04,9670,147,2089,493,9,101
2020-05-05,9821,151,2022,503,10,208
2020-05-06,9938,117,1939,506,3,197
2020-05-07,10083,145,1858,514,8,218
2020-05-08,10218,135,1769,522,8,216
2020-05-09,10319,101,1700,526,4,166
2020-05-10,10429,110,1685,527,1,124
2020-05-11,10513,84,1658,527,0,111
2020-05-12,10591,78,1484,527,0,252
2020-05-13,10667,76,1471,533,6,83
2020-05-14,10713,46,1371,537,4,142
2020-05-15,10791,78,1295,537,0,154
2020-05-16,10858,67,1208,543,6,148
2020-05-17,10927,69,1153,547,4,120
2020-05-18,10968,41,1119,548,1,74
2020-05-19,11044,76,1077,551,3,115
2020-05-20,11117,73,1027,554,3,120
2020-05-21,11182,65,978,561,7,107
2020-05-22,11230,48,905,561,0,121
2020-05-23,11289,59,892,561,0,72
2020-05-24,11360,71,898,562,1,64
2020-05-25,11387,27,860,563,1,64
2020-05-26,11428,41,821,563,0,80
2020-05-27,11480,52,809,565,2,62
2020-05-28,11512,32,764,568,3,74
2020-05-29,11593,81,785,568,0,60
2020-05-30,11633,40,735,571,3,87
2020-05-31,11669,36,733,574,3,35
2020-06-01,11699,30,711,576,2,50
2020-06-02,11734,35,665,580,4,77
2020-06-03,11771,37,639,580,0,63
2020-06-04,11811,40,609,582,2,68
2020-06-05,11875,64,636,586,4,33
2020-06-06,11924,49,616,587,1,68
2020-06-07,11948,24,604,589,2,34
2020-06-08,11962,14,577,593,4,37
2020-06-09,12001,39,559,593,0,57
2020-06-10,12016,15,519,593,0,55
2020-06-11,12035,19,487,593,0,51
2020-06-12,12099,64,512,594,1,38
2020-06-13,12139,40,507,597,3,42
2020-06-14,12193,54,528,597,0,33
2020-06-15,12217,24,529,598,1,22
2020-06-16,12250,33,527,598,0,35
2020-06-17,12294,44,511,598,0,60
2020-06-18,12344,50,502,600,2,57
2020-06-19,12391,47,509,600,0,40
2020-06-20,12391,0,509,600,0,0
2020-06-21,12391,0,509,600,0,0
2020-06-22,12527,136,578,602,2,65
2020-06-23,12561,34,565,603,1,46
2020-06-24,12615,54,590,603,0,29
2020-06-25,12636,21,573,603,0,38
2020-06-26,12675,39,563,604,1,48
2020-06-27,12675,0,563,604,0,0
2020-06-28,12675,0,563,604,0,0
2020-06-29,12751,76,534,605,1,104
2020-06-30,12768,17,514,605,0,37
2020-07-01,12794,26,495,606,1,44
2020-07-02,12815,21,440,606,0,76
2020-07-03,12832,17,409,606,0,48
2020-07-04,12832,0,409,606,0,0
2020-07-05,12832,0,409,606,0,0
2020-07-06,12878,46,336,607,1,118
2020-07-07,12888,10,296,609,2,48
2020-07-08,12900,12,290,609,0,18
2020-07-09,12916,16,262,609,0,44
2020-07-10,12946,30,260,609,0,32
2020-07-11,12946,0,260,609,0,0
2020-07-12,12946,0,260,609,0,0
2020-07-13,13037,91,297,610,1,53
2020-07-14,13061,24,291,610,0,30
2020-07-15,13092,31,300,610,0,22
2020-07-16,13124,32,319,610,0,13
2020-07-17,13173,49,353,611,1,14
2020-07-18,13173,0,353,611,0,0
2020-07-19,13173,0,353,611,0,0
2020-07-20,13262,89,400,611,0,42
2020-07-21,13302,40,430,611,0,10
2020-07-22,13348,46,463,611,0,13
2020-07-23,13390,42,479,612,1,25
2020-07-24,13438,48,485,613,1,41
2020-07-25,13438,0,485,613,0,0
2020-07-26,13438,0,485,613,0,0
2020-07-27,13547,109,517,613,0,77
2020-07-28,13577,30,513,613,0,34
2020-07-29,13634,57,535,614,1,34
2020-07-30,13725,91,584,615,1,41
2020-07-31,13789,64,596,615,0,52
2020-08-01,13789,0,596,615,0,0
2020-08-02,13789,0,596,615,0,0
2020-08-03,13996,207,698,616,1,104
2020-08-04,14073,77,742,616,0,33
2020-08-05,14185,112,816,616,0,38
2020-08-06,14306,121,902,617,1,34
2020-08-07,14442,136,985,617,0,53
2020-08-08,14442,0,985,617,0,0
2020-08-09,14442,0,985,617,0,0
2020-08-10,14815,373,1270,620,3,85
2020-08-11,14959,144,1350,621,1,63
2020-08-12,15070,111,1383,621,0,78
2020-08-13,15214,144,1462,621,0,65
2020-08-14,15379,165,1542,621,0,85
2020-08-15,15483,104,1587,621,0,59
2020-08-16,15617,134,1656,621,0,65
2020-08-17,15740,123,1702,621,0,77
2020-08-18,15855,115,1705,621,0,112
2020-08-19,15940,85,1668,621,0,122
2020-08-20,16056,116,1666,621,0,118
2020-08-21,16127,71,1562,621,0,175
2020-08-22,16239,112,1673,622,1,0
2020-08-23,16317,78,1515,622,0,236
2020-08-24,16397,80,1464,623,1,130
2020-08-25,16480,83,1392,623,0,155
2020-08-26,16537,57,1311,623,0,138
2020-08-27,16627,90,1240,624,1,160
2020-08-28,16700,73,1199,624,0,114
2020-08-29,16779,79,1166,624,0,112
2020-08-30,16891,112,1151,624,0,127
2020-08-31,16985,94,1156,624,0,89
2020-09-01,17084,99,1159,625,1,95
2020-09-02,17195,111,1156,626,1,113
2020-09-03,17374,179,1249,626,0,86
2020-09-04,17547,173,1334,627,1,87
2020-09-05,17736,189,1438,627,0,85
2020-09-06,17883,147,1496,627,0,89
2020-09-07,18113,230,1652,628,1,73
2020-09-08,18356,243,1821,628,0,74
2020-09-09,18607,251,1989,628,0,83
2020-09-10,18924,317,2226,629,1,79
2020-09-11,19216,292,2448,629,0,70
2020-09-12,19557,341,2680,630,1,108
2020-09-13,19890,333,2926,631,1,86
2020-09-14,20237,347,3167,633,2,104
2020-09-15,20571,334,3381,633,0,120
2020-09-16,20940,369,3549,634,1,200
2020-09-17,21393,453,3840,635,1,161
2020-09-18,21847,454,4102,635,0,192
2020-09-19,22436,589,4485,635,0,206
2020-09-20,22905,469,4753,638,3,198
2020-09-21,23323,418,4945,640,2,224
2020-09-22,23799,476,5123,641,1,297
2020-09-23,24357,558,5355,643,2,324
2020-09-24,24916,559,5625,645,2,287
2020-09-25,25594,678,5937,647,2,364
2020-09-26,26213,619,6215,648,1,340
2020-09-27,26637,424,6338,649,1,300
2020-09-28,27072,435,6481,649,0,292
2020-09-29,27464,392,6494,650,1,378
2020-09-30,27998,534,6594,650,0,434
2020-10-01,28396,398,6436,651,1,555
2020-10-02,28932,536,6456,652,1,515
2020-10-03,29302,370,6351,654,2,473
2020-10-04,29680,378,6306,658,4,419
2020-10-05,30057,377,6276,659,1,406
2020-10-06,30379,322,6061,663,4,533
2020-10-07,30710,331,5797,663,0,595
2020-10-08,31156,446,5592,665,2,649
2020-10-09,31638,482,5471,665,0,603
2020-10-10,32082,444,5428,667,2,485
2020-10-11,32422,340,5373,669,2,393
2020-10-12,32811,389,5399,671,2,361
2020-10-13,33101,290,5202,674,3,484
2020-10-14,33593,492,5238,675,1,455
2020-10-15,34023,430,5228,677,2,438
2020-10-16,34441,418,5213,677,0,433
2020-10-17,34941,500,5345,679,2,366
2020-10-18,35392,451,5457,680,1,338
2020-10-19,35844,452,5596,686,6,307
2020-10-20,36373,529,5687,688,2,436
2020-10-21,37003,630,5881,690,2,434
2020-10-22,37763,760,6192,694,4,445
2020-10-23,38622,859,6630,697,3,418
2020-10-24,39411,789,7010,700,3,406
2020-10-25,40356,945,7669,702,2,284
2020-10-26,41412,1056,8467,708,6,252
2020-10-27,42157,745,8751,709,1,460
2020-10-28,43174,1017,9333,715,6,429
2020-10-29,44034,860,9717,716,1,475
2020-10-30,45225,1191,10454,719,3,451
2020-10-31,46351,1126,11107,721,2,471
