time,total_cases,daily_cases,total_currently_infected,total_death,death_per_day
2020-02-15,0,0,0,0,0
2020-02-16,0,0,0,0,0
2020-02-17,0,0,0,0,0
2020-02-18,0,0,0,0,0
2020-02-19,0,0,0,0,0
2020-02-20,0,0,0,0,0
2020-02-21,0,0,0,0,0
2020-02-22,0,0,0,0,0
2020-02-23,0,0,0,0,0
2020-02-24,5,0,5,0,0
2020-02-25,23,18,23,0,0
2020-02-26,33,10,33,0,0
2020-02-27,33,0,33,0,0
2020-02-28,40,7,40,0,0
2020-02-29,42,2,42,0,0
2020-03-01,48,6,48,0,0
2020-03-02,49,1,49,0,0
2020-03-03,49,0,49,0,0
2020-03-04,54,5,53,0,0
2020-03-05,56,2,52,0,0
2020-03-06,62,6,58,0,0
2020-03-07,85,23,77,0,0
2020-03-08,87,2,71,0,0
2020-03-09,111,24,87,0,0
2020-03-10,190,79,158,0,0
2020-03-11,197,7,160,0,0
2020-03-12,206,9,160,0,0
2020-03-13,212,6,150,0,0
2020-03-14,214,2,152,0,0
2020-03-15,217,3,138,0,0
2020-03-16,235,18,151,1,1
2020-03-17,246,11,155,1,0
2020-03-18,264,18,161,1,0
2020-03-19,284,20,171,1,0
2020-03-20,300,16,172,1,0
2020-03-21,312,12,160,1,0
2020-03-22,338,26,174,2,1
2020-03-23,383,45,202,2,0
2020-03-24,408,25,213,3,1
2020-03-25,423,15,213,4,1
2020-03-26,460,37,227,4,0
2020-03-27,468,8,208,4,0
2020-03-28,500,32,225,4,0
2020-03-29,502,2,217,4,0
2020-03-30,528,26,227,4,0
2020-03-31,569,41,247,4,0
2020-04-01,577,8,230,4,0
2020-04-02,666,89,278,4,0
2020-04-03,676,10,271,4,0
2020-04-04,694,18,261,4,0
2020-04-05,704,10,247,4,0
2020-04-06,765,61,301,4,0
2020-04-07,813,48,338,5,1
2020-04-08,825,12,323,5,0
2020-04-09,903,78,366,5,0
2020-04-10,1000,97,441,6,1
2020-04-11,1053,53,488,6,0
2020-04-12,1312,259,725,6,0
2020-04-13,1387,75,779,6,0
2020-04-14,1555,168,889,7,1
2020-04-15,1688,133,1012,7,0
2020-04-16,1727,39,994,7,0
2020-04-17,1756,29,1020,7,0
2020-04-18,1794,38,1027,7,0
2020-04-19,1894,100,1116,7,0
2020-04-20,1914,20,1123,7,0
2020-04-21,1976,62,1180,7,0
2020-04-22,2043,67,997,7,0
2020-04-23,2327,284,1224,8,1
2020-04-24,2520,193,1385,8,0
2020-04-25,2629,109,1449,8,0
2020-04-26,2656,27,1427,8,0
2020-04-27,2759,103,1502,8,0
2020-04-28,2820,61,1441,8,0
2020-04-29,2987,167,1492,8,0
2020-04-30,3060,73,1543,8,0
2020-05-01,3216,156,1640,8,0
2020-05-02,3317,101,1727,8,0
2020-05-03,3391,74,1644,8,0
2020-05-04,3563,172,1792,8,0
2020-05-05,3734,171,1956,8,0
2020-05-06,4039,305,2024,8,0
2020-05-07,4290,251,2263,8,0
2020-05-08,4463,173,2410,8,0
2020-05-09,4788,325,2709,8,0
2020-05-10,5090,302,2982,8,0
2020-05-11,5279,189,3103,8,0
2020-05-12,5651,372,3448,9,1
2020-05-13,5963,312,3736,10,1
2020-05-14,6389,426,4050,10,0
2020-05-15,6652,263,4011,11,1
2020-05-16,6814,162,4069,12,1
2020-05-17,7007,193,4108,12,0
2020-05-18,7245,238,4330,12,0
2020-05-19,7596,351,4538,12,0
2020-05-20,7974,378,4367,12,0
2020-05-21,8255,281,4315,12,0
2020-05-22,8641,386,4507,12,0
2020-05-23,8971,330,4415,13,1
2020-05-24,9157,186,4318,13,0
2020-05-25,9187,30,4324,14,1
2020-05-26,9578,391,4513,14,0
2020-05-27,9775,197,4422,15,1
2020-05-28,10186,411,4663,15,0
2020-05-29,10627,441,4442,15,0
2020-05-30,11127,500,4865,17,2
2020-05-31,11609,482,4578,19,2
2020-06-01,12056,447,4562,19,0
2020-06-02,12507,451,4774,19,0
2020-06-03,12999,492,4988,20,1
2020-06-04,13520,521,4757,21,1
2020-06-05,14028,508,4805,23,2
2020-06-06,14539,511,4735,24,1
2020-06-07,15132,593,4887,26,2
2020-06-08,15734,602,5119,27,1
2020-06-09,16202,468,5075,29,2
2020-06-10,16669,467,5157,32,3
2020-06-11,17270,601,5343,35,3
2020-06-12,17715,445,5494,36,1
2020-06-13,18229,514,5378,38,2
2020-06-14,18546,317,5312,43,5
2020-06-15,19015,469,5708,46,3
2020-06-16,19554,539,5650,47,1
2020-06-17,19960,406,5723,49,2
2020-06-18,20429,469,5678,55,6
2020-06-19,20915,486,5571,57,2
2020-06-20,21330,415,5480,60,3
2020-06-21,21764,434,5282,63,3
2020-06-22,22407,643,5480,65,2
2020-06-23,23062,655,5545,67,2
2020-06-24,23570,508,5524,69,2
2020-06-25,24081,511,5509,71,2
2020-06-26,24805,724,5595,73,2
2020-06-27,25267,462,5408,78,5
2020-06-28,25705,438,5105,83,5
2020-06-29,26239,534,5227,84,1
2020-06-30,26758,519,5340,87,3
2020-07-01,27414,656,5374,92,5
2020-07-02,27837,423,5160,94,2
2020-07-03,28410,573,4997,95,1
2020-07-04,28857,447,4802,96,1
2020-07-05,29367,510,4621,97,1
2020-07-06,29821,454,4545,98,1
2020-07-07,30321,500,4653,98,0
2020-07-08,30931,610,4760,98,0
2020-07-09,31528,597,4905,103,5
2020-07-10,32039,511,4722,104,1
2020-07-11,32470,431,4538,104,0
2020-07-12,32941,471,4408,108,4
2020-07-13,33476,535,4268,109,1
2020-07-14,34078,602,4214,111,2
2020-07-15,34560,482,4123,117,6
2020-07-16,35084,524,4154,121,4
2020-07-17,35473,389,4161,124,3
2020-07-18,36004,531,4115,124,0
2020-07-19,36422,418,3924,126,2
2020-07-20,36936,514,3843,128,2
2020-07-21,37316,380,3732,129,1
2020-07-22,37637,321,3613,130,1
2020-07-23,37996,359,3450,134,4
2020-07-24,38458,462,3496,136,2
2020-07-25,38747,289,3405,137,1
2020-07-26,39131,384,3302,140,3
2020-07-27,39482,351,3231,141,1
2020-07-28,39921,439,3249,141,0
2020-07-29,40311,390,3247,144,3
2020-07-30,40755,444,3252,146,2
2020-07-31,40982,227,2995,147,1
2020-08-01,41190,208,2832,147,0
2020-08-02,41536,346,2723,147,0
2020-08-03,41835,299,2678,150,3
2020-08-04,42132,297,2646,151,1
2020-08-05,42514,382,2784,154,3
2020-08-06,42889,375,2788,156,2
2020-08-07,43307,418,2872,159,3
2020-08-08,43629,322,2919,161,2
2020-08-09,44011,382,2882,162,1
2020-08-10,44397,386,3025,163,1
2020-08-11,44804,407,3135,165,2
2020-08-12,45264,460,3262,166,1
2020-08-13,45726,462,3379,167,1
2020-08-14,46052,326,3415,168,1
2020-08-15,46430,378,3454,170,2
2020-08-16,46835,405,3537,170,0
2020-08-17,47185,350,3483,173,3
2020-08-18,47581,396,3485,175,2
2020-08-19,47950,369,3494,178,3
2020-08-20,48303,353,3496,179,1
2020-08-21,48661,358,3314,181,2
2020-08-22,49038,377,3266,183,2
2020-08-23,49330,292,3165,184,1
2020-08-24,49719,389,3223,185,1
2020-08-25,50076,357,3217,186,1
2020-08-26,50393,317,3158,186,0
2020-08-27,50756,363,3198,188,2
2020-08-28,51113,357,3164,189,1
2020-08-29,51391,278,2927,189,0
2020-08-30,51574,183,2731,189,0
2020-08-31,51972,398,2735,190,1
2020-09-01,52440,468,2855,190,0
2020-09-02,52807,367,2972,190,0
2020-09-03,53433,626,3230,190,0
2020-09-04,54095,662,3577,195,5
2020-09-05,54771,676,3930,196,1
2020-09-06,55415,644,4270,199,3
2020-09-07,56076,661,4636,200,1
2020-09-08,56778,702,5002,202,2
2020-09-09,57450,672,5428,203,1
2020-09-10,58207,757,5716,207,4
2020-09-11,58839,632,5855,208,1
2020-09-12,59586,747,6183,211,3
2020-09-13,60307,721,6414,212,1
2020-09-14,60965,658,6548,213,1
2020-09-15,61643,678,6599,213,0
2020-09-16,62484,841,6824,216,3
2020-09-17,63189,705,6885,217,1
2020-09-18,63879,690,6959,220,3
2020-09-19,64499,620,6979,221,1
2020-09-20,65039,540,6868,221,0
2020-09-21,65752,713,6902,224,3
2020-09-22,66402,650,6808,227,3
2020-09-23,67014,612,6666,231,4
2020-09-24,67701,687,6617,231,0
2020-09-25,68190,489,6479,236,5
2020-09-26,68775,585,6284,239,3
2020-09-27,69361,586,6232,242,3
2020-09-28,69848,487,6054,245,3
2020-09-29,70422,574,5909,246,1
2020-09-30,70864,442,5775,251,5
2020-10-01,71374,510,5570,254,3
2020-10-02,71803,429,5364,255,1
2020-10-03,72310,507,5239,258,3
2020-10-04,72662,352,4927,260,2
2020-10-05,73116,454,4922,261,1
2020-10-06,73476,360,4608,262,1
2020-10-07,73932,456,4259,262,0
2020-10-08,74422,490,4747,264,2
2020-10-09,74860,438,4183,271,7
2020-10-10,75287,427,4206,273,2
2020-10-11,75614,327,4090,275,2
2020-10-12,75948,334,3981,280,5
2020-10-13,76272,324,3823,285,5
2020-10-14,76621,349,3773,287,2
2020-10-15,76954,333,3652,289,2
2020-10-16,77325,371,3612,292,3
2020-10-17,77571,246,3437,293,1
2020-10-18,77902,331,3282,300,7
2020-10-19,78224,322,3239,302,2
2020-10-20,78533,309,3139,305,3
2020-10-21,78907,374,3175,308,3
2020-10-22,79211,304,3063,308,0
2020-10-23,79574,363,3120,311,3
2020-10-24,79975,401,3189,312,1
2020-10-25,80255,280,3167,312,0
2020-10-26,80533,278,3085,316,4
2020-10-27,80765,232,3028,316,0
2020-10-28,81022,257,3008,317,1
2020-10-29,81262,240,2843,317,0
2020-10-30,81466,204,2782,319,2
2020-10-31,81645,179,2605,321,2
