time,total_cases,daily_cases,total_currently_infected,total_death,death_per_day,new_recoveries
2020-02-15,0,0,0,0,0,0
2020-02-16,0,0,0,0,0,0
2020-02-17,0,0,0,0,0,0
2020-02-18,0,0,0,0,0,0
2020-02-19,0,0,0,0,0,0
2020-02-20,0,0,0,0,0,0
2020-02-21,0,0,0,0,0,0
2020-02-22,0,0,0,0,0,0
2020-02-23,0,0,0,0,0,0
2020-02-24,0,0,0,0,0,0
2020-02-25,0,0,0,0,0,0
2020-02-26,0,0,0,0,0,0
2020-02-27,0,0,0,0,0,0
2020-02-28,0,0,0,0,0,0
2020-02-29,0,0,0,0,0,0
2020-03-01,0,0,0,0,0,0
2020-03-02,0,0,0,0,0,0
2020-03-03,0,0,0,0,0,0
2020-03-04,1,0,1,0,0,0
2020-03-05,1,0,1,0,0,0
2020-03-06,5,4,5,0,0,0
2020-03-07,6,1,6,0,0,0
2020-03-08,11,5,11,0,0,0
2020-03-09,17,6,17,0,0,0
2020-03-10,22,5,22,0,0,0
2020-03-11,31,9,31,0,0,0
2020-03-12,51,20,50,1,0,0
2020-03-13,68,17,66,2,1,0
2020-03-14,104,36,88,3,1,13
2020-03-15,125,21,109,3,0,0
2020-03-16,177,52,160,4,1,0
2020-03-17,238,61,220,5,1,0
2020-03-18,287,49,269,5,0,0
2020-03-19,355,68,337,5,0,0
2020-03-20,425,70,407,5,0,0
2020-03-21,536,111,518,5,0,0
2020-03-22,634,98,614,7,2,0
2020-03-23,749,115,728,8,1,0
2020-03-24,901,152,890,10,2,-12
2020-03-25,1051,150,1030,14,4,6
2020-03-26,1221,170,1198,16,2,0
2020-03-27,1389,168,1366,16,0,0
2020-03-28,1638,249,1613,18,2,0
2020-03-29,1862,224,1833,22,4,0
2020-03-30,2055,193,2017,31,9,0
2020-03-31,2311,256,2271,33,2,0
2020-04-01,2554,243,2455,43,10,49
2020-04-02,2946,392,2833,57,14,0
2020-04-03,3383,437,3256,71,14,0
2020-04-04,3627,244,3432,79,8,60
2020-04-05,4102,475,3874,94,15,18
2020-04-06,4413,311,4144,107,13,28
2020-04-07,4848,435,4528,129,22,29
2020-04-08,5205,357,4824,159,30,31
2020-04-09,5575,370,5117,174,15,62
2020-04-10,5955,380,5456,181,7,34
2020-04-11,6356,401,5773,208,27,57
2020-04-12,6674,318,6003,232,24,64
2020-04-13,6934,260,6202,245,13,48
2020-04-14,7202,268,6321,263,18,131
2020-04-15,7582,380,6628,286,23,50
2020-04-16,7918,336,6830,314,28,106
2020-04-17,8379,461,7181,332,18,92
2020-04-18,8742,363,7414,347,15,115
2020-04-19,9287,545,7887,360,13,59
2020-04-20,9593,306,8080,380,20,93
2020-04-21,9856,263,8158,401,21,164
2020-04-22,10169,313,8230,426,25,216
2020-04-23,10511,342,8317,454,28,227
2020-04-24,10892,381,8454,494,40,204
2020-04-25,11273,381,8623,524,30,182
2020-04-26,11617,344,8817,535,11,139
2020-04-27,11902,285,8874,562,27,201
2020-04-28,12218,316,8967,596,34,189
2020-04-29,12640,422,8991,624,28,370
2020-04-30,12877,237,8997,644,20,211
2020-05-01,13105,228,8963,651,7,255
2020-05-02,13375,270,8949,664,13,271
2020-05-03,13693,318,9070,678,14,183
2020-05-04,14006,313,9213,698,20,150
2020-05-05,14431,425,9435,716,18,185
2020-05-06,14740,309,9352,733,17,375
2020-05-07,15047,307,9430,755,22,207
2020-05-08,15366,319,9406,776,21,322
2020-05-09,15651,285,9429,785,9,253
2020-05-10,15996,345,9498,800,15,261
2020-05-11,16326,330,9699,811,11,118
2020-05-12,16921,595,9951,839,28,315
2020-05-13,17204,283,9933,861,22,279
2020-05-14,17615,411,10036,883,22,286
2020-05-15,18016,401,10191,907,24,222
2020-05-16,18257,241,10167,915,8,257
2020-05-17,18529,272,10153,925,10,276
2020-05-18,18885,356,10321,936,11,177
2020-05-19,19268,383,10417,948,12,275
2020-05-20,19739,471,10594,962,14,280
2020-05-21,20143,404,10719,972,10,269
2020-05-22,20619,476,10906,982,10,279
2020-05-23,20931,312,10961,993,11,246
2020-05-24,21326,395,11136,996,3,217
2020-05-25,21631,305,11348,1007,11,82
2020-05-26,22074,443,11030,1024,17,744
2020-05-27,22473,399,11115,1028,4,310
2020-05-28,22825,352,11227,1038,10,230
2020-05-29,23155,330,11412,1051,13,132
2020-05-30,23571,416,11494,1061,10,324
2020-05-31,23786,215,11451,1064,3,255
2020-06-01,24165,379,11642,1074,10,178
2020-06-02,24395,230,11577,1092,18,277
2020-06-03,24687,292,11558,1115,23,288
2020-06-04,25048,361,11704,1117,2,213
2020-06-05,25410,362,11863,1137,20,183
2020-06-06,25986,576,12192,1153,16,231
2020-06-07,26561,575,12549,1157,4,214
2020-06-08,27160,599,12996,1166,9,143
2020-06-09,27560,400,13181,1183,17,198
2020-06-10,27842,282,13225,1206,23,215
2020-06-11,28201,359,13290,1215,9,285
2020-06-12,28577,376,13550,1222,7,109
2020-06-13,29017,440,13676,1237,15,299
2020-06-14,29392,375,13919,1247,10,122
2020-06-15,29788,396,14149,1256,9,157
2020-06-16,30195,407,14269,1272,16,271
2020-06-17,30701,506,14494,1286,14,267
2020-06-18,31015,314,14382,1316,30,396
2020-06-19,31316,301,14284,1334,18,381
2020-06-20,31620,304,14093,1346,12,483
2020-06-21,31931,311,13892,1356,10,502
2020-06-22,32227,296,13792,1359,3,393
2020-06-23,32527,300,13579,1375,16,497
2020-06-24,32821,294,13291,1396,21,561
2020-06-25,33119,298,13053,1412,16,520
2020-06-26,33395,276,12748,1429,17,564
2020-06-27,33714,319,12307,1435,6,754
2020-06-28,33907,193,11921,1438,3,576
2020-06-29,34154,247,11813,1444,6,349
2020-06-30,34393,239,11649,1463,19,384
2020-07-01,34775,382,11507,1477,14,510
2020-07-02,35146,371,11445,1492,15,418
2020-07-03,35405,259,11247,1507,15,442
2020-07-04,35719,314,11080,1512,5,476
2020-07-05,35950,231,10687,1517,5,619
2020-07-06,36155,205,10668,1521,4,220
2020-07-07,36412,257,10646,1528,7,272
2020-07-08,36689,277,10269,1542,14,640
2020-07-09,36951,262,9923,1551,9,599
2020-07-10,37216,265,9606,1562,11,571
2020-07-11,37521,305,9318,1568,6,587
2020-07-12,37891,370,9172,1571,3,513
2020-07-13,38190,299,9099,1576,5,367
2020-07-14,38457,267,9113,1588,12,241
2020-07-15,38721,264,8635,1594,6,736
2020-07-16,39054,333,8521,1605,11,436
2020-07-17,39407,353,8290,1612,7,577
2020-07-18,39746,339,8204,1618,6,419
2020-07-19,40104,358,8188,1624,6,368
2020-07-20,40383,279,8217,1627,3,247
2020-07-21,40782,399,8375,1636,9,232
2020-07-22,41162,380,8381,1642,6,368
2020-07-23,41580,418,8388,1651,9,402
2020-07-24,42038,458,8386,1655,4,456
2020-07-25,42622,584,8539,1664,9,422
2020-07-26,43065,443,8641,1671,7,334
2020-07-27,43402,337,8870,1676,5,103
2020-07-28,43904,502,9179,1682,6,187
2020-07-29,44416,512,9532,1694,12,147
2020-07-30,45031,615,9679,1709,15,453
2020-07-31,45688,657,9985,1716,7,344
2020-08-01,46346,658,10251,1721,5,387
2020-08-02,46894,548,10454,1731,10,335
2020-08-03,47469,575,10856,1732,1,172
2020-08-04,48149,680,11355,1738,6,175
2020-08-05,48789,640,11712,1756,18,265
2020-08-06,49515,726,12099,1774,18,321
2020-08-07,50324,809,12496,1787,13,399
2020-08-08,51167,843,12964,1800,13,362
2020-08-09,51791,624,13293,1807,7,288
2020-08-10,52410,619,13724,1809,2,186
2020-08-11,52961,551,13990,1821,12,273
2020-08-12,53676,715,14235,1830,9,461
2020-08-13,54487,811,14682,1844,14,350
2020-08-14,55319,832,15099,1858,14,401
2020-08-15,56090,771,15368,1869,11,491
2020-08-16,56684,594,15677,1877,8,277
2020-08-17,57279,595,16035,1885,8,229
2020-08-18,57876,597,16337,1896,11,284
2020-08-19,58611,735,16599,1913,17,456
2020-08-20,59378,767,16972,1925,12,382
2020-08-21,60281,903,17314,1938,13,548
2020-08-22,61181,900,17569,1951,13,632
2020-08-23,61762,581,17624,1955,4,522
2020-08-24,62310,548,17902,1960,5,265
2020-08-25,63073,763,18312,1977,17,336
2020-08-26,63802,729,18409,1994,17,615
2020-08-27,64689,887,18582,2010,16,698
2020-08-28,65480,791,18677,2018,8,688
2020-08-29,66239,759,18671,2032,14,751
2020-08-30,66870,631,18645,2033,1,656
2020-08-31,67372,502,18695,2039,6,446
2020-09-01,67922,550,18834,2058,19,392
2020-09-02,68517,595,18574,2078,20,835
2020-09-03,69129,612,18444,2092,14,728
2020-09-04,69820,691,17900,2100,8,1227
2020-09-05,70387,567,15928,2113,13,2526
2020-09-06,70824,437,14448,2120,7,1910
2020-09-07,71126,302,13889,2124,4,857
2020-09-08,71526,400,13480,2136,12,797
2020-09-09,71947,421,12665,2147,11,1225
2020-09-10,72453,506,12225,2159,12,934
2020-09-11,73047,594,12030,2169,10,779
2020-09-12,73650,603,11743,2182,13,877
2020-09-13,74152,502,11305,2188,6,934
2020-09-14,74529,377,11229,2203,15,438
2020-09-15,75134,605,11359,2227,24,451
2020-09-16,75734,600,11387,2237,10,562
2020-09-17,76571,837,11593,2253,16,615
2020-09-18,77328,757,11746,2270,17,587
2020-09-19,78330,1002,12187,2282,12,549
2020-09-20,79240,910,12645,2293,11,441
2020-09-21,79988,748,13086,2298,5,302
2020-09-22,80699,711,13411,2316,18,368
2020-09-23,81673,974,13768,2344,28,589
2020-09-24,82809,1136,14282,2369,25,597
2020-09-25,84396,1587,15264,2392,23,582
2020-09-26,85980,1584,16230,2424,32,586
2020-09-27,87330,1350,16994,2432,8,578
2020-09-28,88636,1306,17769,2447,15,516
2020-09-29,89962,1326,18524,2483,36,535
2020-09-30,91514,1552,19306,2513,30,740
2020-10-01,93481,1967,20537,2543,30,706
2020-10-02,95773,2292,21850,2570,27,952
2020-10-03,98140,2367,23327,2604,34,856
2020-10-04,100074,1934,24441,2630,26,794
2020-10-05,102080,2006,25869,2659,29,549
2020-10-06,104316,2236,27441,2717,58,606
2020-10-07,107319,3003,29182,2791,74,1188
2020-10-08,111599,4280,32242,2867,76,1144
2020-10-09,116338,4739,35544,2919,52,1385
2020-10-10,121638,5300,39684,2972,53,1107
2020-10-11,125816,4178,42510,3004,32,1320
2020-10-12,130210,4394,45971,3038,34,899
2020-10-13,135278,5068,50173,3101,63,803
2020-10-14,141804,6526,54740,3217,116,1843
2020-10-15,149903,8099,61007,3308,91,1741
2020-10-16,157608,7705,66395,3440,132,2185
2020-10-17,167230,9622,73544,3524,84,2389
2020-10-18,175766,8536,79542,3573,49,2489
2020-10-19,183248,7482,85620,3614,41,1363
2020-10-20,192539,9291,92862,3721,107,1942
2020-10-21,202579,10040,99844,3851,130,2928
