time,total_cases,daily_cases,total_currently_infected,total_death,death_per_day
2020-02-15,0,0,0,0,0
2020-02-16,0,0,0,0,0
2020-02-17,0,0,0,0,0
2020-02-18,0,0,0,0,0
2020-02-19,0,0,0,0,0
2020-02-20,0,0,0,0,0
2020-02-21,0,0,0,0,0
2020-02-22,0,0,0,0,0
2020-02-23,0,0,0,0,0
2020-02-24,0,0,0,0,0
2020-02-25,0,0,0,0,0
2020-02-26,0,0,0,0,0
2020-02-27,0,0,0,0,0
2020-02-28,0,0,0,0,0
2020-02-29,0,0,0,0,0
2020-03-01,0,0,0,0,0
2020-03-02,0,0,0,0,0
2020-03-03,0,0,0,0,0
2020-03-04,1,0,1,0,0
2020-03-05,6,5,6,0,0
2020-03-06,8,2,8,0,0
2020-03-07,12,4,12,0,0
2020-03-08,16,4,16,0,0
2020-03-09,25,9,25,0,0
2020-03-10,34,9,34,0,0
2020-03-11,57,23,57,0,0
2020-03-12,96,39,96,0,0
2020-03-13,141,45,141,0,0
2020-03-14,181,40,180,1,0
2020-03-15,219,38,218,1,0
2020-03-16,253,34,252,1,0
2020-03-17,275,22,274,1,0
2020-03-18,286,11,285,1,0
2020-03-19,319,33,318,1,0
2020-03-20,341,22,340,1,0
2020-03-21,383,42,382,1,0
2020-03-22,414,31,412,2,1
2020-03-23,442,28,439,3,1
2020-03-24,480,38,473,4,1
2020-03-25,528,48,513,5,1
2020-03-26,562,34,546,6,1
2020-03-27,632,70,613,9,3
2020-03-28,684,52,665,9,0
2020-03-29,730,46,709,11,2
2020-03-30,756,26,735,11,0
2020-03-31,802,46,777,15,4
2020-04-01,841,39,816,15,0
2020-04-02,897,56,810,17,2
2020-04-03,934,37,844,20,3
2020-04-04,977,43,876,22,2
2020-04-05,997,20,890,28,6
2020-04-06,1021,24,889,30,2
2020-04-07,1059,38,921,36,6
2020-04-08,1091,32,931,40,4
2020-04-09,1124,33,953,43,3
2020-04-10,1160,36,978,45,2
2020-04-11,1188,28,990,50,5
2020-04-12,1205,17,1002,53,3
2020-04-13,1212,7,1005,55,2
2020-04-14,1220,8,1012,56,1
2020-04-15,1248,28,1022,61,5
2020-04-16,1268,20,1033,61,0
2020-04-17,1304,36,1064,66,5
2020-04-18,1317,13,1057,70,4
2020-04-19,1330,13,1064,74,4
2020-04-20,1335,5,1065,77,3
2020-04-21,1344,9,1070,77,0
2020-04-22,1353,9,1069,79,2
2020-04-23,1366,13,1076,79,0
2020-04-24,1373,7,1082,80,1
2020-04-25,1388,15,1088,81,1
2020-04-26,1396,8,1093,82,1
2020-04-27,1402,6,1098,83,1
2020-04-28,1408,6,1099,86,3
2020-04-29,1418,10,1099,89,3
2020-04-30,1429,11,1105,91,2
2020-05-01,1434,5,1109,92,1
2020-05-02,1439,5,1106,94,2
2020-05-03,1439,0,1102,96,2
2020-05-04,1439,0,1101,97,1
2020-05-05,1445,6,1103,98,1
2020-05-06,1448,3,1103,99,1
2020-05-07,1449,1,1103,99,0
2020-05-08,1450,1,1098,100,1
2020-05-09,1454,4,1098,101,1
2020-05-10,1457,3,1099,102,1
2020-05-11,1460,3,1102,102,0
2020-05-12,1461,1,1100,102,0
2020-05-13,1463,2,1100,103,1
2020-05-14,1464,1,1094,103,0
2020-05-15,1465,1,1092,103,0
2020-05-16,1465,0,1090,103,0
2020-05-17,1466,1,1089,104,1
2020-05-18,1466,0,27,104,0
2020-05-19,1467,1,25,104,0
2020-05-20,1468,1,23,105,1
2020-05-21,1468,0,22,106,1
2020-05-22,1468,0,22,106,0
2020-05-23,1468,0,22,106,0
2020-05-24,1468,0,21,107,1
2020-05-25,1469,1,16,107,0
2020-05-26,1469,0,15,108,1
2020-05-27,1471,2,9,108,0
2020-05-28,1473,2,9,108,0
2020-05-29,1473,0,8,108,0
2020-05-30,1473,0,8,108,0
2020-05-31,1473,0,7,108,0
2020-06-01,1473,0,6,109,1
2020-06-02,1475,2,8,109,0
2020-06-03,1477,2,10,109,0
2020-06-04,1477,0,9,109,0
2020-06-05,1479,2,11,109,0
2020-06-06,1484,5,16,109,0
2020-06-07,1485,1,17,109,0
2020-06-08,1485,0,17,109,0
2020-06-09,1486,1,18,109,0
2020-06-10,1488,2,20,109,0
2020-06-11,1488,0,20,109,0
2020-06-12,1490,2,22,109,0
2020-06-13,1492,2,24,109,0
2020-06-14,1495,3,27,109,0
2020-06-15,1496,1,28,109,0
2020-06-16,1499,3,31,109,0
2020-06-17,1503,4,26,109,0
2020-06-18,1511,8,32,109,0
2020-06-19,1513,2,29,109,0
2020-06-20,1519,6,34,109,0
2020-06-21,1520,1,35,109,0
2020-06-22,1521,1,36,109,0
2020-06-23,1534,13,48,109,0
2020-06-24,1541,7,55,109,0
2020-06-25,1547,6,59,109,0
2020-06-26,1558,11,68,109,0
2020-06-27,1572,14,79,109,0
2020-06-28,1581,9,85,111,2
2020-06-29,1585,4,86,111,0
2020-06-30,1600,15,97,111,0
2020-07-01,1613,13,102,111,0
2020-07-02,1634,21,121,111,0
2020-07-03,1650,16,131,111,0
2020-07-04,1679,29,159,111,0
2020-07-05,1700,21,179,111,0
2020-07-06,1716,16,182,111,0
2020-07-07,1739,23,199,111,0
2020-07-08,1763,24,217,111,0
2020-07-09,1776,13,219,111,0
2020-07-10,1793,17,222,111,0
2020-07-11,1827,34,247,111,0
2020-07-12,1841,14,261,111,0
2020-07-13,1849,8,265,111,0
2020-07-14,1859,10,260,111,0
2020-07-15,1878,19,266,111,0
2020-07-16,1897,19,264,111,0
2020-07-17,1916,19,283,111,0
2020-07-18,1940,24,261,111,0
2020-07-19,1946,6,266,112,1
2020-07-20,1953,7,237,113,1
2020-07-21,1977,24,238,114,1
2020-07-22,2006,29,243,115,1
2020-07-23,2033,27,257,115,0
2020-07-24,2052,19,259,115,0
2020-07-25,2066,14,272,116,1
2020-07-26,2082,16,288,116,0
2020-07-27,2087,5,238,116,0
2020-07-28,2101,14,242,117,1
2020-07-29,2115,14,237,117,0
2020-07-30,2139,24,241,118,1
2020-07-31,2156,17,240,119,1
2020-08-01,2171,15,231,119,0
2020-08-02,2180,9,234,120,1
2020-08-03,2181,1,228,122,2
2020-08-04,2190,9,213,123,1
2020-08-05,2208,18,200,124,1
2020-08-06,2223,15,189,125,1
2020-08-07,2233,10,181,125,0
2020-08-08,2247,14,194,126,1
2020-08-09,2249,2,195,127,1
2020-08-10,2255,6,167,128,1
2020-08-11,2272,17,183,129,1
2020-08-12,2303,31,214,129,0
2020-08-13,2332,29,243,129,0
2020-08-14,2369,37,213,129,0
2020-08-15,2401,32,230,129,0
2020-08-16,2416,15,236,129,0
2020-08-17,2429,13,248,129,0
2020-08-18,2456,27,275,129,0
2020-08-19,2493,37,285,129,0
2020-08-20,2536,43,328,129,0
2020-08-21,2574,38,365,130,1
2020-08-22,2617,43,407,131,1
2020-08-23,2651,34,441,131,0
2020-08-24,2665,14,410,133,2
2020-08-25,2686,21,414,133,0
2020-08-26,2722,36,419,133,0
2020-08-27,2755,33,423,133,0
2020-08-28,2797,42,428,133,0
2020-08-29,2834,37,433,133,0
2020-08-30,2865,31,449,133,0
2020-08-31,2883,18,454,133,0
2020-09-01,2924,41,468,133,0
2020-09-02,2979,55,486,134,1
2020-09-03,3032,53,496,134,0
2020-09-04,3079,47,505,134,0
2020-09-05,3122,43,504,135,1
2020-09-06,3165,43,547,135,0
2020-09-07,3190,25,525,135,0
2020-09-08,3233,43,565,135,0
2020-09-09,3312,79,590,135,0
2020-09-10,3389,77,634,135,0
2020-09-11,3498,109,701,135,0
2020-09-12,3603,105,769,135,0
2020-09-13,3702,99,837,135,0
2020-09-14,3749,47,884,135,0
2020-09-15,3831,82,907,135,0
2020-09-16,3954,123,975,135,0
2020-09-17,4058,104,1025,136,1
2020-09-18,4195,137,1116,140,4
2020-09-19,4309,114,1187,141,1
2020-09-20,4420,111,1255,142,1
2020-09-21,4470,50,1280,142,0
2020-09-22,4558,88,1325,142,0
2020-09-23,4694,136,1383,143,1
2020-09-24,4815,121,1425,145,2
2020-09-25,5007,192,1509,145,0
2020-09-26,5191,184,1588,146,1
2020-09-27,5349,158,1647,147,1
2020-09-28,5388,39,1639,149,2
2020-09-29,5487,99,1656,149,0
2020-09-30,5690,203,1736,150,1
2020-10-01,5865,175,1807,152,2
2020-10-02,6103,238,1908,154,2
2020-10-03,6330,227,2134,155,1
2020-10-04,6498,168,2078,155,0
2020-10-05,6575,77,2105,156,1
2020-10-06,6764,189,2206,159,3
2020-10-07,7120,356,2426,159,0
2020-10-08,7509,389,2693,161,2
2020-10-09,7872,363,2865,165,4
2020-10-10,8252,380,3061,167,2
2020-10-11,8663,411,3314,167,0
2020-10-12,8833,170,3445,169,2
2020-10-13,9232,399,3745,173,4
2020-10-14,9939,707,4249,175,2
2020-10-15,10687,748,4822,176,1
2020-10-16,11523,836,5419,180,4
2020-10-17,13148,1625,6816,184,4
2020-10-18,13685,537,7184,188,4
2020-10-19,14486,801,7911,190,2
2020-10-20,14486,0,7722,192,2
2020-10-21,15991,1505,8867,202,10
2020-10-22,17661,1670,10151,211,9
2020-10-23,19321,1660,11446,216,5
2020-10-24,21288,1967,13035,235,19
2020-10-25,22987,1699,14322,241,6
2020-10-26,24104,1117,15271,251,10
2020-10-27,25603,1499,16371,264,13
2020-10-28,28215,2612,18270,278,14
2020-10-29,30705,2490,20012,292,14
2020-10-30,32510,1805,20987,315,23
2020-10-31,34307,1797,21878,338,23
2020-11-01,35649,1342,22501,363,25
2020-11-02,36206,557,22521,388,25
2020-11-03,37383,1177,22897,412,24
2020-11-04,39408,2025,23417,441,29
2020-11-05,41094,1686,23433,471,30
2020-11-06,42658,1564,23336,497,26
2020-11-07,44271,1613,22980,531,34
2020-11-08,45161,890,22164,554,23
2020-11-09,45625,464,21514,578,24
2020-11-10,46717,1092,21105,605,27
2020-11-11,48939,2222,20717,645,40
2020-11-12,50870,1931,20157,686,41
2020-11-13,52385,1515,19869,724,38
2020-11-14,54122,1737,19809,765,41
2020-11-15,55042,920,19381,797,32
2020-11-16,55544,502,19326,831,34
2020-11-17,56937,1393,19542,876,45
2020-11-18,58964,2027,19538,919,43
2020-11-19,61034,2070,19917,964,45
2020-11-20,62580,1546,19894,995,31
2020-11-21,64284,1704,19986,1026,31
2020-11-22,65308,1024,20119,1052,26
2020-11-23,65778,470,20123,1097,45
2020-11-24,67080,1302,20337,1156,59
2020-11-25,69306,2226,20337,1199,43
2020-11-26,71073,1767,20174,1245,46
2020-11-27,72674,1601,20260,1293,48
2020-11-28,74264,1590,20114,1336,43
2020-11-29,75381,1117,20310,1384,48
2020-11-30,75814,433,20241,1435,51
2020-12-01,77135,1321,20169,1490,55
2020-12-02,79566,2431,20572,1547,57
2020-12-03,81349,1783,20288,1592,45
2020-12-04,83139,1790,20529,1653,61
2020-12-05,84775,1636,20475,1700,47
2020-12-06,85805,1030,20481,1744,44
2020-12-07,86288,483,20493,1796,52
2020-12-08,87936,1648,20834,1862,66
2020-12-09,90073,2137,20736,1900,38
2020-12-10,91921,1848,20802,1949,49
2020-12-11,93737,1816,21006,1998,49
2020-12-12,95484,1747,21153,2041,43
2020-12-13,96314,830,20874,2063,22
2020-12-14,96757,443,20890,2107,44
2020-12-15,98282,1525,21114,2151,44
2020-12-16,100401,2119,20758,2190,39
2020-12-17,102043,1642,20617,2233,43
2020-12-18,103555,1512,20346,2274,41
2020-12-19,105015,1460,20160,2314,40
