time,total_cases,daily_cases,total_currently_infected,total_death,death_per_day,new_recoveries
2020-02-15,0,0,0,0,0,0
2020-02-16,0,0,0,0,0,0
2020-02-17,0,0,0,0,0,0
2020-02-18,0,0,0,0,0,0
2020-02-19,0,0,0,0,0,0
2020-02-20,0,0,0,0,0,0
2020-02-21,0,0,0,0,0,0
2020-02-22,0,0,0,0,0,0
2020-02-23,0,0,0,0,0,0
2020-02-24,0,0,0,0,0,0
2020-02-25,1,0,1,0,0,0
2020-02-26,1,0,1,0,0,0
2020-02-27,1,0,1,0,0,0
2020-02-28,1,0,1,0,0,0
2020-02-29,2,1,2,0,0,0
2020-03-01,2,0,2,0,0,0
2020-03-02,2,0,2,0,0,0
2020-03-03,2,0,2,0,0,0
2020-03-04,3,1,3,0,0,0
2020-03-05,8,5,8,0,0,0
2020-03-06,13,5,13,0,0,0
2020-03-07,19,6,19,0,0,0
2020-03-08,25,6,25,0,0,0
2020-03-09,25,0,25,0,0,0
2020-03-10,34,9,34,0,0,0
2020-03-11,52,18,52,0,0,0
2020-03-12,77,25,77,0,0,0
2020-03-13,151,74,150,0,0,1
2020-03-14,151,0,150,0,0,0
2020-03-15,200,49,198,0,0,1
2020-03-16,234,34,232,0,0,0
2020-03-17,346,112,343,1,1,0
2020-03-18,529,183,523,4,3,0
2020-03-19,640,111,631,7,3,0
2020-03-20,970,330,957,11,4,0
2020-03-21,1178,208,1158,18,7,0
2020-03-22,1546,368,1519,25,7,0
2020-03-23,1924,378,1888,34,9,0
2020-03-24,2247,323,2199,46,12,0
2020-03-25,2554,307,2493,59,13,0
2020-03-26,2985,431,2902,77,18,4
2020-03-27,3417,432,3319,92,15,0
2020-03-28,3904,487,3784,114,22,0
2020-03-29,4256,352,4114,136,22,0
2020-03-30,4630,374,4347,163,27,114
2020-03-31,5717,1087,5389,201,38,7
2020-04-01,6880,1163,6511,242,41,0
2020-04-02,8044,1164,7593,324,82,0
2020-04-03,9194,1150,8704,363,39,0
2020-04-04,10360,1166,9788,445,82,0
2020-04-05,11254,894,10641,486,41,0
2020-04-06,12183,929,11492,564,78,0
2020-04-07,14034,1851,13221,686,122,0
2020-04-08,16188,2154,15241,820,134,0
2020-04-09,18145,1957,17018,954,134,46
2020-04-10,19789,1644,18548,1068,114,0
2020-04-11,20962,1173,19649,1140,72,0
2020-04-12,22192,1230,20796,1223,83,0
2020-04-13,23430,1238,21929,1328,105,0
2020-04-14,25262,1832,9704,1532,204,13853
2020-04-15,28610,3348,12827,1757,225,0
2020-04-16,30683,2073,14710,1947,190,0
2020-04-17,33682,2999,17515,2141,194,0
2020-04-18,36722,3040,20335,2361,220,0
2020-04-19,38654,1932,14062,2462,101,8104
2020-04-20,40743,2089,16026,2587,125,0
2020-04-21,43079,2336,16013,2741,154,2195
2020-04-22,45757,2678,17533,2906,165,993
2020-04-23,49492,3735,19606,3313,407,1255
2020-04-24,52995,3503,21670,3670,357,1082
2020-04-25,59196,6201,25991,4045,375,1505
2020-04-26,62859,3663,28436,4271,226,992
2020-04-27,66501,3642,30816,4543,272,990
2020-04-28,72899,6398,35292,5063,520,1402
2020-04-29,79361,6462,39718,5511,448,1588
2020-04-30,85380,6019,43544,5901,390,1803
2020-05-01,92109,6729,47660,6410,509,2104
2020-05-02,96559,4450,48872,6750,340,2898
2020-05-03,101147,4588,51131,7025,275,2054
2020-05-04,108266,7119,55108,7343,318,2824
2020-05-05,114715,6449,58573,7921,578,2406
2020-05-06,126611,11896,66653,8588,667,3149
2020-05-07,135693,9082,71155,9188,600,3980
2020-05-08,145892,10199,76603,9992,804,3947
2020-05-09,156061,10169,83720,10656,664,2388
2020-05-10,162699,6638,86619,11123,467,3272
2020-05-11,169143,6444,90134,11625,502,2427
2020-05-12,177602,8459,92601,12404,779,5213
2020-05-13,189157,11555,97575,13158,754,5827
2020-05-14,202918,13761,109446,13993,835,1055
2020-05-15,218223,15305,118436,14817,824,5491
2020-05-16,233142,14919,127837,15633,816,4702
2020-05-17,241080,7938,130840,16118,485,4450
2020-05-18,255368,14288,138056,16853,735,6337
2020-05-19,271885,16517,147108,17983,1130,6335
2020-05-20,293357,21472,157780,18894,911,9889
2020-05-21,310921,17564,164879,20082,1188,9277
2020-05-22,330890,19969,174412,21048,966,9470
2020-05-23,347398,16508,182798,22013,965,7157
2020-05-24,363618,16220,190991,22716,703,7324
2020-05-25,376669,13051,199314,23522,806,3922
2020-05-26,392360,15691,209218,24549,1027,4760
2020-05-27,414661,22301,222317,25697,1148,8054
2020-05-28,438812,24151,218867,26764,1067,26534
2020-05-29,468338,29526,247213,27944,1180,0
2020-05-30,498440,30102,264235,28834,890,12190
2020-05-31,514849,16409,278980,29314,480,1184
2020-06-01,529405,14556,288279,30046,732,4525
2020-06-02,556668,27263,284763,31278,1232,29547
2020-06-03,583980,27312,285301,32547,1269,25505
2020-06-04,615870,31890,306834,34039,1492,8865
2020-06-05,646006,30136,322307,35047,1008,13655
2020-06-06,673587,27581,335546,35957,910,13432
2020-06-07,691962,18375,353379,36499,542,0
2020-06-08,710887,18925,347973,37312,813,23518
2020-06-09,742084,31197,377985,38497,1185,0
2020-06-10,775184,33100,355087,39797,1300,54698
2020-06-11,805649,30465,367899,41058,1261,16392
2020-06-12,829902,24253,391309,41901,843,0
2020-06-13,850796,20894,380395,42791,890,30918
2020-06-14,867882,17086,386981,43389,598,9902
2020-06-15,891556,23674,393870,44118,729,16056
2020-06-16,928834,37278,418604,45456,1338,11206
2020-06-17,960309,31475,410137,46665,1209,38733
2020-06-18,983359,23050,431983,47869,1204,0
2020-06-19,1038568,55209,469118,49090,1221,16853
2020-06-20,1070139,31571,476895,50058,968,22826
2020-06-21,1086990,16851,457105,50659,601,36040
2020-06-22,1111348,24358,480715,51407,748,0
2020-06-23,1151479,40131,485363,52771,1364,34119
2020-06-24,1192474,40995,488692,53874,1103,36563
2020-06-25,1233147,40673,528185,55054,1180,0
2020-06-26,1280054,46907,526419,56109,1055,47618
2020-06-27,1315941,35887,542933,57103,994,18379
2020-06-28,1345254,29313,553748,57658,555,17943
2020-06-29,1370488,25234,554641,58385,727,23614
2020-06-30,1408485,37997,558789,59656,1271,32578
2020-07-01,1453369,44884,565790,60713,1057,36826
2020-07-02,1501353,47984,523216,61990,1277,89281
2020-07-03,1543341,41988,534172,63254,1264,29768
2020-07-04,1578376,35035,535396,64365,1111,32700
2020-07-05,1604585,26209,561070,64900,535,0
2020-07-06,1626071,21486,581900,65556,656,0
2020-07-07,1674655,48584,535558,66868,1312,93614
2020-07-08,1716196,41541,530219,68055,1187,45693
2020-07-09,1759103,42907,537382,69254,1199,34545
2020-07-10,1804338,45235,548218,70524,1270,33129
2020-07-11,1840812,36474,555808,71492,968,27916
2020-07-12,1866176,25364,580513,72151,659,0
2020-07-13,1887959,21783,601526,72921,770,0
2020-07-14,1931204,43245,643430,74262,1341,0
2020-07-15,1970909,39705,639822,75523,1261,42052
2020-07-16,2014738,43829,571141,76822,1299,111211
2020-07-17,2048697,33959,603990,77932,1110,0
2020-07-18,2075246,26549,629654,78817,885,0
2020-07-19,2099896,24650,649134,79533,716,4454
2020-07-20,2121645,21749,632192,80251,718,37973
2020-07-21,2166532,44887,618965,81597,1346,56768
2020-07-22,2231871,65339,616843,82890,1293,66168
2020-07-23,2289951,58080,635507,84207,1317,38099
2020-07-24,2348200,58249,670534,85385,1178,22044
2020-07-25,2396434,48234,692458,86496,1111,25199
2020-07-26,2419901,23467,698575,87052,556,16794
2020-07-27,2443480,23579,688134,87679,627,33393
2020-07-28,2484649,41169,674455,88634,955,53893
2020-07-29,2555518,70869,677911,90188,1554,65859
2020-07-30,2613789,58271,698317,91377,1189,36676
2020-07-31,2666298,52509,689679,92568,1191,59956
2020-08-01,2708876,42578,731209,93616,1048,0
2020-08-02,2733677,24801,755496,94130,514,0
2020-08-03,2751665,17988,744644,94702,572,28268
2020-08-04,2808076,56411,741213,96096,1394,58448
2020-08-05,2862761,54685,744706,97418,1322,49870
2020-08-06,2917562,54801,771258,98644,1226,27023
2020-08-07,2967064,49502,798968,99702,1058,20734
2020-08-08,3013369,46305,818533,100543,841,25899
2020-08-09,3035582,22213,815986,101136,593,24167
2020-08-10,3057470,21888,791801,101857,721,45352
2020-08-11,3112393,54923,766170,103099,1242,79312
2020-08-12,3170474,58081,756734,104263,1164,66353
2020-08-13,3229621,59147,767417,105564,1301,47163
2020-08-14,3278895,49274,788022,106571,1007,27662
2020-08-15,3317832,38937,806263,107297,726,19970
2020-08-16,3340197,22365,799862,107879,582,28184
2020-08-17,3363235,23038,776087,108654,775,46038
2020-08-18,3411872,48637,747674,110019,1365,75685
2020-08-19,3460413,48541,733970,111189,1170,61075
2020-08-20,3505097,44684,739267,112423,1234,38153
2020-08-21,3536488,31391,752279,113454,1031,17348
2020-08-22,3582698,46210,758783,114277,823,38883
2020-08-23,3605783,23085,781373,114772,495,0
2020-08-24,3627217,21434,733057,115451,679,69071
2020-08-25,3674176,46959,709115,116666,1215,69686
2020-08-26,3722004,47828,695400,117756,1090,60453
2020-08-27,3764493,42489,698517,118726,970,38402
2020-08-28,3812605,48112,716215,119594,868,29546
2020-08-29,3846965,34360,719655,120498,904,30016
2020-08-30,3862311,15346,709856,120896,398,24747
2020-08-31,3910901,48590,691652,121515,619,66175
2020-09-01,3952790,41889,671013,122681,1166,61362
2020-09-02,4001422,48632,667118,123899,1218,51309
2020-09-03,4046150,44728,673811,124729,830,37205
2020-09-04,4091801,45651,687974,125584,855,30633
2020-09-05,4123000,31199,700068,126230,646,18459
2020-09-06,4137606,14606,693693,126686,456,20525
2020-09-07,4147794,10188,665229,127001,315,38337
2020-09-08,4165124,17330,640373,127517,516,41670
2020-09-09,4199332,34208,617343,128653,1136,56102
2020-09-10,4239763,40431,612851,129575,922,44001
2020-09-11,4283978,44215,622849,130474,899,33318
2020-09-12,4315858,31880,631163,131274,800,22766
2020-09-13,4330455,14597,624834,131663,389,20537
2020-09-14,4349544,19089,604243,132117,454,39226
2020-09-15,4384299,34755,579964,133207,1090,57944
2020-09-16,4421686,37387,567200,134174,967,49184
2020-09-17,4457443,35757,569330,135031,857,32770
2020-09-18,4497434,39991,572438,135857,826,36057
2020-09-19,4528347,30913,571687,136565,708,30956
2020-09-20,4544629,16282,556507,136895,330,31132
2020-09-21,4560083,15454,535534,137350,455,35972
2020-09-22,4595335,35252,511549,138159,809,58428
2020-09-23,4627780,32445,495829,139065,906,47259
2020-09-24,4659909,32129,496237,139883,818,30903
2020-09-25,4692579,32670,510921,140709,826,17160
2020-09-26,4718115,25536,525837,141441,732,9888
2020-09-27,4732309,14194,530445,141776,335,9251
2020-09-28,4748327,16018,521984,142161,385,24094
2020-09-29,4780317,31990,502219,143010,849,50906
2020-09-30,4813586,33269,489248,143962,952,45288
2020-10-01,4849229,35643,491690,144767,805,32396
2020-10-02,4882231,33002,504207,145431,664,19821
2020-10-03,4906833,24602,512248,146011,580,15981
2020-10-04,4915289,8456,505706,146375,364,14634
2020-10-05,4940499,25210,498424,146773,398,32094
2020-10-06,4970953,30454,470511,147571,798,57569
2020-10-07,5002357,31404,462629,148304,733,38553
2020-10-08,5029539,27182,465941,149034,730,23140
2020-10-09,5057190,27651,473903,149692,658,19031
2020-10-10,5091840,34650,487882,150236,544,20127
2020-10-11,5094979,3139,474308,150506,270,16443
2020-10-12,5103408,8429,457430,150709,203,25104
2020-10-13,5114823,11415,436785,151063,354,31706
2020-10-14,5141498,26675,420906,151779,716,41838
2020-10-15,5170996,29498,419037,152513,734,30633
2020-10-16,5201570,30574,428781,153229,716,20114
2020-10-17,5224362,22792,435357,153690,461,15755
2020-10-18,5235344,10982,431409,153905,215,14715
2020-10-19,5251127,15783,415242,154226,321,31629
2020-10-20,5274817,23690,398336,154888,662,39934
2020-10-21,5300649,25832,388701,155459,571,34896
2020-10-22,5332634,31985,391375,155962,503,28808
2020-10-23,5355650,23016,401250,156528,566,12575
2020-10-24,5381224,25574,406400,156926,398,20026
2020-10-25,5394128,12904,401050,157163,237,18017
2020-10-26,5411550,17422,388169,157451,288,30015
2020-10-27,5440903,29353,378876,157981,530,38116
2020-10-28,5469755,28852,376739,158468,487,30502
2020-10-29,5496402,26647,383210,159033,565,19611
2020-10-30,5519528,23126,393702,159562,529,12105
2020-10-31,5535605,16077,402805,159902,340,6634
2020-11-01,5545705,10100,404659,160104,202,8044
2020-11-02,5554206,8501,412992,160272,168,0
2020-11-03,5567126,12920,378362,160548,276,47274
2020-11-04,5590941,23815,365427,161170,622,36128
2020-11-05,5614258,23317,388135,161779,609,0
2020-11-06,5632505,18247,406126,162035,256,0
2020-11-07,5653561,21056,426931,162286,251,0
2020-11-08,5664115,10554,437374,162397,111,0
2020-11-09,5675766,11651,448784,162638,241,0
2020-11-10,5701283,25517,474097,162842,204,0
2020-11-11,5749007,47724,521257,163406,564,0
2020-11-12,5783647,34640,362548,164332,926,192423
2020-11-13,5819496,35849,386983,164946,614,10800
2020-11-14,5848959,29463,391775,165673,727,23944
2020-11-15,5863093,14134,405771,165811,138,0
2020-11-16,5876740,13647,388267,166067,256,30895
2020-11-17,5911758,35018,383423,166743,676,39186
2020-11-18,5947403,35645,390043,167497,754,28271
2020-11-19,5983089,35686,407450,168141,644,17635
2020-11-20,6020164,37075,429400,168662,521,14604
2020-11-21,6052786,32622,454612,169016,354,7056
2020-11-22,6071401,18615,469699,169197,181,3347
2020-11-23,6088004,16603,473368,169541,344,12590
2020-11-24,6121449,33445,475252,170179,638,30923
2020-11-25,6166898,45449,483252,170799,620,36829
2020-11-26,6204570,37672,504474,171497,698,15752
2020-11-27,6238350,33780,529828,171998,501,7925
2020-11-28,6290272,51922,555096,172637,639,26015
2020-11-29,6314740,24468,563774,172848,211,15579
2020-11-30,6336278,21538,561309,173165,317,23686
2020-12-01,6388526,52248,558166,173862,697,54694
2020-12-02,6436650,48124,563766,174531,669,41855
2020-12-03,6487516,50866,587199,175307,776,26657
2020-12-04,6534951,47435,614601,175981,674,19359
2020-12-05,6577177,42226,639173,176641,660,16994
2020-12-06,6603540,26363,650396,176962,321,14819
2020-12-07,6628065,24525,649610,177388,426,24885
2020-12-08,6675915,47850,643022,178184,796,53642
2020-12-09,6730118,54203,649575,179032,848,46802
2020-12-10,6783543,53425,671965,179801,769,30266
2020-12-11,6836313,52770,701115,180453,652,22968
2020-12-12,6880595,44282,729746,181143,690,14961
2020-12-13,6901990,21395,737618,181419,276,13247
2020-12-14,6929409,27419,731379,181945,526,33132
2020-12-15,6974258,44849,723542,182854,909,51777
2020-12-16,7042695,68437,726190,183822,968,64821
2020-12-17,7111527,68832,748949,184876,1054,45019
2020-12-18,7163912,52385,780040,185687,811,20483
2020-12-19,7213155,49243,804035,186356,669,24579
