time,total_cases,daily_cases,total_currently_infected,total_death,death_per_day,new_recoveries
2020-02-15,0,0,0,0,0,0
2020-02-16,0,0,0,0,0,0
2020-02-17,0,0,0,0,0,0
2020-02-18,0,0,0,0,0,0
2020-02-19,0,0,0,0,0,0
2020-02-20,0,0,0,0,0,0
2020-02-21,0,0,0,0,0,0
2020-02-22,0,0,0,0,0,0
2020-02-23,0,0,0,0,0,0
2020-02-24,0,0,0,0,0,0
2020-02-25,0,0,0,0,0,0
2020-02-26,2,0,2,0,0,0
2020-02-27,2,0,2,0,0,0
2020-02-28,2,0,2,0,0,0
2020-02-29,4,2,4,0,0,0
2020-03-01,4,0,4,0,0,0
2020-03-02,4,0,4,0,0,0
2020-03-03,5,1,5,0,0,0
2020-03-04,5,0,5,0,0,0
2020-03-05,5,0,5,0,0,0
2020-03-06,6,1,5,0,0,1
2020-03-07,6,0,5,0,0,0
2020-03-08,7,1,6,0,0,0
2020-03-09,16,9,15,0,0,0
2020-03-10,19,3,17,0,0,1
2020-03-11,20,1,18,0,0,0
2020-03-12,21,1,19,0,0,0
2020-03-13,28,7,26,0,0,0
2020-03-14,33,5,31,0,0,0
2020-03-15,53,20,51,0,0,0
2020-03-16,184,131,182,0,0,0
2020-03-17,247,63,245,0,0,0
2020-03-18,307,60,292,2,2,11
2020-03-19,454,147,439,2,0,0
2020-03-20,501,47,485,3,1,0
2020-03-21,645,144,629,3,0,0
2020-03-22,776,131,758,5,2,0
2020-03-23,875,99,856,6,1,0
2020-03-24,972,97,947,7,1,5
2020-03-25,1063,91,1034,8,1,3
2020-03-26,1201,138,1171,9,1,0
2020-03-27,1373,172,1339,11,2,2
2020-03-28,1495,122,1454,12,1,6
2020-03-29,1597,102,1554,14,2,0
2020-03-30,1717,120,1620,21,7,47
2020-03-31,1938,221,1836,26,5,0
2020-04-01,2118,180,1997,27,1,18
2020-04-02,2421,303,2262,34,7,31
2020-04-03,2686,265,2520,40,6,1
2020-04-04,2818,132,2646,41,1,5
2020-04-05,3157,339,2899,47,6,80
2020-04-06,3766,609,3454,53,6,48
2020-04-07,4035,269,3549,57,4,170
2020-04-08,4263,228,3735,61,4,38
2020-04-09,4489,226,3852,65,4,105
2020-04-10,4695,206,3902,66,1,155
2020-04-11,5011,316,4163,86,20,35
2020-04-12,5230,219,4111,91,5,266
2020-04-13,5496,266,4308,93,2,67
2020-04-14,5837,341,4363,96,3,283
2020-04-15,6383,546,4826,111,15,68
2020-04-16,6919,536,5146,128,17,199
2020-04-17,7025,106,5125,135,7,120
2020-04-18,7638,613,5663,143,8,67
2020-04-19,8348,710,6312,168,25,36
2020-04-20,8892,544,6746,176,8,102
2020-04-21,9565,673,7291,201,25,103
2020-04-22,10076,511,7708,212,11,83
2020-04-23,11057,981,8485,235,23,181
2020-04-24,11940,883,8932,253,18,418
2020-04-25,12723,783,9588,269,16,111
2020-04-26,13328,605,10111,281,12,70
2020-04-27,13915,587,10594,292,11,93
2020-04-28,14612,697,11067,312,20,204
2020-04-29,15525,913,11757,343,31,192
2020-04-30,16473,948,12007,361,18,680
2020-05-01,18092,1619,13324,417,56,246
2020-05-02,19022,930,13832,437,20,402
2020-05-03,20084,1062,14513,457,20,361
2020-05-04,20941,857,14830,476,19,521
2020-05-05,22049,1108,15734,514,38,166
2020-05-06,23214,1165,16389,544,30,480
2020-05-07,24644,1430,17595,585,41,183
2020-05-08,26435,1791,18306,599,14,1066
2020-05-09,28736,2301,20291,636,37,279
2020-05-10,30334,1598,21612,659,23,254
2020-05-11,30941,607,22062,667,8,149
2020-05-12,32674,1733,23395,724,57,343
2020-05-13,35298,2624,25638,761,37,344
2020-05-14,35788,490,25323,770,9,796
2020-05-15,37218,1430,26260,803,33,460
2020-05-16,38799,1581,27085,834,31,725
2020-05-17,40151,1352,27937,873,39,461
2020-05-18,42125,1974,29300,903,30,581
2020-05-19,43966,1841,30538,939,36,567
2020-05-20,45898,1932,31812,985,46,612
2020-05-21,48091,2193,32919,1017,32,1054
2020-05-22,50694,2603,34426,1067,50,1046
2020-05-23,52437,1743,34683,1101,34,1452
2020-05-24,54601,2164,36270,1133,32,545
2020-05-25,56349,1748,37700,1167,34,284
2020-05-26,57705,1356,38194,1197,30,832
2020-05-27,59151,1446,38784,1225,28,828
2020-05-28,61227,2076,39736,1260,35,1089
2020-05-29,64028,2801,40406,1317,57,2074
2020-05-30,66457,2429,40931,1395,78,1826
2020-05-31,69496,3039,42742,1483,88,1140
2020-06-01,72460,2964,44834,1543,60,812
2020-06-02,76398,3938,47667,1621,78,1027
2020-06-03,80463,4065,49852,1688,67,1813
2020-06-04,85264,4801,53366,1770,82,1205
2020-06-05,89249,3985,56213,1838,68,1070
2020-06-06,93983,4734,59467,1935,97,1383
2020-06-07,98943,4960,63476,2002,67,884
2020-06-08,103671,4728,67249,2067,65,890
2020-06-09,108317,4646,71127,2172,105,663
2020-06-10,113702,5385,75139,2255,83,1290
2020-06-11,119536,5834,78789,2356,101,2083
2020-06-12,125933,6397,83223,2463,107,1856
2020-06-13,132405,6472,79798,2551,88,9809
2020-06-14,139230,6825,84863,2632,81,1679
2020-06-15,144478,5248,88028,2729,97,1986
2020-06-16,148921,4443,89692,2839,110,2669
2020-06-17,154760,5839,93348,2975,136,2047
2020-06-18,160118,5358,97810,3093,118,778
2020-06-19,165062,4944,100450,3229,136,2168
2020-06-20,171666,6604,104780,3382,153,2121
2020-06-21,176617,4951,105224,3501,119,4388
2020-06-22,181088,4471,106040,3590,89,3566
2020-06-23,185034,3946,107868,3695,105,2013
2020-06-24,188926,3892,107417,3755,60,4283
2020-06-25,192970,4044,107760,3903,148,3553
2020-06-26,195745,2775,107615,3962,59,2861
2020-06-27,198883,3138,107942,4035,73,2738
2020-06-28,202955,4072,106213,4118,83,5718
2020-06-29,206512,3557,106938,4167,49,2783
2020-06-30,209337,2825,106530,4304,137,3096
2020-07-01,213470,4133,108273,4395,91,2299
2020-07-02,217809,4339,108642,4473,78,3892
2020-07-03,221896,4087,103722,4551,78,8929
2020-07-04,225283,3387,95570,4619,68,11471
2020-07-05,228474,3191,93932,4712,93,4736
2020-07-06,231818,3344,95407,4762,50,1819
2020-07-07,234509,2691,94713,4839,77,3308
2020-07-08,237489,2980,91602,4922,83,6008
2020-07-09,240848,3359,90554,4983,61,4346
2020-07-10,243599,2751,89449,5058,75,3781
2020-07-11,246351,2752,88094,5123,65,4042
2020-07-12,248872,2521,86975,5197,74,3566
2020-07-13,251625,2753,84442,5266,69,5217
2020-07-14,253604,1979,77628,5320,54,8739
2020-07-15,255769,2165,77573,5386,66,2154
2020-07-16,257914,2145,73751,5426,40,5927
2020-07-17,259999,2085,70787,5475,49,5000
2020-07-18,261916,1917,57885,5522,47,14772
2020-07-19,263496,1580,53652,5568,46,5767
2020-07-20,265083,1587,53555,5599,31,1653
2020-07-21,266096,1013,52427,5639,40,2101
2020-07-22,267428,1332,51283,5677,38,2438
2020-07-23,269191,1763,50307,5709,32,2707
2020-07-24,270400,1209,44854,5763,54,6608
2020-07-25,271887,1487,29504,5787,24,16813
2020-07-26,273113,1226,29857,5822,35,838
2020-07-27,274289,1176,27421,5842,20,3592
2020-07-28,275225,936,26924,5865,23,1410
2020-07-29,276288,1063,25513,5892,27,2447
2020-07-30,277402,1114,25347,5924,32,1248
2020-07-31,278305,903,25177,5951,27,1046
2020-08-01,279146,841,25149,5970,19,850
2020-08-02,279698,552,25145,5976,6,550
2020-08-03,280029,331,25172,5984,8,296
2020-08-04,280461,432,25065,5999,15,524
2020-08-05,281136,675,20836,6014,15,4889
2020-08-06,281863,727,19770,6035,21,1772
2020-08-07,282645,782,18494,6052,17,2041
2020-08-08,283487,842,17815,6068,16,1505
2020-08-09,284121,634,17791,6082,14,644
2020-08-10,284660,539,17799,6097,15,516
2020-08-11,285191,531,17833,6112,15,482
2020-08-12,285921,730,16599,6129,17,1947
2020-08-13,286674,753,16475,6139,10,867
2020-08-14,287300,626,15932,6153,14,1155
2020-08-15,288047,747,16261,6162,9,409
2020-08-16,288717,670,16248,6168,6,677
2020-08-17,289215,498,13953,6175,7,2786
2020-08-18,289832,617,13633,6190,15,922
2020-08-19,290445,613,12116,6201,11,2119
2020-08-20,290958,513,11945,6209,8,676
2020-08-21,291588,630,11790,6219,10,775
2020-08-22,292174,586,10626,6231,12,1738
2020-08-23,292765,591,10694,6235,4,519
2020-08-24,293261,496,10188,6244,9,993
2020-08-25,293711,450,9031,6255,11,1596
2020-08-26,294193,482,8987,6267,12,514
2020-08-27,294638,445,8803,6274,7,622
2020-08-28,295053,415,8833,6283,9,376
2020-08-29,295372,319,8748,6284,1,403
2020-08-30,295636,264,8801,6288,4,207
2020-08-31,295849,213,8873,6294,6,135
2020-09-01,296149,300,8881,6298,4,288
2020-09-02,296590,441,8813,6318,20,489
2020-09-03,297014,424,8761,6328,10,466
2020-09-04,297512,498,8909,6335,7,343
2020-09-05,298025,513,9132,6340,5,285
2020-09-06,298509,484,6269,6342,2,3345
2020-09-07,298903,394,6542,6345,3,118
2020-09-08,299233,330,6726,6350,5,141
2020-09-09,299659,426,6794,6359,9,349
2020-09-10,299855,196,5540,6365,6,1444
2020-09-11,300371,516,5795,6370,5,256
2020-09-12,300955,584,6046,6373,3,330
2020-09-13,301481,526,5673,6379,6,893
2020-09-14,302020,539,5831,6383,4,377
2020-09-15,302424,404,5774,6389,6,455
2020-09-16,303089,665,5936,6393,4,499
2020-09-17,303634,545,6066,6399,6,409
2020-09-18,304386,752,6295,6408,9,514
2020-09-19,305031,645,6572,6415,7,361
2020-09-20,305671,640,6952,6416,1,259
2020-09-21,306304,633,7015,6420,4,566
2020-09-22,306886,582,7303,6424,4,290
2020-09-23,307418,532,7070,6432,8,757
2020-09-24,308217,799,7388,6437,5,476
2020-09-25,309015,798,7831,6444,7,348
2020-09-26,309581,566,7797,6451,7,593
2020-09-27,310275,694,8205,6457,6,280
2020-09-28,310841,566,8353,6466,9,409
2020-09-29,311516,675,8702,6474,8,318
2020-09-30,312263,747,8903,6479,5,541
2020-10-01,312806,543,8825,6484,5,616
2020-10-02,313431,625,8877,6499,15,558
2020-10-03,313984,553,8884,6507,8,538
2020-10-04,314616,632,9135,6513,6,375
2020-10-05,315260,644,8907,6517,4,868
2020-10-06,315727,467,8588,6523,6,780
2020-10-07,316351,624,8528,6535,12,672
2020-10-08,316934,583,8015,6544,9,1087
2020-10-09,317595,661,8335,6552,8,333
2020-10-10,318266,671,8646,6558,6,354
2020-10-11,318932,666,8904,6570,12,396
2020-10-12,319317,385,8552,6580,10,727
2020-10-13,319848,531,8651,6588,8,424
2020-10-14,320463,615,8782,6601,13,471
2020-10-15,321218,755,9209,6614,13,315
2020-10-16,321877,659,9421,6621,7,440
2020-10-17,322452,575,9174,6638,17,805
2020-10-18,323019,567,9296,6654,16,429
2020-10-19,323459,440,9391,6659,5,340
2020-10-20,324077,618,9384,6673,14,611
2020-10-21,324744,667,9378,6692,19,654
