time,total_cases,daily_cases,total_currently_infected,total_death,death_per_day
2020-02-15,0,0,0,0,0
2020-02-16,0,0,0,0,0
2020-02-17,0,0,0,0,0
2020-02-18,0,0,0,0,0
2020-02-19,0,0,0,0,0
2020-02-20,0,0,0,0,0
2020-02-21,0,0,0,0,0
2020-02-22,0,0,0,0,0
2020-02-23,0,0,0,0,0
2020-02-24,0,0,0,0,0
2020-02-25,0,0,0,0,0
2020-02-26,0,0,0,0,0
2020-02-27,0,0,0,0,0
2020-02-28,0,0,0,0,0
2020-02-29,0,0,0,0,0
2020-03-01,0,0,0,0,0
2020-03-02,0,0,0,0,0
2020-03-03,0,0,0,0,0
2020-03-04,0,0,0,0,0
2020-03-05,0,0,0,0,0
2020-03-06,1,0,1,0,0
2020-03-07,6,5,6,0,0
2020-03-08,7,1,7,0,0
2020-03-09,9,2,9,0,0
2020-03-10,11,2,11,0,0
2020-03-11,17,6,17,0,0
2020-03-12,22,5,22,0,0
2020-03-13,38,16,38,0,0
2020-03-14,43,5,43,0,0
2020-03-15,71,28,71,0,0
2020-03-16,86,15,85,0,0
2020-03-17,117,31,116,0,0
2020-03-18,145,28,144,0,0
2020-03-19,234,89,232,1,0
2020-03-20,263,29,261,1,0
2020-03-21,318,55,313,4,3
2020-03-22,363,45,356,6,2
2020-03-23,395,32,387,7,1
2020-03-24,416,21,406,9,2
2020-03-25,480,64,469,10,1
2020-03-26,580,100,552,14,4
2020-03-27,635,55,599,20,6
2020-03-28,671,36,627,28,8
2020-03-29,852,181,804,32,4
2020-03-30,950,98,853,44,12
2020-03-31,1065,115,614,57,13
2020-04-01,1323,258,852,77,20
2020-04-02,1414,91,787,90,13
2020-04-03,1595,181,953,105,15
2020-04-04,1746,151,694,138,33
2020-04-05,2281,535,1109,183,45
2020-04-06,2561,280,1365,199,16
2020-04-07,2954,393,1424,229,30
2020-04-08,4342,1388,2751,258,29
2020-04-09,5256,914,3503,315,57
2020-04-10,5897,641,3962,366,51
2020-04-11,6848,951,4690,419,53
2020-04-12,7519,671,5257,464,45
2020-04-13,9784,2265,6611,531,67
2020-04-14,10303,519,6837,597,66
2020-04-15,11475,1172,7683,684,87
2020-04-16,12491,1016,5595,776,92
2020-04-17,13489,998,6073,875,99
2020-04-18,14420,931,6763,973,98
2020-04-19,15628,1208,7739,1078,105
2020-04-20,16325,697,8165,1192,114
2020-04-21,17837,1512,9547,1308,116
2020-04-22,19250,1413,10801,1422,114
2020-04-23,20914,1664,11933,1559,137
2020-04-24,21648,734,12456,1696,137
2020-04-25,25331,3683,15691,1843,147
2020-04-26,27517,2186,17446,1983,140
2020-04-27,28699,1182,18129,2145,162
2020-04-28,31190,2491,19699,2312,167
2020-04-29,33931,2741,21408,2486,174
2020-04-30,36976,3045,23923,2648,162
2020-05-01,40459,3483,26497,2833,185
2020-05-02,42534,2075,27052,3048,215
2020-05-03,45928,3394,29127,3251,203
2020-05-04,47372,1444,29469,3476,225
2020-05-05,51189,3817,32098,3678,202
2020-05-06,54817,3628,33384,3906,228
2020-05-07,58526,3709,35993,4145,239
2020-05-08,61847,3321,38483,4352,207
2020-05-09,65015,3168,40194,4575,223
2020-05-10,67307,2292,41143,4815,240
2020-05-11,68822,1515,41371,5045,230
2020-05-12,72059,3237,43431,5304,259
2020-05-13,76306,4247,46488,5494,190
2020-05-14,80604,4298,49763,5690,196
2020-05-15,84495,3891,51424,5924,234
2020-05-16,88541,4046,54150,6119,195
2020-05-17,92273,3732,57323,6329,210
2020-05-18,94933,2660,58083,6544,215
2020-05-19,99483,4550,56144,6815,271
2020-05-20,104020,4537,55014,7038,223
2020-05-21,108769,4749,57875,7307,269
2020-05-22,111698,2929,59312,7538,231
2020-05-23,115754,4056,60056,7783,245
2020-05-24,119959,4205,62151,8013,230
2020-05-25,123979,4020,64737,8293,280
2020-05-26,129751,5772,68308,8537,244
2020-05-27,135905,6154,71039,8697,160
2020-05-28,141779,5874,73421,8916,219
2020-05-29,148285,6506,76357,9137,221
2020-05-30,155671,7386,79839,9385,248
2020-05-31,164476,8805,87630,9638,253
2020-06-01,170039,5563,91665,9867,229
2020-06-02,174884,4845,95516,10111,244
2020-06-03,178914,4030,96265,10330,219
2020-06-04,183198,4284,96393,10577,247
2020-06-05,187400,4202,97361,10825,248
2020-06-06,191758,4358,97968,11059,234
2020-06-07,196515,4757,98977,11319,260
2020-06-08,199696,3181,98610,11530,211
2020-06-09,203736,4040,99002,11805,275
2020-06-10,208823,5087,98719,12073,268
2020-06-11,214788,5965,99986,12373,300
2020-06-12,220749,5961,100965,12651,278
2020-06-13,225132,4383,100479,12929,278
2020-06-14,229736,4604,100938,13219,290
2020-06-15,232992,3256,100093,13490,271
2020-06-16,237156,4164,98158,13793,303
2020-06-17,240908,3752,98191,14095,302
2020-06-18,244388,3480,98807,14391,296
2020-06-19,247925,3537,97750,14655,264
2020-06-20,251338,3413,97634,14941,286
2020-06-21,254936,3598,97739,15230,289
2020-06-22,257447,2511,96639,15488,258
2020-06-23,260810,3363,96623,15750,262
2020-06-24,264689,3879,97082,16018,268
2020-06-25,268602,3913,96247,16281,263
2020-06-26,272364,3762,96018,16540,259
2020-06-27,275989,3625,95148,16817,277
2020-06-28,279419,3430,94335,17086,269
2020-06-29,282365,2946,93831,17375,289
2020-06-30,285213,2848,93059,17619,244
2020-07-01,288477,3264,92354,17878,259
2020-07-02,292004,3527,91819,18088,210
2020-07-03,295599,3595,91469,18278,190
2020-07-04,299080,3481,90991,18468,190
2020-07-05,302718,3638,90130,18631,163
2020-07-06,305703,2985,89267,18817,186
2020-07-07,309278,3575,89356,18984,167
2020-07-08,312911,3633,89008,19155,171
2020-07-09,316448,3537,89287,19359,204
2020-07-10,319646,3198,89474,19534,175
2020-07-11,322710,3064,88831,19727,193
2020-07-12,326326,3616,89284,19931,204
2020-07-13,330123,3797,88986,20129,198
2020-07-14,333867,3744,90290,20316,187
2020-07-15,337724,3857,90807,20517,201
2020-07-16,341586,3862,89866,20726,209
2020-07-17,345537,3951,90630,20925,199
2020-07-18,349500,3963,90286,21128,203
2020-07-19,353590,4090,90313,21322,194
2020-07-20,357681,4091,91081,21519,197
2020-07-21,362087,4406,91652,21689,170
2020-07-22,366550,4463,92449,21855,166
2020-07-23,371096,4546,93087,22064,209
2020-07-24,375961,4865,94280,22258,194
2020-07-25,379884,3923,94321,22433,175
2020-07-26,384797,4913,94351,22596,163
2020-07-27,389717,4920,94436,22734,138
2020-07-28,395005,5288,95682,22871,137
2020-07-29,400683,5678,97623,23016,145
2020-07-30,407492,6809,100419,23158,142
2020-07-31,414735,7243,104291,23317,159
2020-08-01,422183,7448,107869,23479,162
2020-08-02,428850,6667,110983,23680,201
2020-08-03,433100,4250,111164,23845,165
2020-08-04,439890,6790,113523,23910,65
2020-08-05,447624,7734,117059,24135,225
2020-08-06,455409,7785,120766,24306,171
2020-08-07,463875,8466,125011,24532,226
2020-08-08,471012,7137,127127,24714,182
2020-08-09,478024,7012,129062,24942,228
2020-08-10,483133,5109,128634,25095,153
2020-08-11,489680,6547,128601,25323,228
2020-08-12,498555,8875,131137,25480,157
2020-08-13,507996,9441,134342,25648,168
2020-08-14,516296,8300,136208,25856,208
2020-08-15,525803,9507,139947,26075,219
2020-08-16,535946,10143,144298,26281,206
2020-08-17,541493,5547,144295,26481,200
2020-08-18,549321,7828,148644,26658,177
2020-08-19,558420,9099,154133,26834,176
2020-08-20,567059,8639,159295,27034,200
2020-08-21,576067,9008,163914,27245,211
2020-08-22,585236,9169,166639,27453,208
2020-08-23,594326,9090,167306,27663,210
2020-08-24,600438,6112,165324,27813,150
2020-08-25,607382,6944,164804,28001,188
2020-08-26,613378,5996,163377,28124,123
2020-08-27,621997,8619,164058,28277,153
2020-08-28,629961,7964,163473,28471,194
2020-08-29,639435,9474,164153,28607,136
2020-08-30,647166,7731,162921,28788,181
2020-08-31,652037,4871,160764,28944,156
2020-09-01,657129,5092,156462,29068,124
2020-09-02,663437,6308,154001,29259,191
2020-09-03,670145,6708,150854,29405,146
2020-09-04,676848,6703,148771,29554,149
2020-09-05,683702,6854,147593,29687,133
2020-09-06,689977,6275,145100,29838,151
2020-09-07,691575,1598,139348,29976,138
2020-09-08,696190,4615,136316,30123,147
2020-09-09,702776,6586,135581,30236,113
2020-09-10,710067,7291,134978,30344,108
2020-09-11,716670,6603,133986,30470,126
2020-09-12,722832,6162,132918,30593,123
2020-09-13,729619,6787,132113,30710,117
2020-09-14,733860,4241,129684,30812,102
2020-09-15,738020,4160,126340,30927,115
2020-09-16,744400,6380,125632,31051,124
2020-09-17,750098,5698,124439,31146,95
2020-09-18,756412,6314,124334,31283,137
2020-09-19,762865,6453,123659,31369,86
2020-09-20,768895,6030,122085,31555,186
2020-09-21,772896,4001,118818,31660,105
2020-09-22,776546,3650,115680,31772,112
2020-09-23,782695,6149,114336,31870,98
2020-09-24,788930,6235,112647,31938,68
2020-09-25,794584,5654,111599,32037,99
2020-09-26,800142,5558,110164,32142,105
2020-09-27,805302,5160,108550,32262,120
2020-09-28,808714,3412,105401,32324,62
2020-09-29,811768,3054,102447,32396,72
2020-09-30,814829,3061,98551,32463,67
2020-10-01,818297,3468,95234,32535,72
2020-10-02,821564,3267,93310,32609,74
2020-10-03,824985,3421,91452,32665,56
2020-10-04,828169,3184,89204,32742,77
2020-10-05,829999,1830,84277,32834,92
2020-10-06,832929,2930,81950,32914,80
2020-10-07,835662,2733,79047,33009,95
2020-10-08,838614,2952,77300,33098,89
2020-10-09,843355,4741,77197,33158,60
2020-10-10,846088,2733,74676,33223,65
2020-10-11,849371,3283,72097,33305,82
2020-10-12,851171,1800,69717,33357,52
2020-10-13,853974,2803,66596,33419,62
2020-10-14,856951,2977,63842,33512,93
2020-10-15,859740,2789,61413,33577,65
2020-10-16,862417,2677,59692,33648,71
2020-10-17,865549,3132,57491,33702,54
2020-10-18,868675,3126,55137,33759,57
2020-10-19,870876,2201,53000,33820,61
2020-10-20,874118,3242,51749,33875,55
2020-10-21,876885,2767,50056,33937,62
