time,total_cases,daily_cases,total_currently_infected,total_death,death_per_day
2020-02-15,0,0,0,0,0
2020-02-16,0,0,0,0,0
2020-02-17,0,0,0,0,0
2020-02-18,0,0,0,0,0
2020-02-19,0,0,0,0,0
2020-02-20,0,0,0,0,0
2020-02-21,0,0,0,0,0
2020-02-22,0,0,0,0,0
2020-02-23,0,0,0,0,0
2020-02-24,0,0,0,0,0
2020-02-25,0,0,0,0,0
2020-02-26,0,0,0,0,0
2020-02-27,0,0,0,0,0
2020-02-28,0,0,0,0,0
2020-02-29,0,0,0,0,0
2020-03-01,0,0,0,0,0
2020-03-02,0,0,0,0,0
2020-03-03,0,0,0,0,0
2020-03-04,0,0,0,0,0
2020-03-05,0,0,0,0,0
2020-03-06,0,0,0,0,0
2020-03-07,0,0,0,0,0
2020-03-08,0,0,0,0,0
2020-03-09,0,0,0,0,0
2020-03-10,0,0,0,0,0
2020-03-11,0,0,0,0,0
2020-03-12,0,0,0,0,0
2020-03-13,1,0,1,0,0
2020-03-14,1,0,1,0,0
2020-03-15,4,3,4,0,0
2020-03-16,5,1,5,0,0
2020-03-17,6,1,6,0,0
2020-03-18,6,0,6,0,0
2020-03-19,7,1,7,0,0
2020-03-20,9,2,9,0,0
2020-03-21,9,0,9,0,0
2020-03-22,11,2,11,0,0
2020-03-23,11,0,11,0,0
2020-03-24,12,1,12,0,0
2020-03-25,12,0,12,0,0
2020-03-26,12,0,12,0,0
2020-03-27,16,4,16,0,0
2020-03-28,16,0,15,0,0
2020-03-29,21,5,20,0,0
2020-03-30,23,2,19,0,0
2020-03-31,26,3,24,0,0
2020-04-01,29,3,27,0,0
2020-04-02,29,0,26,0,0
2020-04-03,35,6,32,0,0
2020-04-04,38,3,34,0,0
2020-04-05,43,5,37,2,0
2020-04-06,44,1,38,2,0
2020-04-07,52,8,46,2,0
2020-04-08,55,3,49,2,0
2020-04-09,56,1,50,2,0
2020-04-10,65,9,58,3,1
2020-04-11,69,4,56,3,0
2020-04-12,71,2,58,3,0
2020-04-13,74,3,57,3,0
2020-04-14,82,8,65,3,0
2020-04-15,85,3,67,3,0
2020-04-16,92,7,74,3,0
2020-04-17,96,4,78,3,0
2020-04-18,105,9,86,3,0
2020-04-19,108,3,89,3,0
2020-04-20,111,3,92,3,0
2020-04-21,114,3,95,3,0
2020-04-22,116,2,92,3,0
2020-04-23,116,0,92,3,0
2020-04-24,117,1,89,3,0
2020-04-25,122,5,90,3,0
2020-04-26,123,1,79,3,0
2020-04-27,124,1,71,3,0
2020-04-28,126,2,73,3,0
2020-04-29,130,4,69,3,0
2020-04-30,131,1,69,3,0
2020-05-01,133,2,64,3,0
2020-05-02,133,0,61,3,0
2020-05-03,135,2,57,3,0
2020-05-04,140,5,62,3,0
2020-05-05,145,5,50,4,1
2020-05-06,162,17,65,4,0
2020-05-07,191,29,94,4,0
2020-05-08,194,3,95,4,0
2020-05-09,210,16,108,5,1
2020-05-10,239,29,135,5,0
2020-05-11,250,11,140,5,0
2020-05-12,261,11,150,5,0
2020-05-13,263,2,150,5,0
2020-05-14,272,9,159,5,0
2020-05-15,287,15,170,5,0
2020-05-16,306,19,188,5,0
2020-05-17,317,11,199,5,0
2020-05-18,352,35,231,5,0
2020-05-19,365,13,240,5,0
2020-05-20,389,24,262,5,0
2020-05-21,399,10,271,5,0
2020-05-22,433,34,300,5,0
2020-05-23,494,61,338,5,0
2020-05-24,582,88,425,5,0
2020-05-25,655,73,491,5,0
2020-05-26,701,46,528,6,1
2020-05-27,731,30,544,6,0
2020-05-28,831,100,633,7,1
2020-05-29,968,137,763,8,1
2020-05-30,1063,95,847,8,0
2020-05-31,1172,109,952,11,3
2020-06-01,1257,85,1028,12,1
2020-06-02,1344,87,1099,14,2
2020-06-03,1486,142,1223,17,3
2020-06-04,1636,150,1368,18,1
2020-06-05,1805,169,1524,19,1
2020-06-06,1934,129,1633,20,1
2020-06-07,2020,86,1649,27,7
2020-06-08,2156,136,1768,27,0
2020-06-09,2336,180,1925,32,5
2020-06-10,2506,170,2070,35,3
2020-06-11,2670,164,2196,40,5
2020-06-12,2915,245,2417,47,7
2020-06-13,3166,251,2616,55,8
2020-06-14,3345,179,2743,57,2
2020-06-15,3521,176,2841,60,3
2020-06-16,3630,109,2831,61,1
2020-06-17,3759,129,2847,63,2
2020-06-18,3954,195,2955,65,2
2020-06-19,4070,116,2969,72,7
2020-06-20,4469,399,3275,72,0
2020-06-21,4532,63,3245,74,2
2020-06-22,4663,131,3291,75,1
2020-06-23,4848,185,3361,75,0
2020-06-24,5034,186,3470,78,3
2020-06-25,5175,141,3550,81,3
2020-06-26,5425,250,3648,89,8
2020-06-27,5570,145,3461,94,5
2020-06-28,5689,119,3459,98,4
2020-06-29,5846,157,3313,103,5
2020-06-30,5846,0,3313,103,0
2020-07-01,5846,0,3313,103,0
2020-07-02,5846,0,3313,103,0
2020-07-03,5846,0,3313,103,0
2020-07-04,5846,0,3313,103,0
2020-07-05,5846,0,3313,103,0
2020-07-06,5846,0,3313,103,0
2020-07-07,5846,0,3313,103,0
2020-07-08,6774,928,4224,120,17
2020-07-09,6973,199,4423,120,0
2020-07-10,7120,147,4566,124,4
2020-07-11,7402,282,4848,124,0
2020-07-12,7560,158,5003,127,3
2020-07-13,7766,206,5208,128,1
2020-07-14,7969,203,5400,139,11
2020-07-15,8181,212,5605,146,7
2020-07-16,8475,294,5897,148,2
2020-07-17,8803,328,6223,150,2
2020-07-18,9147,344,6554,163,13
2020-07-19,9503,356,6906,167,4
2020-07-20,10207,704,7607,170,3
2020-07-21,11072,865,5444,180,10
2020-07-22,11524,452,5830,188,8
2020-07-23,11933,409,6091,197,9
2020-07-24,12693,760,6708,200,3
2020-07-25,13248,555,7073,209,9
2020-07-26,13968,720,7529,223,14
2020-07-27,14547,579,7933,228,5
2020-07-28,15200,653,8435,239,11
2020-07-29,15810,610,8872,253,14
2020-07-30,16615,805,9589,263,10
2020-07-31,17530,915,10306,274,11
2020-08-01,17999,469,10522,282,8
2020-08-02,18706,707,10795,310,28
2020-08-03,19289,583,11022,336,26
2020-08-04,19877,588,11294,343,7
2020-08-05,20336,459,11382,356,13
2020-08-06,20900,564,11508,365,9
2020-08-07,21452,552,11657,380,15
2020-08-08,22253,801,12156,390,10
2020-08-09,22818,565,12205,407,17
2020-08-10,23591,773,12760,420,13
2020-08-11,24175,584,13039,440,20
2020-08-12,25118,943,13621,463,23
2020-08-13,26204,1086,14297,479,16
2020-08-14,27242,1038,15090,492,13
2020-08-15,28894,1652,16348,509,17
2020-08-16,29876,982,16989,528,19
2020-08-17,31336,1460,18268,544,16
2020-08-18,32722,1386,19212,572,28
2020-08-19,34058,1336,20150,600,28
2020-08-20,35836,1778,21680,620,20
2020-08-21,37665,1829,23115,637,17
2020-08-22,39033,1368,23891,662,25
2020-08-23,40671,1638,24998,678,16
2020-08-24,42143,1472,26189,692,14
2020-08-25,43688,1545,27183,709,17
2020-08-26,45221,1533,28185,725,16
2020-08-27,46407,1186,28833,745,20
2020-08-28,48140,1733,29967,758,13
2020-08-29,49654,1514,30768,770,12
2020-08-30,51122,1468,31947,793,23
2020-08-31,52131,1009,32328,809,16
2020-09-01,53304,1173,32989,828,19
2020-09-02,54409,1105,33660,846,18
2020-09-03,55213,804,34074,856,10
2020-09-04,56516,1303,35024,880,24
2020-09-05,57466,950,35793,897,17
2020-09-06,58672,1206,36447,918,21
2020-09-07,59648,976,36926,933,15
2020-09-08,60784,1136,37158,949,16
2020-09-09,61700,916,37680,966,17
2020-09-10,62578,878,37964,974,8
2020-09-11,63367,789,38357,986,12
2020-09-12,63888,521,38399,996,10
2020-09-13,64301,413,38305,1013,17
2020-09-14,64786,485,38431,1022,9
2020-09-15,65486,700,38463,1035,13
2020-09-16,66224,738,38514,1045,10
2020-09-17,66913,689,38768,1060,15
2020-09-18,67515,602,38805,1072,12
2020-09-19,68131,616,39103,1089,17
2020-09-20,68820,689,39410,1096,7
2020-09-21,69709,889,39967,1108,12
2020-09-22,70422,713,40304,1127,19
2020-09-23,71083,661,40689,1141,14
2020-09-24,71687,604,41078,1148,7
2020-09-25,72173,486,41155,1155,7
2020-09-26,72700,527,41506,1165,10
2020-09-27,73332,632,41799,1170,5
2020-09-28,73944,612,42014,1177,7
2020-09-29,74584,640,42441,1191,14
2020-09-30,75368,784,42966,1198,7
2020-10-01,76098,730,43463,1205,7
2020-10-02,76988,890,44103,1208,3
2020-10-03,77860,872,44321,1214,6
2020-10-04,78819,959,44537,1222,8
2020-10-05,79437,618,44191,1230,8
2020-10-06,80003,566,43805,1238,8
2020-10-07,80895,892,43970,1255,17
2020-10-08,81797,902,44101,1262,7
2020-10-09,82662,865,44289,1271,9
2020-10-10,83429,767,44469,1277,6
2020-10-11,84295,866,44692,1287,10
2020-10-12,85136,841,44931,1301,14
2020-10-13,85718,582,45106,1305,4
2020-10-14,86430,712,44953,1312,7
2020-10-15,87169,739,44856,1325,13
2020-10-16,87834,665,44869,1337,12
2020-10-17,88434,600,44989,1346,9
2020-10-18,89137,703,45136,1352,6
2020-10-19,89860,723,45346,1365,13
2020-10-20,90490,630,45481,1371,6
2020-10-21,91118,628,45228,1384,13
2020-10-22,91693,575,45037,1396,12
2020-10-23,92229,536,44711,1400,4
2020-10-24,92858,629,44597,1419,19
2020-10-25,93343,485,44374,1426,7
2020-10-26,93707,364,44120,1437,11
2020-10-27,94218,511,43805,1445,8
2020-10-28,94820,602,43483,1451,6
2020-10-29,95301,481,43091,1457,6
2020-10-30,95789,488,42612,1464,7
2020-10-31,96169,380,42183,1469,5
