time,total_cases,daily_cases,total_currently_infected,total_death,death_per_day
2020-02-15,0,0,0,0,0
2020-02-16,0,0,0,0,0
2020-02-17,0,0,0,0,0
2020-02-18,0,0,0,0,0
2020-02-19,0,0,0,0,0
2020-02-20,0,0,0,0,0
2020-02-21,0,0,0,0,0
2020-02-22,0,0,0,0,0
2020-02-23,0,0,0,0,0
2020-02-24,0,0,0,0,0
2020-02-25,1,0,1,0,0
2020-02-26,3,2,3,0,0
2020-02-27,3,0,3,0,0
2020-02-28,5,2,5,0,0
2020-02-29,6,1,6,0,0
2020-03-01,7,1,7,0,0
2020-03-02,8,1,8,0,0
2020-03-03,9,1,9,0,0
2020-03-04,10,1,10,0,0
2020-03-05,10,0,10,0,0
2020-03-06,11,1,11,0,0
2020-03-07,12,1,12,0,0
2020-03-08,12,0,12,0,0
2020-03-09,13,1,13,0,0
2020-03-10,15,2,15,0,0
2020-03-11,19,4,19,0,0
2020-03-12,27,8,26,0,0
2020-03-13,32,5,31,0,0
2020-03-14,39,7,37,0,0
2020-03-15,49,10,47,0,0
2020-03-16,57,8,54,0,0
2020-03-17,69,12,64,0,0
2020-03-18,89,20,84,0,0
2020-03-19,110,21,104,1,1
2020-03-20,130,20,124,1,0
2020-03-21,206,76,200,1,0
2020-03-22,254,48,248,1,0
2020-03-23,315,61,309,1,0
2020-03-24,382,67,376,1,0
2020-03-25,442,60,419,1,0
2020-03-26,495,53,470,3,2
2020-03-27,586,91,546,3,0
2020-03-28,657,71,607,5,2
2020-03-29,713,56,652,6,1
2020-03-30,790,77,717,6,0
2020-03-31,867,77,794,6,0
2020-04-01,963,96,884,6,0
2020-04-02,1011,48,916,7,1
2020-04-03,1079,68,979,8,1
2020-04-04,1126,47,995,12,4
2020-04-05,1182,56,1042,15,3
2020-04-06,1222,40,1076,16,1
2020-04-07,1282,60,1097,18,2
2020-04-08,1343,61,1145,19,1
2020-04-09,1407,64,1168,20,1
2020-04-10,1495,88,1243,21,1
2020-04-11,1534,39,1190,21,0
2020-04-12,1600,66,1204,23,2
2020-04-13,1650,50,1225,25,2
2020-04-14,1704,54,1258,31,6
2020-04-15,1741,37,1235,33,2
2020-04-16,1791,50,1227,35,2
2020-04-17,1814,23,1178,36,1
2020-04-18,1832,18,1178,39,3
2020-04-19,1871,39,1115,47,8
2020-04-20,1881,10,1063,47,0
2020-04-21,1908,27,1059,48,1
2020-04-22,1950,42,1033,48,0
2020-04-23,1981,31,1048,50,2
2020-04-24,2009,28,976,51,1
2020-04-25,2016,7,928,54,3
2020-04-26,2030,14,872,55,1
2020-04-27,2039,9,814,59,4
2020-04-28,2047,8,752,63,4
2020-04-29,2062,15,707,67,4
2020-04-30,2076,14,659,69,2
2020-05-01,2085,9,589,75,6
2020-05-02,2088,3,548,77,2
2020-05-03,2096,8,528,79,2
2020-05-04,2101,5,499,80,1
2020-05-05,2112,11,469,83,3
2020-05-06,2119,7,433,85,2
2020-05-07,2125,6,398,86,1
2020-05-08,2161,36,386,86,0
2020-05-09,2176,15,363,87,1
2020-05-10,2187,11,333,90,3
2020-05-11,2196,9,321,91,1
2020-05-12,2207,11,308,91,0
2020-05-13,2213,6,285,94,3
2020-05-14,2221,8,277,94,0
2020-05-15,2222,1,258,95,1
2020-05-16,2224,2,216,95,0
2020-05-17,2226,2,195,95,0
2020-05-18,2228,2,187,95,0
2020-05-19,2232,4,169,96,1
2020-05-20,2234,2,160,96,0
2020-05-21,2237,3,162,97,1
2020-05-22,2243,6,133,99,2
2020-05-23,2243,0,121,99,0
2020-05-24,2244,1,118,99,0
2020-05-25,2244,0,109,100,1
2020-05-26,2244,0,97,101,1
2020-05-27,2244,0,96,101,0
2020-05-28,2245,1,92,102,1
2020-05-29,2245,0,83,103,1
2020-05-30,2246,1,80,103,0
2020-05-31,2246,0,71,103,0
2020-06-01,2246,0,66,103,0
2020-06-02,2246,0,55,103,0
2020-06-03,2246,0,48,103,0
2020-06-04,2247,1,39,103,0
2020-06-05,2247,0,31,103,0
2020-06-06,2247,0,22,104,1
2020-06-07,2247,0,17,104,0
2020-06-08,2247,0,15,104,0
2020-06-09,2247,0,11,106,2
2020-06-10,2249,2,13,106,0
2020-06-11,2249,0,11,106,0
2020-06-12,2249,0,9,107,1
2020-06-13,2251,2,10,107,0
2020-06-14,2252,1,11,107,0
2020-06-15,2254,2,7,107,0
2020-06-16,2255,1,8,107,0
2020-06-17,2258,3,10,107,0
2020-06-18,2269,11,20,107,0
2020-06-19,2280,11,31,107,0
2020-06-20,2299,19,50,107,0
2020-06-21,2317,18,68,107,0
2020-06-22,2336,19,87,107,0
2020-06-23,2366,30,117,107,0
2020-06-24,2388,22,136,107,0
2020-06-25,2483,95,227,107,0
2020-06-26,2539,56,282,107,0
2020-06-27,2624,85,365,107,0
2020-06-28,2691,67,432,107,0
2020-06-29,2725,34,463,107,0
2020-06-30,2777,52,515,107,0
2020-07-01,2831,54,568,108,1
2020-07-02,2912,81,647,110,2
2020-07-03,3008,96,728,112,2
2020-07-04,3094,86,798,113,1
2020-07-05,3151,57,842,113,0
2020-07-06,3220,69,897,113,0
2020-07-07,3272,52,930,113,0
2020-07-08,3325,53,934,114,1
2020-07-09,3416,91,978,115,1
2020-07-10,3532,116,1038,117,2
2020-07-11,3672,140,1088,118,1
2020-07-12,3722,50,1117,119,1
2020-07-13,3775,53,1142,119,0
2020-07-14,3827,52,1149,120,1
2020-07-15,3953,126,1204,120,0
2020-07-16,4039,86,1190,120,0
2020-07-17,4137,98,1192,120,0
2020-07-18,4253,116,1204,120,0
2020-07-19,4345,92,1207,120,0
2020-07-20,4370,25,1147,122,2
2020-07-21,4422,52,1116,123,1
2020-07-22,4530,108,1127,125,2
2020-07-23,4634,104,1112,128,3
2020-07-24,4715,81,1032,128,0
2020-07-25,4792,77,881,133,5
2020-07-26,4857,65,855,136,3
2020-07-27,4881,24,806,139,3
2020-07-28,4922,41,748,140,1
2020-07-29,4993,71,753,141,1
2020-07-30,5071,78,749,144,3
2020-07-31,5138,67,726,145,1
2020-08-01,5224,86,738,145,0
2020-08-02,5260,36,738,149,4
2020-08-03,5294,34,703,153,4
2020-08-04,5318,24,647,154,1
2020-08-05,5376,58,633,154,0
2020-08-06,5404,28,561,155,1
2020-08-07,5466,62,553,155,0
2020-08-08,5543,77,569,157,2
2020-08-09,5604,61,586,157,0
2020-08-10,5649,45,585,158,1
2020-08-11,5740,91,618,160,2
2020-08-12,5870,130,686,160,0
2020-08-13,6050,180,811,161,1
2020-08-14,6258,208,961,163,2
2020-08-15,6420,162,1062,165,2
2020-08-16,6571,151,1185,166,1
2020-08-17,6656,85,1236,166,0
2020-08-18,6855,199,1371,166,0
2020-08-19,7074,219,1520,168,2
2020-08-20,7329,255,1689,168,0
2020-08-21,7594,265,1841,169,1
2020-08-22,7900,306,2052,170,1
2020-08-23,8175,275,2203,171,1
2020-08-24,8311,136,2212,173,2
2020-08-25,8530,219,2231,175,2
2020-08-26,8888,358,2351,175,0
2020-08-27,9192,304,2420,177,2
2020-08-28,9549,357,2560,180,3
2020-08-29,9861,312,2654,183,3
2020-08-30,10123,262,2727,184,1
2020-08-31,10269,146,2649,186,2
2020-09-01,10414,145,2492,187,1
2020-09-02,10725,311,2566,191,4
2020-09-03,11094,369,2634,194,3
2020-09-04,11428,334,2703,195,1
2020-09-05,11739,311,2771,197,2
2020-09-06,11964,225,2758,198,1
2020-09-07,12081,117,2614,201,3
2020-09-08,12285,204,2529,203,2
2020-09-09,12626,341,2587,206,3
2020-09-10,12917,291,2567,208,2
2020-09-11,13107,190,2430,211,3
2020-09-12,13368,261,2429,218,7
2020-09-13,13533,165,2410,224,6
2020-09-14,13598,65,2220,227,3
2020-09-15,13749,151,2107,230,3
2020-09-16,14029,280,2103,236,6
2020-09-17,14279,250,2108,238,2
2020-09-18,14513,234,2100,244,6
2020-09-19,14725,212,2128,244,0
2020-09-20,14922,197,2138,248,4
2020-09-21,14992,70,2002,253,5
2020-09-22,15136,144,1894,255,2
2020-09-23,15340,204,1268,257,2
2020-09-24,15572,232,1200,261,4
2020-09-25,15795,223,1226,266,5
2020-09-26,16007,212,1333,269,3
2020-09-27,16197,190,1316,272,3
2020-09-28,16245,48,1180,272,0
2020-09-29,16380,135,1158,275,3
2020-09-30,16593,213,1256,280,5
2020-10-01,16827,234,1325,284,4
2020-10-02,17160,333,1446,291,7
2020-10-03,17401,241,1447,293,2
2020-10-04,17659,258,1512,298,5
2020-10-05,17797,138,1466,300,2
2020-10-06,18084,287,1588,304,4
2020-10-07,18447,363,1830,309,5
2020-10-08,18989,542,2206,310,1
2020-10-09,19446,457,2438,313,3
2020-10-10,19932,486,2662,317,4
2020-10-11,20440,508,2818,324,7
2020-10-12,20621,181,2712,327,3
2020-10-13,20993,372,2774,330,3
2020-10-14,21741,748,3210,334,4
2020-10-15,22534,793,3562,344,10
2020-10-16,23665,1131,4233,345,1
2020-10-17,24761,1096,4844,355,10
2020-10-18,25580,819,5164,363,8
2020-10-19,25973,393,5070,374,11
2020-10-20,26863,890,5519,382,8
2020-10-21,28287,1424,6459,393,11
2020-10-22,29850,1563,7380,406,13
2020-10-23,31717,1867,8394,413,7
2020-10-24,33959,2242,9745,429,16
2020-10-25,36380,2421,11144,437,8
2020-10-26,37208,828,10919,452,15
2020-10-27,38621,1413,11311,470,18
2020-10-28,40999,2378,12736,493,23
2020-10-29,43775,2776,14031,511,18
2020-10-30,46547,2772,15106,531,20
2020-10-31,49316,2769,15952,546,15
