time,total_cases,daily_cases,total_currently_infected,total_death,death_per_day
2020-02-15,0,0,0,0,0
2020-02-16,0,0,0,0,0
2020-02-17,0,0,0,0,0
2020-02-18,0,0,0,0,0
2020-02-19,0,0,0,0,0
2020-02-20,0,0,0,0,0
2020-02-21,0,0,0,0,0
2020-02-22,0,0,0,0,0
2020-02-23,0,0,0,0,0
2020-02-24,0,0,0,0,0
2020-02-25,0,0,0,0,0
2020-02-26,0,0,0,0,0
2020-02-27,0,0,0,0,0
2020-02-28,0,0,0,0,0
2020-02-29,0,0,0,0,0
2020-03-01,0,0,0,0,0
2020-03-02,0,0,0,0,0
2020-03-03,0,0,0,0,0
2020-03-04,0,0,0,0,0
2020-03-05,0,0,0,0,0
2020-03-06,0,0,0,0,0
2020-03-07,0,0,0,0,0
2020-03-08,0,0,0,0,0
2020-03-09,0,0,0,0,0
2020-03-10,1,0,1,0,0
2020-03-11,2,1,2,0,0
2020-03-12,2,0,2,0,0
2020-03-13,8,6,8,0,0
2020-03-14,8,0,8,0,0
2020-03-15,10,2,8,0,0
2020-03-16,12,2,10,0,0
2020-03-17,13,1,11,0,0
2020-03-18,15,2,12,1,0
2020-03-19,15,0,12,1,0
2020-03-20,19,4,16,1,0
2020-03-21,19,0,16,1,0
2020-03-22,19,0,16,1,0
2020-03-23,19,0,16,1,0
2020-03-24,21,2,18,1,0
2020-03-25,26,5,23,1,0
2020-03-26,26,0,23,1,0
2020-03-27,26,0,23,1,0
2020-03-28,30,4,27,1,0
2020-03-29,32,2,29,1,0
2020-03-30,36,4,33,1,0
2020-03-31,38,2,34,2,1
2020-04-01,44,6,39,3,1
2020-04-02,47,3,42,3,0
2020-04-03,53,6,43,3,0
2020-04-04,53,0,43,3,0
2020-04-05,58,5,47,3,0
2020-04-06,59,1,48,3,0
2020-04-07,63,4,51,3,0
2020-04-08,63,0,49,4,1
2020-04-09,63,0,47,4,0
2020-04-10,63,0,46,4,0
2020-04-11,69,6,52,4,0
2020-04-12,72,3,52,4,0
2020-04-13,73,1,50,4,0
2020-04-14,105,32,82,4,0
2020-04-15,125,20,99,5,1
2020-04-16,143,18,117,5,0
2020-04-17,143,0,113,5,0
2020-04-18,163,20,133,5,0
2020-04-19,173,10,141,5,0
2020-04-20,223,50,191,5,0
2020-04-21,228,5,195,6,1
2020-04-22,252,24,219,6,0
2020-04-23,252,0,218,6,0
2020-04-24,257,5,222,7,1
2020-04-25,288,31,253,7,0
2020-04-26,305,17,270,7,0
2020-04-27,350,45,315,7,0
2020-04-28,364,14,328,7,0
2020-04-29,396,32,360,7,0
2020-04-30,396,0,360,7,0
2020-05-01,422,26,385,8,1
2020-05-02,432,10,393,8,0
2020-05-03,463,31,422,8,0
2020-05-04,469,6,422,9,1
2020-05-05,471,2,413,9,0
2020-05-06,473,2,408,9,0
2020-05-07,478,5,412,9,0
2020-05-08,488,10,421,9,0
2020-05-09,490,2,419,9,0
2020-05-10,498,8,411,9,0
2020-05-11,502,4,403,9,0
2020-05-12,505,3,406,9,0
2020-05-13,507,2,398,9,0
2020-05-14,509,2,382,9,0
2020-05-15,509,0,382,9,0
2020-05-16,511,2,381,9,0
2020-05-17,517,6,387,9,0
2020-05-18,520,3,384,9,0
2020-05-19,520,0,366,9,0
2020-05-20,520,0,366,9,0
2020-05-21,529,9,349,9,0
2020-05-22,534,5,344,9,0
2020-05-23,544,10,344,9,0
2020-05-24,550,6,341,9,0
2020-05-25,552,2,332,9,0
2020-05-26,556,4,309,9,0
2020-05-27,564,8,288,9,0
2020-05-28,569,5,281,9,0
2020-05-29,569,0,276,9,0
2020-05-30,575,6,277,9,0
2020-05-31,581,6,282,9,0
2020-06-01,586,5,266,9,0
2020-06-02,588,2,257,9,0
2020-06-03,590,2,225,9,0
2020-06-04,591,1,213,10,1
2020-06-05,591,0,213,10,0
2020-06-06,595,4,200,10,0
2020-06-07,596,1,182,10,0
2020-06-08,598,2,183,10,0
2020-06-09,599,1,184,10,0
2020-06-10,605,6,188,10,0
2020-06-11,605,0,188,10,0
2020-06-12,611,6,193,10,0
2020-06-13,614,3,187,10,0
2020-06-14,615,1,185,10,0
2020-06-15,617,2,187,10,0
2020-06-16,621,4,162,10,0
2020-06-17,621,0,162,10,0
2020-06-18,626,5,165,10,0
2020-06-19,638,12,170,10,0
2020-06-20,652,14,184,10,0
2020-06-21,657,5,185,10,0
2020-06-22,659,2,133,10,0
2020-06-23,665,6,139,10,0
2020-06-24,670,5,142,10,0
2020-06-25,678,8,147,10,0
2020-06-26,684,6,148,10,0
2020-06-27,686,2,137,10,0
2020-06-28,690,4,128,10,0
2020-06-29,696,6,134,10,0
2020-06-30,698,2,135,10,0
2020-07-01,702,4,139,10,0
2020-07-02,707,5,142,10,0
2020-07-03,715,8,145,10,0
2020-07-04,721,6,146,10,0
2020-07-05,728,7,149,10,0
2020-07-06,732,4,138,10,0
2020-07-07,737,5,136,10,0
2020-07-08,745,8,136,10,0
2020-07-09,751,6,141,10,0
2020-07-10,753,2,138,10,0
2020-07-11,753,0,138,10,0
2020-07-12,758,5,128,10,0
2020-07-13,758,0,128,10,0
2020-07-14,759,1,121,10,0
2020-07-15,762,3,109,10,0
2020-07-16,763,1,106,10,0
2020-07-17,765,2,108,10,0
2020-07-18,768,3,80,10,0
2020-07-19,774,6,85,10,0
2020-07-20,790,16,87,10,0
2020-07-21,809,19,93,10,0
2020-07-22,810,1,91,10,0
2020-07-23,816,6,96,10,0
2020-07-24,821,5,100,10,0
2020-07-25,831,10,110,10,0
2020-07-26,837,6,116,10,0
2020-07-27,842,5,118,10,0
2020-07-28,853,11,129,10,0
2020-07-29,855,2,121,10,0
2020-07-30,856,1,122,10,0
2020-07-31,864,8,130,10,0
2020-08-01,878,14,142,10,0
2020-08-02,883,5,130,10,0
2020-08-03,894,11,139,12,2
2020-08-04,905,11,150,12,0
2020-08-05,920,15,163,12,0
2020-08-06,928,8,171,12,0
2020-08-07,958,30,201,12,0
2020-08-08,987,29,229,13,1
2020-08-09,1003,16,245,13,0
2020-08-10,1023,20,264,14,1
2020-08-11,1031,8,272,14,0
2020-08-12,1047,16,280,14,0
2020-08-13,1065,18,298,14,0
2020-08-14,1071,6,303,14,0
2020-08-15,1082,11,307,14,0
2020-08-16,1106,24,331,14,0
2020-08-17,1113,7,335,14,0
2020-08-18,1129,16,351,14,0
2020-08-19,1146,17,362,14,0
2020-08-20,1192,46,406,14,0
2020-08-21,1290,98,487,15,1
2020-08-22,1346,56,542,16,1
2020-08-23,1413,67,580,16,0
2020-08-24,1529,116,694,16,0
2020-08-25,1612,83,777,16,0
2020-08-26,1732,120,873,19,3
2020-08-27,1804,72,939,19,0
2020-08-28,1870,66,1005,19,0
2020-08-29,2011,141,1104,19,0
2020-08-30,2113,102,1203,20,1
2020-08-31,2357,244,1446,21,1
2020-09-01,2459,102,1548,21,0
2020-09-02,2683,224,1761,24,3
2020-09-03,2822,139,1895,27,3
2020-09-04,2896,74,1946,29,2
2020-09-05,2964,68,2012,30,1
2020-09-06,3024,60,2042,32,2
2020-09-07,3103,79,2112,33,1
2020-09-08,3183,80,2175,34,1
2020-09-09,3323,140,2295,36,2
2020-09-10,3437,114,2380,38,2
2020-09-11,3511,74,2452,40,2
2020-09-12,3623,112,2511,40,0
2020-09-13,3771,148,2580,42,2
2020-09-14,3933,162,2728,44,2
2020-09-15,4042,109,2833,46,2
2020-09-16,4164,122,2938,46,0
2020-09-17,4374,210,3098,51,5
2020-09-18,4571,197,3252,55,4
2020-09-19,4758,187,3371,60,5
2020-09-20,4988,230,3571,67,7
2020-09-21,5143,155,3666,70,3
2020-09-22,5270,127,3751,75,5
2020-09-23,5395,125,3875,76,1
2020-09-24,5588,193,4021,77,1
2020-09-25,5723,135,4147,80,3
2020-09-26,5854,131,4142,88,8
2020-09-27,6017,163,4222,89,1
2020-09-28,6170,153,4336,93,4
2020-09-29,6408,238,4537,101,8
2020-09-30,6482,74,4508,107,6
2020-10-01,6555,73,4453,111,4
2020-10-02,6704,149,4476,116,5
2020-10-03,6795,91,4331,119,3
2020-10-04,6895,100,4315,120,1
2020-10-05,7012,117,4257,120,0
2020-10-06,7109,97,4312,123,3
2020-10-07,7191,82,4365,126,3
2020-10-08,7273,82,4413,128,2
2020-10-09,7363,90,4129,132,4
2020-10-10,7559,196,4279,138,6
2020-10-11,7718,159,4417,139,1
2020-10-12,7813,95,4430,146,7
2020-10-13,7910,97,4461,146,0
2020-10-14,7989,79,4407,151,5
2020-10-15,8067,78,4426,160,9
2020-10-16,8132,65,4317,162,2
2020-10-17,8195,63,4374,168,6
2020-10-18,8274,79,4244,171,3
2020-10-19,8321,47,4197,173,2
2020-10-20,8374,53,4198,174,1
2020-10-21,8445,71,4255,174,0
2020-10-22,8600,155,4326,179,5
2020-10-23,8638,38,4300,182,3
2020-10-24,8670,32,4275,186,4
2020-10-25,8714,44,4244,188,2
2020-10-26,8749,35,4254,192,4
2020-10-27,8787,38,4244,196,4
2020-10-28,8851,64,4274,198,2
2020-10-29,8927,76,4296,202,4
2020-10-30,9005,78,4358,205,3
2020-10-31,9094,89,4378,206,1
