time,total_cases,daily_cases,total_currently_infected,total_death,death_per_day
2020-02-15,0,0,0,0,0
2020-02-16,0,0,0,0,0
2020-02-17,0,0,0,0,0
2020-02-18,0,0,0,0,0
2020-02-19,0,0,0,0,0
2020-02-20,0,0,0,0,0
2020-02-21,0,0,0,0,0
2020-02-22,0,0,0,0,0
2020-02-23,0,0,0,0,0
2020-02-24,0,0,0,0,0
2020-02-25,0,0,0,0,0
2020-02-26,0,0,0,0,0
2020-02-27,0,0,0,0,0
2020-02-28,0,0,0,0,0
2020-02-29,0,0,0,0,0
2020-03-01,0,0,0,0,0
2020-03-02,0,0,0,0,0
2020-03-03,0,0,0,0,0
2020-03-04,0,0,0,0,0
2020-03-05,0,0,0,0,0
2020-03-06,0,0,0,0,0
2020-03-07,0,0,0,0,0
2020-03-08,0,0,0,0,0
2020-03-09,0,0,0,0,0
2020-03-10,0,0,0,0,0
2020-03-11,0,0,0,0,0
2020-03-12,0,0,0,0,0
2020-03-13,0,0,0,0,0
2020-03-14,0,0,0,0,0
2020-03-15,0,0,0,0,0
2020-03-16,0,0,0,0,0
2020-03-17,0,0,0,0,0
2020-03-18,0,0,0,0,0
2020-03-19,0,0,0,0,0
2020-03-20,0,0,0,0,0
2020-03-21,1,0,1,0,0
2020-03-22,1,0,1,0,0
2020-03-23,9,8,9,0,0
2020-03-24,9,0,9,0,0
2020-03-25,14,5,14,0,0
2020-03-26,14,0,14,0,0
2020-03-27,23,9,23,0,0
2020-03-28,30,7,30,0,0
2020-03-29,33,3,33,0,0
2020-03-30,33,0,33,0,0
2020-03-31,44,11,44,0,0
2020-04-01,44,0,44,0,0
2020-04-02,45,1,45,0,0
2020-04-03,48,3,48,0,0
2020-04-04,48,0,48,0,0
2020-04-05,52,4,52,0,0
2020-04-06,52,0,52,0,0
2020-04-07,52,0,52,0,0
2020-04-08,53,1,53,0,0
2020-04-09,53,0,53,0,0
2020-04-10,53,0,53,0,0
2020-04-11,53,0,49,0,0
2020-04-12,54,1,50,0,0
2020-04-13,54,0,47,0,0
2020-04-14,55,1,47,0,0
2020-04-15,55,0,43,0,0
2020-04-16,55,0,35,0,0
2020-04-17,55,0,35,0,0
2020-04-18,55,0,33,0,0
2020-04-19,55,0,27,0,0
2020-04-20,56,1,18,0,0
2020-04-21,61,5,23,0,0
2020-04-22,63,2,18,0,0
2020-04-23,74,11,28,0,0
2020-04-24,75,1,29,0,0
2020-04-25,75,0,29,0,0
2020-04-26,79,4,33,0,0
2020-04-27,79,0,32,0,0
2020-04-28,79,0,27,0,0
2020-04-29,81,2,29,0,0
2020-04-30,83,2,31,0,0
2020-05-01,85,2,33,0,0
2020-05-02,88,3,36,0,0
2020-05-03,89,1,37,0,0
2020-05-04,97,8,42,0,0
2020-05-05,98,1,43,0,0
2020-05-06,100,2,45,0,0
2020-05-07,101,1,46,0,0
2020-05-08,101,0,46,0,0
2020-05-09,116,15,61,0,0
2020-05-10,121,5,66,0,0
2020-05-11,121,0,66,0,0
2020-05-12,126,5,71,0,0
2020-05-13,139,13,84,0,0
2020-05-14,160,21,97,0,0
2020-05-15,203,43,140,0,0
2020-05-16,227,24,164,0,0
2020-05-17,227,0,164,0,0
2020-05-18,248,21,185,0,0
2020-05-19,260,12,197,0,0
2020-05-20,264,4,199,0,0
2020-05-21,160,-104,94,0,0
2020-05-22,175,15,107,0,0
2020-05-23,198,23,130,0,0
2020-05-24,198,0,130,0,0
2020-05-25,222,24,153,0,0
2020-05-26,253,31,184,0,0
2020-05-27,281,28,212,0,0
2020-05-28,317,36,248,0,0
2020-05-29,329,12,257,0,0
2020-05-30,413,84,341,0,0
2020-05-31,417,4,345,0,0
2020-06-01,457,40,385,0,0
2020-06-02,489,32,407,0,0
2020-06-03,507,18,425,0,0
2020-06-04,522,15,440,0,0
2020-06-05,557,35,475,0,0
2020-06-06,593,36,511,0,0
2020-06-07,616,23,520,0,0
2020-06-08,646,30,543,0,0
2020-06-09,657,11,539,0,0
2020-06-10,665,8,546,0,0
2020-06-11,679,14,518,0,0
2020-06-12,686,7,525,0,0
2020-06-13,694,8,475,0,0
2020-06-14,696,2,456,0,0
2020-06-15,705,9,406,0,0
2020-06-16,724,19,373,0,0
2020-06-17,732,8,312,0,0
2020-06-18,741,9,255,0,0
2020-06-19,755,14,263,0,0
2020-06-20,763,8,271,0,0
2020-06-21,770,7,192,0,0
2020-06-22,774,4,143,0,0
2020-06-23,797,23,98,0,0
2020-06-24,805,8,88,0,0
2020-06-25,821,16,90,0,0
2020-06-26,833,12,72,0,0
2020-06-27,848,15,87,0,0
2020-06-28,859,11,65,0,0
2020-06-29,870,11,62,0,0
2020-06-30,889,19,70,0,0
2020-07-01,893,4,56,0,0
2020-07-02,902,9,55,0,0
2020-07-03,911,9,62,0,0
2020-07-04,927,16,59,0,0
2020-07-05,939,12,48,0,0
2020-07-06,953,14,61,0,0
2020-07-07,971,18,75,0,0
2020-07-08,977,6,73,0,0
2020-07-09,1000,23,92,0,0
2020-07-10,1006,6,68,0,0
2020-07-11,1013,7,61,0,0
2020-07-12,1025,12,67,0,0
2020-07-13,1029,4,71,0,0
2020-07-14,1040,11,82,0,0
2020-07-15,1043,3,85,0,0
2020-07-16,1051,8,93,0,0
2020-07-17,1056,5,98,0,0
2020-07-18,1062,6,104,0,0
2020-07-19,1065,3,107,0,0
2020-07-20,1069,4,111,0,0
2020-07-21,1075,6,117,0,0
2020-07-22,1075,0,117,0,0
2020-07-23,1079,4,108,0,0
2020-07-24,1089,10,113,1,0
2020-07-25,1103,14,120,1,0
2020-07-26,1115,12,131,2,1
2020-07-27,1128,13,140,2,0
2020-07-28,1135,7,144,2,0
2020-07-29,1140,5,110,2,0
2020-07-30,1147,7,117,2,0
2020-07-31,1154,7,123,3,1
2020-08-01,1176,22,127,4,1
2020-08-02,1182,6,133,4,0
2020-08-03,1195,13,120,5,1
2020-08-04,1203,8,125,5,0
2020-08-05,1213,10,106,5,0
2020-08-06,1223,10,116,5,0
2020-08-07,1254,31,135,6,1
2020-08-08,1267,13,146,6,0
2020-08-09,1283,16,161,7,1
2020-08-10,1297,14,151,9,2
2020-08-11,1313,16,166,9,0
2020-08-12,1332,19,184,9,0
2020-08-13,1353,21,201,11,2
2020-08-14,1385,32,231,12,1
2020-08-15,1434,49,279,13,1
2020-08-16,1500,66,345,13,0
2020-08-17,1560,60,380,15,2
2020-08-18,1603,43,423,15,0
2020-08-19,1656,53,452,16,1
2020-08-20,1750,94,537,19,3
2020-08-21,1848,98,630,19,0
2020-08-22,2166,318,947,20,1
2020-08-23,2263,97,1044,20,0
2020-08-24,2362,99,1092,22,2
2020-08-25,2426,64,1134,25,3
2020-08-26,2524,98,1230,26,1
2020-08-27,2679,155,1383,28,2
2020-08-28,2756,77,1440,28,0
2020-08-29,2847,91,1530,29,1
2020-08-30,2928,81,1610,30,1
2020-08-31,2972,44,1652,32,2
2020-09-01,3037,65,1516,32,0
2020-09-02,3112,75,1552,32,0
2020-09-03,3288,176,1723,33,1
2020-09-04,3353,65,1754,35,2
2020-09-05,3539,186,1936,39,4
2020-09-06,3667,128,2062,41,2
2020-09-07,3776,109,1991,44,3
2020-09-08,3900,124,2037,46,2
2020-09-09,4101,201,2179,46,0
2020-09-10,4291,190,2245,48,2
2020-09-11,4377,86,2330,49,1
2020-09-12,4703,326,2653,52,3
2020-09-13,4799,96,2488,55,3
2020-09-14,4978,179,2605,56,1
2020-09-15,5123,145,2732,58,2
2020-09-16,5266,143,2802,60,2
2020-09-17,5380,114,2831,60,0
2020-09-18,5594,214,2989,61,1
2020-09-19,6017,423,3373,63,2
2020-09-20,6287,270,3608,63,0
2020-09-21,6468,181,3674,63,0
2020-09-22,6712,244,3870,64,1
2020-09-23,6879,167,3849,69,5
2020-09-24,7064,185,3768,70,1
2020-09-25,7218,154,3536,71,1
2020-09-26,7364,146,3646,71,0
2020-09-27,7530,166,3810,73,2
2020-09-28,7777,247,3669,75,2
2020-09-29,8017,240,3909,75,0
2020-09-30,8129,112,3794,75,0
2020-10-01,8287,158,3782,75,0
2020-10-02,8491,204,3942,79,4
2020-10-03,8662,171,4037,79,0
2020-10-04,8808,146,3991,81,2
2020-10-05,8965,157,3805,82,1
2020-10-06,9082,117,3541,84,2
2020-10-07,9260,178,3587,85,1
2020-10-08,9442,182,3576,85,0
2020-10-09,9538,96,3595,86,1
2020-10-10,9701,163,3586,93,7
2020-10-11,9801,100,3599,93,0
2020-10-12,9864,63,3661,94,1
2020-10-13,9945,81,3503,95,1
2020-10-14,10069,124,3443,95,0
2020-10-15,10117,48,3296,96,1
2020-10-16,10334,217,3337,96,0
2020-10-17,10455,121,3458,96,0
2020-10-18,10590,135,3501,97,1
2020-10-19,10691,101,3602,97,0
2020-10-20,10788,97,3625,97,0
2020-10-21,10933,145,3681,98,1
2020-10-22,11041,108,3733,98,0
2020-10-23,11163,122,3795,99,1
2020-10-24,11297,134,3917,99,0
2020-10-25,11443,146,3991,101,2
2020-10-26,11557,114,4105,101,0
2020-10-27,11621,64,4118,103,2
2020-10-28,11767,146,4200,106,3
2020-10-29,12201,434,4632,108,2
2020-10-30,12410,209,4797,110,2
2020-10-31,12495,85,4881,111,1
