time,total_cases,daily_cases,total_currently_infected,total_death,death_per_day
2020-02-15,0,0,0,0,0
2020-02-16,0,0,0,0,0
2020-02-17,0,0,0,0,0
2020-02-18,0,0,0,0,0
2020-02-19,0,0,0,0,0
2020-02-20,0,0,0,0,0
2020-02-21,0,0,0,0,0
2020-02-22,0,0,0,0,0
2020-02-23,0,0,0,0,0
2020-02-24,0,0,0,0,0
2020-02-25,0,0,0,0,0
2020-02-26,0,0,0,0,0
2020-02-27,0,0,0,0,0
2020-02-28,0,0,0,0,0
2020-02-29,0,0,0,0,0
2020-03-01,0,0,0,0,0
2020-03-02,0,0,0,0,0
2020-03-03,0,0,0,0,0
2020-03-04,0,0,0,0,0
2020-03-05,0,0,0,0,0
2020-03-06,0,0,0,0,0
2020-03-07,0,0,0,0,0
2020-03-08,0,0,0,0,0
2020-03-09,0,0,0,0,0
2020-03-10,0,0,0,0,0
2020-03-11,1,0,1,0,0
2020-03-12,1,0,1,0,0
2020-03-13,1,0,1,0,0
2020-03-14,2,1,2,0,0
2020-03-15,4,2,4,0,0
2020-03-16,4,0,4,0,0
2020-03-17,4,0,4,0,0
2020-03-18,9,5,8,0,0
2020-03-19,9,0,8,0,0
2020-03-20,9,0,8,0,0
2020-03-21,14,5,13,0,0
2020-03-22,14,0,13,0,0
2020-03-23,25,11,23,0,0
2020-03-24,73,48,71,0,0
2020-03-25,80,7,77,0,0
2020-03-26,96,16,93,0,0
2020-03-27,101,5,98,0,0
2020-03-28,101,0,98,0,0
2020-03-29,165,64,160,1,0
2020-03-30,168,3,161,1,0
2020-03-31,179,11,171,1,0
2020-04-01,190,11,180,1,0
2020-04-02,194,4,178,1,0
2020-04-03,218,24,198,1,0
2020-04-04,245,27,219,1,0
2020-04-05,261,16,221,3,2
2020-04-06,323,62,279,3,0
2020-04-07,349,26,305,3,0
2020-04-08,384,35,333,3,0
2020-04-09,444,60,389,3,0
2020-04-10,480,36,423,3,0
2020-04-11,533,53,471,4,1
2020-04-12,574,41,484,5,1
2020-04-13,626,52,531,6,1
2020-04-14,638,12,518,6,0
2020-04-15,654,16,502,6,0
2020-04-16,654,0,502,6,0
2020-04-17,688,34,489,6,0
2020-04-18,801,113,554,8,2
2020-04-19,847,46,578,9,1
2020-04-20,879,32,582,10,1
2020-04-21,916,37,600,13,3
2020-04-22,952,36,628,14,1
2020-04-23,1004,52,631,14,0
2020-04-24,1077,73,644,14,0
2020-04-25,1077,0,644,14,0
2020-04-26,1150,73,668,14,0
2020-04-27,1164,14,651,14,0
2020-04-28,1183,19,644,14,0
2020-04-29,1238,55,667,14,0
2020-04-30,1275,37,687,14,0
2020-05-01,1333,58,721,15,1
2020-05-02,1362,29,725,15,0
2020-05-03,1398,36,728,17,2
2020-05-04,1432,34,722,17,0
2020-05-05,1464,32,745,18,1
2020-05-06,1516,52,777,18,0
2020-05-07,1571,55,809,20,2
2020-05-08,1602,31,828,20,0
2020-05-09,1667,65,877,21,1
2020-05-10,1700,33,885,21,0
2020-05-11,1730,30,891,21,0
2020-05-12,1857,127,1016,21,0
2020-05-13,1912,55,986,24,3
2020-05-14,1971,59,1017,24,0
2020-05-15,2017,46,1051,24,0
2020-05-16,2061,44,1049,25,1
2020-05-17,2109,48,1078,27,2
2020-05-18,2119,10,1051,28,1
2020-05-19,2153,34,1075,28,0
2020-05-20,2231,78,1119,29,1
2020-05-21,2301,70,1172,29,0
2020-05-22,2341,40,1166,29,0
2020-05-23,2366,25,1148,30,1
2020-05-24,2376,10,1127,30,0
2020-05-25,2423,47,1136,30,0
2020-05-26,2477,54,1161,30,0
2020-05-27,2556,79,1223,31,1
2020-05-28,2641,85,1283,32,1
2020-05-29,2750,109,1348,32,0
2020-05-30,2799,49,1381,33,1
2020-05-31,2833,34,1365,33,0
2020-06-01,2951,118,1451,33,0
2020-06-02,3024,73,1490,33,0
2020-06-03,3110,86,1545,35,2
2020-06-04,3262,152,1643,35,0
2020-06-05,3431,169,1791,36,1
2020-06-06,3557,126,1771,36,0
2020-06-07,3739,182,1885,36,0
2020-06-08,3881,142,1974,38,2
2020-06-09,3995,114,1912,38,0
2020-06-10,4181,186,1966,41,3
2020-06-11,4404,223,2151,41,0
2020-06-12,4684,280,2376,45,4
2020-06-13,4848,164,2406,45,0
2020-06-14,5084,236,2534,45,0
2020-06-15,5439,355,2803,46,1
2020-06-16,5679,240,2996,46,0
2020-06-17,6063,384,3266,48,2
2020-06-18,6444,381,3532,49,1
2020-06-19,6874,430,3883,49,0
2020-06-20,7276,402,4232,52,3
2020-06-21,7492,216,4370,54,2
2020-06-22,7677,185,4128,56,2
2020-06-23,7904,227,4664,58,2
2020-06-24,8164,260,4687,58,0
2020-06-25,8334,170,4787,60,2
2020-06-26,8739,405,5088,64,4
2020-06-27,8944,205,5156,66,2
2020-06-28,9101,157,5227,66,0
2020-06-29,9214,113,5152,66,0
2020-06-30,9499,285,5158,68,2
2020-07-01,9702,203,5253,68,0
2020-07-02,9992,290,5264,68,0
2020-07-03,10244,252,5448,70,2
2020-07-04,10462,218,5583,72,2
2020-07-05,10772,310,5631,74,2
2020-07-06,10966,194,5507,75,1
2020-07-07,11194,228,5631,76,1
2020-07-08,11504,310,5855,78,2
2020-07-09,11750,246,5919,79,1
2020-07-10,12052,302,5891,81,2
2020-07-11,12443,391,6004,82,1
2020-07-12,12766,323,6028,84,2
2020-07-13,12872,106,5978,84,0
2020-07-14,13037,165,6042,87,3
2020-07-15,13403,366,6170,87,0
2020-07-16,13554,151,6104,87,0
2020-07-17,13696,142,6002,87,0
2020-07-18,13912,216,5821,91,4
2020-07-19,14119,207,5661,92,1
2020-07-20,14312,193,5561,92,0
2020-07-21,14531,219,5581,93,1
2020-07-22,14733,202,5645,93,0
2020-07-23,15001,268,5626,93,0
2020-07-24,15253,252,5660,94,1
2020-07-25,15494,241,5520,94,0
2020-07-26,15596,102,5322,96,2
2020-07-27,15655,59,5198,96,0
2020-07-28,15713,58,5078,98,2
2020-07-29,15813,100,4921,99,1
2020-07-30,15978,165,4718,100,1
2020-07-31,16047,69,4517,102,2
2020-08-01,16109,62,4257,102,0
2020-08-02,16182,73,4279,102,0
2020-08-03,16220,38,4231,102,0
2020-08-04,16293,73,4235,103,1
2020-08-05,16349,56,4055,103,0
2020-08-06,16447,98,3860,103,0
2020-08-07,16524,77,3618,104,1
2020-08-08,16620,96,3623,104,0
2020-08-09,16715,95,3684,105,1
2020-08-10,16798,83,3641,105,0
2020-08-11,16847,49,3421,105,0
2020-08-12,16847,0,3421,105,0
2020-08-13,16889,42,3260,107,2
2020-08-14,16935,46,3106,108,1
2020-08-15,16993,58,3126,108,0
2020-08-16,17026,33,2969,110,2
2020-08-17,17107,81,3007,110,0
2020-08-18,17150,43,2857,110,0
2020-08-19,17232,82,2699,111,1
2020-08-20,17249,17,2526,112,1
2020-08-21,17310,61,2378,112,0
2020-08-22,17374,64,2155,113,1
2020-08-23,17471,97,2057,113,0
2020-08-24,17506,35,1759,114,1
2020-08-25,17562,56,1540,114,0
2020-08-26,17603,41,1548,114,0
2020-08-27,17702,99,1448,115,1
2020-08-28,17797,95,1367,115,0
2020-08-29,17893,96,1338,115,0
2020-08-30,17948,55,1280,115,0
2020-08-31,18067,119,1251,117,2
2020-09-01,18103,36,1172,117,0
2020-09-02,18161,58,1111,117,0
2020-09-03,18208,47,1044,119,2
2020-09-04,18269,61,988,119,0
2020-09-05,18472,203,1030,119,0
2020-09-06,18588,116,997,119,0
2020-09-07,18701,113,983,119,0
2020-09-08,18778,77,971,119,0
2020-09-09,18815,37,926,119,0
2020-09-10,18869,54,866,119,0
2020-09-11,18916,47,837,119,0
2020-09-12,18987,71,822,120,1
2020-09-13,19013,26,781,120,0
2020-09-14,19066,53,772,120,0
2020-09-15,19100,34,752,120,0
2020-09-16,19132,32,723,120,0
2020-09-17,19158,26,708,120,0
2020-09-18,19200,42,688,120,0
2020-09-19,19269,69,757,120,0
2020-09-20,19320,51,740,120,0
2020-09-21,19327,7,577,120,0
2020-09-22,19343,16,541,120,0
2020-09-23,19430,87,435,120,0
2020-09-24,19501,71,378,120,0
2020-09-25,19556,55,371,120,0
2020-09-26,19600,44,358,120,0
2020-09-27,19629,29,346,120,0
2020-09-28,19641,12,319,120,0
2020-09-29,19669,28,308,120,0
2020-09-30,19724,55,313,120,0
2020-10-01,19755,31,315,120,0
2020-10-02,19793,38,316,120,0
2020-10-03,19849,56,308,120,0
2020-10-04,19882,33,313,120,0
2020-10-05,19885,3,275,120,0
2020-10-06,19903,18,244,120,0
2020-10-07,19935,32,265,120,0
2020-10-08,19982,47,236,120,0
2020-10-09,20036,54,220,120,0
2020-10-10,20128,92,256,120,0
2020-10-11,20154,26,236,120,0
2020-10-12,20155,1,204,120,0
2020-10-13,20183,28,203,120,0
2020-10-14,20217,34,225,120,0
2020-10-15,20257,40,239,120,0
2020-10-16,20275,18,201,121,1
2020-10-17,20301,26,197,121,0
2020-10-18,20323,22,181,121,0
2020-10-19,20324,1,174,121,0
2020-10-20,20342,18,177,121,0
2020-10-21,20363,21,172,121,0
2020-10-22,20390,27,181,121,0
2020-10-23,20405,15,184,121,0
2020-10-24,20429,24,171,121,0
2020-10-25,20470,41,182,122,1
2020-10-26,20486,16,152,122,0
2020-10-27,20488,2,137,122,0
2020-10-28,20555,67,190,124,2
2020-10-29,20628,73,194,124,0
2020-10-30,20692,64,219,124,0
2020-10-31,20716,24,225,126,2
