time,total_cases,daily_cases,total_currently_infected,total_death,death_per_day
2020-02-15,0,0,0,0,0
2020-02-16,0,0,0,0,0
2020-02-17,0,0,0,0,0
2020-02-18,0,0,0,0,0
2020-02-19,0,0,0,0,0
2020-02-20,0,0,0,0,0
2020-02-21,0,0,0,0,0
2020-02-22,0,0,0,0,0
2020-02-23,0,0,0,0,0
2020-02-24,0,0,0,0,0
2020-02-25,0,0,0,0,0
2020-02-26,0,0,0,0,0
2020-02-27,0,0,0,0,0
2020-02-28,0,0,0,0,0
2020-02-29,0,0,0,0,0
2020-03-01,0,0,0,0,0
2020-03-02,0,0,0,0,0
2020-03-03,0,0,0,0,0
2020-03-04,0,0,0,0,0
2020-03-05,0,0,0,0,0
2020-03-06,0,0,0,0,0
2020-03-07,0,0,0,0,0
2020-03-08,0,0,0,0,0
2020-03-09,0,0,0,0,0
2020-03-10,0,0,0,0,0
2020-03-11,0,0,0,0,0
2020-03-12,0,0,0,0,0
2020-03-13,1,0,1,0,0
2020-03-14,1,0,1,0,0
2020-03-15,3,2,3,0,0
2020-03-16,3,0,3,0,0
2020-03-17,4,1,4,0,0
2020-03-18,7,3,7,0,0
2020-03-19,7,0,7,0,0
2020-03-20,7,0,7,0,0
2020-03-21,7,0,7,0,0
2020-03-22,15,8,15,0,0
2020-03-23,16,1,16,0,0
2020-03-24,25,9,25,0,0
2020-03-25,28,3,27,0,0
2020-03-26,31,3,29,1,0
2020-03-27,31,0,29,1,0
2020-03-28,38,7,36,1,0
2020-03-29,42,4,40,1,0
2020-03-30,50,8,48,1,0
2020-03-31,59,9,57,1,0
2020-04-01,81,22,77,1,0
2020-04-02,110,29,103,3,2
2020-04-03,122,12,114,4,1
2020-04-04,126,4,118,4,0
2020-04-05,142,16,134,4,0
2020-04-06,158,16,148,6,2
2020-04-07,172,14,159,6,0
2020-04-08,179,7,164,6,0
2020-04-09,184,5,165,7,1
2020-04-10,189,5,160,7,0
2020-04-11,191,2,160,7,0
2020-04-12,197,6,164,8,1
2020-04-13,208,11,159,9,1
2020-04-14,216,8,166,9,0
2020-04-15,225,9,162,10,1
2020-04-16,234,9,170,11,1
2020-04-17,246,12,182,11,0
2020-04-18,262,16,190,12,1
2020-04-19,270,8,189,14,2
2020-04-20,281,11,198,14,0
2020-04-21,296,15,208,14,0
2020-04-22,303,7,215,14,0
2020-04-23,320,17,217,14,0
2020-04-24,336,16,228,14,0
2020-04-25,343,7,231,14,0
2020-04-26,355,12,235,14,0
2020-04-27,363,8,235,14,0
2020-04-28,374,11,236,14,0
2020-04-29,384,10,240,15,1
2020-04-30,396,12,235,17,2
2020-05-01,411,15,240,21,4
2020-05-02,435,24,261,22,1
2020-05-03,465,30,274,24,2
2020-05-04,490,25,293,24,0
2020-05-05,535,45,329,24,0
2020-05-06,582,47,366,26,2
2020-05-07,607,25,381,29,3
2020-05-08,621,14,390,29,0
2020-05-09,649,28,412,30,1
2020-05-10,672,23,401,32,2
2020-05-11,700,28,416,33,1
2020-05-12,715,15,420,36,3
2020-05-13,737,22,416,40,4
2020-05-14,758,21,432,42,2
2020-05-15,781,23,452,45,3
2020-05-16,830,49,479,50,5
2020-05-17,887,57,524,50,0
2020-05-18,912,25,526,50,0
2020-05-19,963,51,555,50,0
2020-05-20,1029,66,613,50,0
2020-05-21,1109,80,684,50,0
2020-05-22,1161,52,731,50,0
2020-05-23,1192,31,762,50,0
2020-05-24,1214,22,780,51,1
2020-05-25,1286,72,832,52,1
2020-05-26,1348,62,891,52,0
2020-05-27,1471,123,1008,55,3
2020-05-28,1618,147,1139,58,3
2020-05-29,1745,127,1245,62,4
2020-05-30,1888,143,1361,63,1
2020-05-31,1962,74,1420,64,1
2020-06-01,2021,59,1470,69,5
2020-06-02,2093,72,1523,71,2
2020-06-03,2216,123,1589,74,3
2020-06-04,2340,124,1670,78,4
2020-06-05,2474,134,1752,79,1
2020-06-06,2600,126,1811,83,4
2020-06-07,2767,167,1931,84,1
2020-06-08,2862,95,1928,85,1
2020-06-09,2989,127,2028,88,3
2020-06-10,3094,105,1957,89,1
2020-06-11,3215,121,2031,92,3
2020-06-12,3305,90,2045,96,4
2020-06-13,3457,152,2136,100,4
2020-06-14,3594,137,2238,103,3
2020-06-15,3727,133,2337,104,1
2020-06-16,3860,133,2427,105,1
2020-06-17,4044,184,2584,107,2
2020-06-18,4257,213,2681,117,10
2020-06-19,4374,117,2705,119,2
2020-06-20,4478,104,2771,121,2
2020-06-21,4738,260,3008,123,2
2020-06-22,4797,59,2992,125,2
2020-06-23,4952,155,3042,128,3
2020-06-24,5206,254,3253,130,2
2020-06-25,5384,178,3395,132,2
2020-06-26,5533,149,3491,137,5
2020-06-27,5811,278,3734,141,4
2020-06-28,6070,259,3956,143,2
2020-06-29,6190,120,4033,144,1
2020-06-30,6366,176,4179,148,4
2020-07-01,6673,307,4435,149,1
2020-07-02,6941,268,4680,152,3
2020-07-03,7188,247,4886,154,2
2020-07-04,7577,389,5182,159,5
2020-07-05,7886,309,5439,160,1
2020-07-06,8067,181,5489,164,4
2020-07-07,8250,183,5579,167,3
2020-07-08,8528,278,5766,169,2
2020-07-09,8975,447,6145,173,4
2020-07-10,9448,473,6534,181,8
2020-07-11,9726,278,6710,184,3
2020-07-12,10105,379,7039,185,1
2020-07-13,10294,189,7151,197,12
2020-07-14,10791,497,7572,202,5
2020-07-15,11252,461,7975,209,7
2020-07-16,11673,421,7818,217,8
2020-07-17,12062,389,7857,222,5
2020-07-18,12750,688,8085,225,3
2020-07-19,13353,603,7997,234,9
2020-07-20,13771,418,7917,238,4
2020-07-21,14168,397,7660,250,12
2020-07-22,14805,637,7788,260,10
2020-07-23,15601,796,8203,263,3
2020-07-24,16268,667,8548,274,11
2020-07-25,16643,375,8791,278,4
2020-07-26,17603,960,9580,280,2
2020-07-27,17975,372,9857,285,5
2020-07-28,18581,606,10374,299,14
2020-07-29,19125,544,10793,311,12
2020-07-30,19913,788,11467,325,14
2020-07-31,20636,723,12130,341,16
2020-08-01,21363,727,12580,364,23
2020-08-02,22053,690,13207,369,5
2020-08-03,22597,544,13475,382,13
2020-08-04,23202,605,13487,388,6
2020-08-05,23873,671,13552,391,3
2020-08-06,24411,538,13568,399,8
2020-08-07,25138,727,13607,413,14
2020-08-08,25837,699,13520,418,5
2020-08-09,26436,599,13055,420,2
2020-08-10,26928,492,13010,423,3
2020-08-11,27425,497,13120,438,15
2020-08-12,28104,679,13038,456,18
2020-08-13,28754,650,13194,460,4
2020-08-14,29334,580,13571,465,5
2020-08-15,29849,515,13407,472,7
2020-08-16,30120,271,12990,474,2
2020-08-17,30365,245,12723,482,8
2020-08-18,30636,271,12781,487,5
2020-08-19,31015,379,12897,506,19
2020-08-20,31441,426,13056,516,10
2020-08-21,31763,322,13074,532,16
2020-08-22,32118,355,13123,542,10
2020-08-23,32364,246,13146,548,6
2020-08-24,32557,193,13108,554,6
2020-08-25,32803,246,13189,559,5
2020-08-26,33016,213,13156,564,5
2020-08-27,33389,373,13454,567,3
2020-08-28,33630,241,13629,567,0
2020-08-29,33794,164,13632,572,5
2020-08-30,34057,263,13795,574,2
2020-08-31,34201,144,13731,577,3
2020-09-01,34315,114,13527,577,0
2020-09-02,34493,178,13701,581,4
2020-09-03,34705,212,13476,585,4
2020-09-04,34884,179,13236,589,4
2020-09-05,35020,136,13268,594,5
2020-09-06,35103,83,13276,597,3
2020-09-07,35205,102,13296,599,2
2020-09-08,35356,151,13274,599,0
2020-09-09,35460,104,13296,607,8
2020-09-10,35603,143,12944,612,5
2020-09-11,35793,190,12735,616,4
2020-09-12,35969,176,12579,619,3
2020-09-13,36157,188,12468,622,3
2020-09-14,36205,48,12338,624,2
2020-09-15,36301,96,12303,634,10
2020-09-16,36393,92,12227,637,3
2020-09-17,36576,183,12323,642,5
2020-09-18,36724,148,12369,646,4
2020-09-19,36829,105,12406,646,0
2020-09-20,36981,152,12446,648,2
2020-09-21,37079,98,12480,650,2
2020-09-22,37218,139,12412,659,9
2020-09-23,37348,130,12431,664,5
2020-09-24,37489,141,12486,669,5
2020-09-25,37707,218,12521,682,13
2020-09-26,37871,164,12601,689,7
2020-09-27,38115,244,12803,691,2
2020-09-28,38168,53,12787,700,9
2020-09-29,38378,210,12931,707,7
2020-09-30,38529,151,12910,711,4
2020-10-01,38713,184,12972,718,7
2020-10-02,38923,210,13084,725,7
2020-10-03,39184,261,13030,728,3
2020-10-04,39427,243,13037,731,3
2020-10-05,39449,22,11679,735,4
2020-10-06,39586,137,11512,743,8
2020-10-07,39907,321,8500,748,5
2020-10-08,40178,271,8717,751,3
2020-10-09,40620,442,8989,755,4
2020-10-10,41158,538,9461,760,5
2020-10-11,41546,388,9683,766,6
2020-10-12,41619,73,8842,777,11
2020-10-13,41937,318,9810,787,10
2020-10-14,42541,604,10316,797,10
2020-10-15,43143,602,10830,805,8
2020-10-16,43580,437,11119,813,8
2020-10-17,44196,616,11619,825,12
2020-10-18,44881,685,12192,832,7
2020-10-19,45076,195,12153,839,7
2020-10-20,45647,571,12283,842,3
2020-10-21,46144,497,12526,858,16
2020-10-22,47212,1068,13292,870,12
2020-10-23,47843,631,13538,884,14
2020-10-24,48790,947,14018,896,12
2020-10-25,49721,931,14610,902,6
2020-10-26,49997,276,14648,920,18
2020-10-27,50833,836,15067,934,14
2020-10-28,51851,1018,15643,950,16
2020-10-29,52612,761,16044,964,14
2020-10-30,53797,1185,16940,981,17
2020-10-31,55192,1395,18320,996,15
