time,total_cases,daily_cases,total_currently_infected,total_death,death_per_day
2020-02-15,0,0,0,0,0
2020-02-16,0,0,0,0,0
2020-02-17,0,0,0,0,0
2020-02-18,0,0,0,0,0
2020-02-19,0,0,0,0,0
2020-02-20,0,0,0,0,0
2020-02-21,0,0,0,0,0
2020-02-22,0,0,0,0,0
2020-02-23,0,0,0,0,0
2020-02-24,0,0,0,0,0
2020-02-25,0,0,0,0,0
2020-02-26,0,0,0,0,0
2020-02-27,0,0,0,0,0
2020-02-28,1,1,1,0,0
2020-02-29,1,0,1,0,0
2020-03-01,1,0,1,0,0
2020-03-02,1,0,1,0,0
2020-03-03,1,0,1,0,0
2020-03-04,1,0,1,0,0
2020-03-05,1,0,1,0,0
2020-03-06,1,0,1,0,0
2020-03-07,1,0,1,0,0
2020-03-08,1,0,1,0,0
2020-03-09,1,0,1,0,0
2020-03-10,3,2,3,0,0
2020-03-11,3,0,3,0,0
2020-03-12,3,0,3,0,0
2020-03-13,6,3,6,0,0
2020-03-14,9,3,8,0,0
2020-03-15,14,5,13,0,0
2020-03-16,18,4,17,0,0
2020-03-17,26,8,25,0,0
2020-03-18,34,8,33,0,0
2020-03-19,48,14,47,0,0
2020-03-20,69,21,67,1,1
2020-03-21,99,30,97,1,0
2020-03-22,143,44,141,1,0
2020-03-23,179,36,177,1,0
2020-03-24,209,30,206,2,1
2020-03-25,274,65,269,4,2
2020-03-26,299,25,294,4,0
2020-03-27,358,59,352,5,1
2020-03-28,394,36,386,7,2
2020-03-29,460,66,452,7,0
2020-03-30,491,31,477,7,0
2020-03-31,537,46,522,8,1
2020-04-01,581,44,566,8,0
2020-04-02,649,68,633,9,1
2020-04-03,696,47,680,9,0
2020-04-04,771,75,753,11,2
2020-04-05,811,40,791,13,2
2020-04-06,843,32,820,15,2
2020-04-07,880,37,857,15,0
2020-04-08,912,32,889,15,0
2020-04-09,955,43,931,16,1
2020-04-10,999,44,923,22,6
2020-04-11,1026,27,949,23,1
2020-04-12,1053,27,933,23,0
2020-04-13,1062,9,937,24,1
2020-04-14,1070,8,940,29,5
2020-04-15,1091,21,923,30,1
2020-04-16,1128,37,918,32,2
2020-04-17,1149,21,906,33,1
2020-04-18,1239,90,978,33,0
2020-04-19,1298,59,1021,35,2
2020-04-20,1326,28,1047,37,2
2020-04-21,1350,24,1014,38,1
2020-04-22,1370,20,975,38,0
2020-04-23,1398,28,959,40,2
2020-04-24,1410,12,940,40,0
2020-04-25,1426,16,925,41,1
2020-04-26,1438,12,930,41,0
2020-04-27,1449,11,934,41,0
2020-04-28,1344,-105,764,44,3
2020-04-29,1375,31,767,45,1
2020-04-30,1385,10,751,45,0
2020-05-01,1399,14,760,45,0
2020-05-02,1406,7,728,46,1
2020-05-03,1410,4,729,46,0
2020-05-04,1419,9,735,46,0
2020-05-05,1423,4,699,46,0
2020-05-06,1428,5,662,48,2
2020-05-07,1433,5,645,49,1
2020-05-08,1436,3,622,49,0
2020-05-09,1444,8,567,49,0
2020-05-10,1479,35,601,50,1
2020-05-11,1485,6,602,50,0
2020-05-12,1491,6,591,50,0
2020-05-13,1505,14,543,54,4
2020-05-14,1511,6,523,54,0
2020-05-15,1523,12,504,54,0
2020-05-16,1534,11,491,55,1
2020-05-17,1541,7,488,56,1
2020-05-18,1547,6,491,59,3
2020-05-19,1562,15,477,60,1
2020-05-20,1577,15,468,60,0
2020-05-21,1593,16,483,61,1
2020-05-22,1604,11,432,61,0
2020-05-23,1616,12,418,63,2
2020-05-24,1623,7,422,63,0
2020-05-25,1635,12,434,63,0
2020-05-26,1639,4,409,65,2
2020-05-27,1647,8,397,66,1
2020-05-28,1656,9,395,68,2
2020-05-29,1662,6,378,68,0
2020-05-30,1670,8,371,70,2
2020-05-31,1675,5,369,70,0
2020-06-01,1678,3,372,70,0
2020-06-02,1682,4,362,71,1
2020-06-03,1684,2,353,71,0
2020-06-04,1687,3,343,71,0
2020-06-05,1694,7,321,71,0
2020-06-06,1705,11,313,71,0
2020-06-07,1714,9,315,71,0
2020-06-08,1720,6,318,71,0
2020-06-09,1727,7,317,72,1
2020-06-10,1733,6,290,74,2
2020-06-11,1752,19,306,74,0
2020-06-12,1756,4,282,74,0
2020-06-13,1763,7,272,75,1
2020-06-14,1768,5,266,75,0
2020-06-15,1773,5,268,76,1
2020-06-16,1776,3,259,76,0
2020-06-17,1778,2,255,76,0
2020-06-18,1784,6,259,76,0
2020-06-19,1792,8,254,76,0
2020-06-20,1795,3,249,76,0
2020-06-21,1798,3,247,76,0
2020-06-22,1801,3,250,76,0
2020-06-23,1803,2,243,77,1
2020-06-24,1804,1,242,78,1
2020-06-25,1806,2,234,78,0
2020-06-26,1808,2,229,78,0
2020-06-27,1813,5,232,78,0
2020-06-28,1815,2,234,78,0
2020-06-29,1816,1,226,78,0
2020-06-30,1817,1,224,78,0
2020-07-01,1818,1,216,78,0
2020-07-02,1825,7,211,78,0
2020-07-03,1828,3,210,79,1
2020-07-04,1831,3,207,79,0
2020-07-05,1836,5,212,79,0
2020-07-06,1841,5,215,79,0
2020-07-07,1844,3,218,79,0
2020-07-08,1854,10,223,79,0
2020-07-09,1857,3,214,79,0
2020-07-10,1861,4,213,79,0
2020-07-11,1861,0,211,79,0
2020-07-12,1861,0,211,79,0
2020-07-13,1861,0,211,79,0
2020-07-14,1861,0,211,79,0
2020-07-15,1896,35,235,79,0
2020-07-16,1902,6,230,79,0
2020-07-17,1908,6,234,79,0
2020-07-18,1915,7,235,80,1
2020-07-19,1932,17,252,80,0
2020-07-20,1947,15,266,80,0
2020-07-21,1949,2,268,80,0
2020-07-22,1951,2,264,80,0
2020-07-23,1960,9,269,80,0
2020-07-24,1986,26,290,80,0
2020-07-25,2001,15,305,80,0
2020-07-26,2008,7,312,80,0
2020-07-27,2019,11,319,80,0
2020-07-28,2027,8,324,80,0
2020-07-29,2043,16,320,80,0
2020-07-30,2062,19,339,80,0
2020-07-31,2075,13,351,80,0
2020-08-01,2093,18,369,80,0
2020-08-02,2110,17,386,80,0
2020-08-03,2120,10,395,80,0
2020-08-04,2137,17,410,80,0
2020-08-05,2147,10,416,81,1
2020-08-06,2171,24,434,81,0
2020-08-07,2194,23,455,81,0
2020-08-08,2231,37,482,81,0
2020-08-09,2252,21,501,81,0
2020-08-10,2265,13,514,81,0
2020-08-11,2283,18,523,81,0
2020-08-12,2309,26,545,81,0
2020-08-13,2330,21,560,81,0
2020-08-14,2352,22,580,81,0
2020-08-15,2386,34,601,81,0
2020-08-16,2416,30,631,81,0
2020-08-17,2436,20,650,81,0
2020-08-18,2474,38,660,81,0
2020-08-19,2496,22,676,81,0
2020-08-20,2528,32,699,82,1
2020-08-21,2564,36,726,83,1
2020-08-22,2594,30,744,84,1
2020-08-23,2635,41,785,84,0
2020-08-24,2673,38,822,85,1
2020-08-25,2694,21,824,85,0
2020-08-26,2726,32,847,85,0
2020-08-27,2762,36,875,85,0
2020-08-28,2810,48,908,86,1
2020-08-29,2839,29,920,86,0
2020-08-30,2874,35,951,86,0
2020-08-31,2906,32,980,86,0
2020-09-01,2929,23,986,86,0
2020-09-02,2958,29,998,86,0
2020-09-03,2978,20,991,86,0
2020-09-04,3004,26,998,86,0
2020-09-05,3040,36,1002,86,0
2020-09-06,3083,43,1043,86,0
2020-09-07,3100,17,1059,86,0
2020-09-08,3131,31,1051,86,0
2020-09-09,3163,32,1069,86,0
2020-09-10,3199,36,1083,86,0
2020-09-11,3243,44,1108,86,0
2020-09-12,3296,53,1140,86,0
2020-09-13,3335,39,1178,87,1
2020-09-14,3386,51,1228,87,0
2020-09-15,3397,11,1216,87,0
2020-09-16,3442,45,1230,87,0
2020-09-17,3504,62,1268,87,0
2020-09-18,3565,61,1297,87,0
2020-09-19,3664,99,1380,87,0
2020-09-20,3744,80,1459,87,0
2020-09-21,3814,70,1528,87,0
2020-09-22,3859,45,1547,87,0
2020-09-23,3932,73,1599,87,0
2020-09-24,4070,138,1728,89,2
2020-09-25,4184,114,1797,89,0
2020-09-26,4295,111,1887,89,0
2020-09-27,4385,90,1967,91,2
2020-09-28,4490,105,2071,92,1
2020-09-29,4578,88,2137,92,0
2020-09-30,4693,115,2236,92,0
2020-10-01,4784,91,2268,92,0
2020-10-02,4956,172,2397,93,1
2020-10-03,5081,125,2493,94,1
2020-10-04,5185,104,2596,94,0
2020-10-05,5285,100,2694,94,0
2020-10-06,5366,81,2721,99,5
2020-10-07,5483,117,2782,101,2
2020-10-08,5625,142,2863,102,1
2020-10-09,5758,133,2933,103,1
2020-10-10,5962,204,3108,103,0
2020-10-11,6122,160,3242,103,0
2020-10-12,6248,126,3352,103,0
2020-10-13,6366,118,3418,106,3
2020-10-14,6505,139,3493,109,3
2020-10-15,6760,255,3667,110,1
2020-10-16,7041,281,3894,112,2
2020-10-17,7269,228,4059,113,1
2020-10-18,7521,252,4311,113,0
2020-10-19,7726,205,4503,113,0
2020-10-20,7928,202,4534,118,5
2020-10-21,8239,311,4520,120,2
2020-10-22,8662,423,4764,125,5
2020-10-23,9104,442,5000,126,1
2020-10-24,9578,474,5434,129,3
2020-10-25,10183,605,5976,134,5
2020-10-26,10949,766,6647,136,2
2020-10-27,11362,413,6892,141,5
2020-10-28,12138,776,7492,144,3
2020-10-29,13088,950,8356,150,6
2020-10-30,13823,735,8975,157,7
2020-10-31,14824,1001,9787,165,8
