time,total_cases,daily_cases,total_currently_infected,total_death,death_per_day
2020-02-15,28,0,19,0,0
2020-02-16,29,1,20,0,0
2020-02-17,30,1,20,0,0
2020-02-18,31,1,19,0,0
2020-02-19,58,27,42,0,0
2020-02-20,111,53,94,1,1
2020-02-21,209,98,190,2,1
2020-02-22,436,227,416,2,0
2020-02-23,602,166,578,6,4
2020-02-24,833,231,803,8,2
2020-02-25,977,144,944,11,3
2020-02-26,1261,284,1225,12,1
2020-02-27,1766,505,1729,13,1
2020-02-28,2337,571,2297,16,3
2020-02-29,3150,813,3109,17,1
2020-03-01,3736,586,3685,21,4
2020-03-02,4335,599,4277,28,7
2020-03-03,5186,851,5120,32,4
2020-03-04,5621,435,5498,35,3
2020-03-05,6284,663,6107,42,7
2020-03-06,6593,309,6415,43,1
2020-03-07,7041,448,6875,48,5
2020-03-08,7313,272,7097,50,2
2020-03-09,7478,165,7178,53,3
2020-03-10,7513,35,7165,60,7
2020-03-11,7755,242,7362,60,0
2020-03-12,7869,114,7293,66,6
2020-03-13,7979,110,7198,67,1
2020-03-14,8086,107,7180,72,5
2020-03-15,8162,76,7253,75,3
2020-03-16,8236,74,7024,75,0
2020-03-17,8320,84,6838,81,6
2020-03-18,8413,93,6789,84,3
2020-03-19,8565,152,6527,91,7
2020-03-20,8652,87,6325,94,3
2020-03-21,8799,147,6085,102,8
2020-03-22,8897,98,5884,104,2
2020-03-23,8961,64,5684,111,7
2020-03-24,9037,76,5410,120,9
2020-03-25,9137,100,5281,126,6
2020-03-26,9241,104,4966,131,5
2020-03-27,9332,91,4665,139,8
2020-03-28,9478,146,4523,144,5
2020-03-29,9583,105,4398,152,8
2020-03-30,9661,78,4275,158,6
2020-03-31,9786,125,4216,162,4
2020-04-01,9887,101,4155,165,3
2020-04-02,9976,89,3979,169,4
2020-04-03,10062,86,3867,174,5
2020-04-04,10156,94,3654,177,3
2020-04-05,10237,81,3591,183,6
2020-04-06,10284,47,3500,186,3
2020-04-07,10331,47,3445,192,6
2020-04-08,10384,53,3408,200,8
2020-04-09,10423,39,3246,204,4
2020-04-10,10450,27,3125,208,4
2020-04-11,10480,30,3026,211,3
2020-04-12,10512,32,2930,214,3
2020-04-13,10537,25,2873,217,3
2020-04-14,10564,27,2808,222,5
2020-04-15,10591,27,2750,225,3
2020-04-16,10613,22,2627,229,4
2020-04-17,10635,22,2576,230,1
2020-04-18,10653,18,2484,232,2
2020-04-19,10661,8,2385,234,2
2020-04-20,10674,13,2324,236,2
2020-04-21,10683,9,2233,237,1
2020-04-22,10694,11,2179,238,1
2020-04-23,10702,8,2051,240,2
2020-04-24,10708,6,1967,240,0
2020-04-25,10718,10,1843,240,0
2020-04-26,10728,10,1769,242,2
2020-04-27,10738,10,1731,243,1
2020-04-28,10752,14,1654,244,1
2020-04-29,10761,9,1593,246,2
2020-04-30,10765,4,1459,247,1
2020-05-01,10774,9,1454,248,1
2020-05-02,10780,6,1407,250,2
2020-05-03,10793,13,1360,250,0
2020-05-04,10801,8,1332,252,2
2020-05-05,10804,3,1267,254,2
2020-05-06,10806,2,1218,255,1
2020-05-07,10810,4,1135,256,1
2020-05-08,10822,12,1082,256,0
2020-05-09,10840,18,1016,256,0
2020-05-10,10874,34,1008,256,0
2020-05-11,10909,35,1021,256,0
2020-05-12,10936,27,1008,258,2
2020-05-13,10962,26,1008,259,1
2020-05-14,10991,29,969,260,1
2020-05-15,11018,27,937,260,0
2020-05-16,11037,19,924,262,2
2020-05-17,11050,13,900,262,0
2020-05-18,11065,15,898,263,1
2020-05-19,11078,13,877,263,0
2020-05-20,11110,32,781,263,0
2020-05-21,11122,12,723,264,1
2020-05-22,11142,20,716,264,0
2020-05-23,11165,23,705,266,2
2020-05-24,11190,25,711,266,0
2020-05-25,11206,16,713,267,1
2020-05-26,11225,19,681,269,2
2020-05-27,11265,40,701,269,0
2020-05-28,11344,79,735,269,0
2020-05-29,11402,58,770,269,0
2020-05-30,11441,39,774,269,0
2020-05-31,11468,27,793,270,1
2020-06-01,11503,35,810,271,1
2020-06-02,11541,38,823,272,1
2020-06-03,11590,49,850,273,1
2020-06-04,11629,39,857,273,0
2020-06-05,11668,39,889,273,0
2020-06-06,11719,51,915,273,0
2020-06-07,11776,57,951,273,0
2020-06-08,11814,38,978,273,0
2020-06-09,11852,38,989,274,1
2020-06-10,11902,50,1015,276,2
2020-06-11,11947,45,1017,276,0
2020-06-12,12003,56,1057,277,1
2020-06-13,12051,48,1083,277,0
2020-06-14,12085,34,1090,277,0
2020-06-15,12121,36,1114,277,0
2020-06-16,12155,34,1117,278,1
2020-06-17,12198,43,1145,279,1
2020-06-18,12257,59,1177,280,1
2020-06-19,12306,49,1191,280,0
2020-06-20,12373,67,1237,280,0
2020-06-21,12421,48,1273,280,0
2020-06-22,12438,17,1277,280,0
2020-06-23,12484,46,1295,281,1
2020-06-24,12535,51,1324,281,0
2020-06-25,12563,28,1307,282,1
2020-06-26,12602,39,1148,282,0
2020-06-27,12653,51,1054,282,0
2020-06-28,12715,62,1069,282,0
2020-06-29,12757,42,1046,282,0
2020-06-30,12800,43,981,282,0
2020-07-01,12850,50,955,282,0
2020-07-02,12904,54,938,282,0
2020-07-03,12967,63,926,282,0
2020-07-04,13030,63,936,283,1
2020-07-05,13091,61,976,283,0
2020-07-06,13137,46,1005,284,1
2020-07-07,13181,44,982,285,1
2020-07-08,13243,62,988,285,0
2020-07-09,13293,50,987,287,2
2020-07-10,13338,45,985,288,1
2020-07-11,13373,35,941,288,0
2020-07-12,13417,44,950,289,1
2020-07-13,13479,62,986,289,0
2020-07-14,13512,33,941,289,0
2020-07-15,13551,39,914,289,0
2020-07-16,13612,61,925,291,2
2020-07-17,13672,60,919,293,2
2020-07-18,13711,39,898,294,1
2020-07-19,13745,34,894,295,1
2020-07-20,13771,26,903,296,1
2020-07-21,13816,45,877,296,0
2020-07-22,13879,63,884,297,1
2020-07-23,13938,59,883,297,0
2020-07-24,13979,41,864,298,1
2020-07-25,14092,113,928,298,0
2020-07-26,14150,58,962,298,0
2020-07-27,14175,25,971,299,1
2020-07-28,14203,28,896,300,1
2020-07-29,14251,48,882,300,0
2020-07-30,14269,18,837,300,0
2020-07-31,14305,36,821,301,1
2020-08-01,14336,31,802,301,0
2020-08-02,14366,30,806,301,0
2020-08-03,14389,23,808,301,0
2020-08-04,14423,34,770,301,0
2020-08-05,14456,33,748,302,1
2020-08-06,14499,43,696,302,0
2020-08-07,14519,20,673,303,1
2020-08-08,14562,43,629,304,1
2020-08-09,14598,36,651,305,1
2020-08-10,14626,28,663,305,0
2020-08-11,14660,34,626,305,0
2020-08-12,14714,54,623,305,0
2020-08-13,14770,56,648,305,0
2020-08-14,14873,103,705,305,0
2020-08-15,15039,166,833,305,0
2020-08-16,15318,279,1103,305,0
2020-08-17,15515,197,1293,305,0
2020-08-18,15761,246,1521,306,1
2020-08-19,16058,297,1746,306,0
2020-08-20,16346,288,1976,307,1
2020-08-21,16670,324,2241,309,2
2020-08-22,17002,332,2524,309,0
2020-08-23,17399,397,2890,309,0
2020-08-24,17665,266,3137,309,0
2020-08-25,17945,280,3349,310,1
2020-08-26,18265,320,3585,312,2
2020-08-27,18706,441,3932,313,1
2020-08-28,19077,371,4210,316,3
2020-08-29,19400,323,4314,321,5
2020-08-30,19699,299,4473,323,2
2020-08-31,19947,248,4650,324,1
2020-09-01,20182,235,4660,324,0
2020-09-02,20449,267,4767,326,2
2020-09-03,20644,195,4786,329,3
2020-09-04,20842,198,4728,331,2
2020-09-05,21010,168,4668,333,2
2020-09-06,21177,167,4697,334,1
2020-09-07,21296,119,4663,336,2
2020-09-08,21432,136,4455,341,5
2020-09-09,21588,156,4221,344,3
2020-09-10,21743,155,4037,346,2
2020-09-11,21919,176,3953,350,4
2020-09-12,22055,136,3671,355,5
2020-09-13,22176,121,3592,358,3
2020-09-14,22285,109,3433,363,5
2020-09-15,22391,106,3146,367,4
2020-09-16,22504,113,2827,367,0
2020-09-17,22657,153,2742,372,5
2020-09-18,22783,126,2635,377,5
2020-09-19,22893,110,2545,378,1
2020-09-20,22975,82,2434,383,5
2020-09-21,23045,70,2412,385,2
2020-09-22,23106,61,2277,388,3
2020-09-23,23216,110,2178,388,0
2020-09-24,23341,125,2116,393,5
2020-09-25,23455,114,2082,395,2
2020-09-26,23516,61,1951,399,4
2020-09-27,23611,95,1962,401,2
2020-09-28,23661,50,1963,406,5
2020-09-29,23699,38,1822,407,1
2020-09-30,23812,113,1808,413,6
2020-10-01,23889,77,1808,415,2
2020-10-02,23952,63,1803,416,1
2020-10-03,24027,75,1820,420,4
2020-10-04,24091,64,1825,421,1
2020-10-05,24164,73,1856,422,1
2020-10-06,24239,75,1734,422,0
2020-10-07,24353,114,1594,425,3
2020-10-08,24422,69,1532,427,2
2020-10-09,24476,54,1479,428,1
2020-10-10,24548,72,1494,430,2
2020-10-11,24606,58,1481,432,2
2020-10-12,24703,97,1541,433,1
2020-10-13,24805,102,1508,434,1
2020-10-14,24878,73,1410,438,4
2020-10-15,24988,110,1467,439,1
2020-10-16,25035,47,1414,441,2
2020-10-17,25108,73,1407,443,2
2020-10-18,25199,91,1443,444,1
2020-10-19,25275,76,1463,444,0
2020-10-20,25333,58,1420,447,3
2020-10-21,25424,91,1390,450,3
2020-10-22,25543,119,1443,453,3
2020-10-23,25698,155,1526,455,2
2020-10-24,25775,77,1484,457,2
2020-10-25,25836,61,1510,457,0
2020-10-26,25955,119,1593,457,0
2020-10-27,26043,88,1602,460,3
2020-10-28,26146,103,1612,461,1
2020-10-29,26271,125,1641,462,1
2020-10-30,26385,114,1695,463,1
2020-10-31,26511,126,1736,464,1
