date,total_cases,total_death,daily_cases,total_currently_infected,death_per_day
2020-03-21T00:00:00.000Z,1,0,1.0,1,0.0
2020-03-22T00:00:00.000Z,1,0,0.0,1,0.0
2020-03-23T00:00:00.000Z,1,0,0.0,1,0.0
2020-03-24T00:00:00.000Z,1,0,0.0,1,0.0
2020-03-25T00:00:00.000Z,1,0,0.0,1,0.0
2020-03-26T00:00:00.000Z,1,0,0.0,1,0.0
2020-03-27T00:00:00.000Z,1,0,0.0,1,0.0
2020-03-28T00:00:00.000Z,1,0,0.0,1,0.0
2020-03-29T00:00:00.000Z,1,0,0.0,1,0.0
2020-03-30T00:00:00.000Z,1,0,0.0,1,0.0
2020-03-31T00:00:00.000Z,1,0,0.0,0,0.0
2020-04-01T00:00:00.000Z,1,0,0.0,0,0.0
2020-04-02T00:00:00.000Z,1,0,0.0,0,0.0
2020-04-03T00:00:00.000Z,1,0,0.0,0,0.0
2020-04-04T00:00:00.000Z,2,0,1.0,1,0.0
2020-04-05T00:00:00.000Z,2,0,0.0,1,0.0
2020-04-06T00:00:00.000Z,2,0,0.0,1,0.0
2020-04-07T00:00:00.000Z,2,0,0.0,1,0.0
2020-04-08T00:00:00.000Z,3,0,1.0,2,0.0
2020-04-09T00:00:00.000Z,3,0,0.0,2,0.0
2020-04-10T00:00:00.000Z,3,0,0.0,2,0.0
2020-04-11T00:00:00.000Z,3,0,0.0,2,0.0
2020-04-12T00:00:00.000Z,4,0,1.0,3,0.0
2020-04-13T00:00:00.000Z,4,0,0.0,3,0.0
2020-04-14T00:00:00.000Z,11,0,7.0,9,0.0
2020-04-15T00:00:00.000Z,11,0,0.0,9,0.0
2020-04-16T00:00:00.000Z,13,0,2.0,10,0.0
2020-04-17T00:00:00.000Z,13,0,0.0,10,0.0
2020-04-18T00:00:00.000Z,13,0,0.0,10,0.0
2020-04-19T00:00:00.000Z,13,0,0.0,10,0.0
2020-04-20T00:00:00.000Z,13,0,0.0,10,0.0
2020-04-21T00:00:00.000Z,20,0,7.0,17,0.0
2020-04-22T00:00:00.000Z,20,0,0.0,17,0.0
2020-04-23T00:00:00.000Z,20,0,0.0,17,0.0
2020-04-24T00:00:00.000Z,29,0,9.0,25,0.0
2020-04-25T00:00:00.000Z,29,0,0.0,25,0.0
2020-04-26T00:00:00.000Z,29,0,0.0,25,0.0
2020-04-27T00:00:00.000Z,31,0,2.0,27,0.0
2020-04-28T00:00:00.000Z,33,0,2.0,29,0.0
2020-04-29T00:00:00.000Z,40,0,7.0,31,0.0
2020-04-30T00:00:00.000Z,40,0,0.0,29,0.0
2020-05-01T00:00:00.000Z,45,0,5.0,34,0.0
2020-05-02T00:00:00.000Z,49,0,4.0,38,0.0
2020-05-03T00:00:00.000Z,51,0,2.0,40,0.0
2020-05-04T00:00:00.000Z,52,0,1.0,36,0.0
2020-05-05T00:00:00.000Z,55,0,3.0,36,0.0
2020-05-06T00:00:00.000Z,56,0,1.0,34,0.0
2020-05-07T00:00:00.000Z,61,0,5.0,37,0.0
2020-05-08T00:00:00.000Z,65,0,4.0,36,0.0
2020-05-09T00:00:00.000Z,71,0,6.0,38,0.0
2020-05-10T00:00:00.000Z,73,0,2.0,40,0.0
2020-05-11T00:00:00.000Z,79,0,6.0,44,0.0
2020-05-12T00:00:00.000Z,84,0,5.0,47,0.0
2020-05-13T00:00:00.000Z,86,0,2.0,48,0.0
2020-05-14T00:00:00.000Z,95,0,9.0,55,0.0
2020-05-15T00:00:00.000Z,103,0,8.0,60,0.0
2020-05-16T00:00:00.000Z,109,0,6.0,66,0.0
2020-05-17T00:00:00.000Z,111,0,2.0,67,0.0
2020-05-18T00:00:00.000Z,119,0,8.0,73,0.0
2020-05-19T00:00:00.000Z,130,0,11.0,78,0.0
2020-05-20T00:00:00.000Z,133,0,3.0,79,0.0
2020-05-21T00:00:00.000Z,150,0,17.0,92,0.0
2020-05-22T00:00:00.000Z,169,0,19.0,109,0.0
2020-05-23T00:00:00.000Z,177,0,8.0,109,0.0
2020-05-24T00:00:00.000Z,179,0,2.0,107,0.0
2020-05-25T00:00:00.000Z,183,0,4.0,104,0.0
2020-05-26T00:00:00.000Z,189,0,6.0,109,0.0
2020-05-27T00:00:00.000Z,192,0,3.0,107,0.0
2020-05-28T00:00:00.000Z,199,0,7.0,107,0.0
2020-05-29T00:00:00.000Z,202,0,3.0,108,0.0
2020-05-30T00:00:00.000Z,231,0,29.0,126,0.0
2020-05-31T00:00:00.000Z,231,0,0.0,116,0.0
2020-06-01T00:00:00.000Z,245,0,14.0,127,0.0
2020-06-02T00:00:00.000Z,252,0,7.0,118,0.0
2020-06-03T00:00:00.000Z,255,0,3.0,111,0.0
2020-06-04T00:00:00.000Z,259,0,4.0,111,0.0
2020-06-05T00:00:00.000Z,268,0,9.0,115,0.0
2020-06-06T00:00:00.000Z,280,0,12.0,122,0.0
2020-06-07T00:00:00.000Z,288,0,8.0,108,0.0
2020-06-08T00:00:00.000Z,306,0,18.0,123,0.0
2020-06-09T00:00:00.000Z,314,0,8.0,114,0.0
2020-06-10T00:00:00.000Z,330,0,16.0,130,0.0
2020-06-11T00:00:00.000Z,344,0,14.0,136,0.0
2020-06-12T00:00:00.000Z,355,0,11.0,143,0.0
2020-06-13T00:00:00.000Z,369,0,14.0,155,0.0
2020-06-14T00:00:00.000Z,384,0,15.0,164,0.0
2020-06-15T00:00:00.000Z,404,0,20.0,162,0.0
2020-06-16T00:00:00.000Z,413,0,9.0,169,0.0
2020-06-17T00:00:00.000Z,422,0,9.0,174,0.0
2020-06-18T00:00:00.000Z,441,0,19.0,189,0.0
2020-06-19T00:00:00.000Z,473,0,32.0,215,0.0
2020-06-20T00:00:00.000Z,501,0,28.0,229,0.0
2020-06-21T00:00:00.000Z,528,0,27.0,250,0.0
2020-06-22T00:00:00.000Z,571,0,43.0,281,0.0
2020-06-23T00:00:00.000Z,591,0,20.0,279,0.0
2020-06-24T00:00:00.000Z,625,0,34.0,292,0.0
2020-06-25T00:00:00.000Z,660,1,35.0,315,1.0
2020-06-26T00:00:00.000Z,679,1,19.0,322,0.0
2020-06-27T00:00:00.000Z,700,1,21.0,314,0.0
2020-06-28T00:00:00.000Z,739,1,39.0,340,0.0
2020-06-29T00:00:00.000Z,753,1,14.0,333,0.0
2020-06-30T00:00:00.000Z,786,1,33.0,359,0.0
2020-07-01T00:00:00.000Z,794,1,8.0,342,0.0
2020-07-02T00:00:00.000Z,834,1,40.0,379,0.0
2020-07-03T00:00:00.000Z,864,1,30.0,358,0.0
2020-07-04T00:00:00.000Z,905,1,41.0,388,0.0
2020-07-05T00:00:00.000Z,947,1,42.0,419,0.0
2020-07-06T00:00:00.000Z,1000,1,53.0,450,0.0
2020-07-07T00:00:00.000Z,1058,1,58.0,490,0.0
2020-07-08T00:00:00.000Z,1119,1,61.0,519,0.0
2020-07-09T00:00:00.000Z,1180,2,61.0,569,1.0
2020-07-10T00:00:00.000Z,1240,2,60.0,614,0.0
2020-07-11T00:00:00.000Z,1303,2,63.0,668,0.0
2020-07-12T00:00:00.000Z,1368,2,65.0,725,0.0
2020-07-13T00:00:00.000Z,1432,2,64.0,774,0.0
2020-07-14T00:00:00.000Z,1490,2,58.0,818,0.0
2020-07-15T00:00:00.000Z,1546,3,56.0,824,1.0
2020-07-16T00:00:00.000Z,1601,3,55.0,831,0.0
2020-07-17T00:00:00.000Z,1653,3,52.0,857,0.0
2020-07-18T00:00:00.000Z,1703,3,50.0,886,0.0
2020-07-19T00:00:00.000Z,1752,3,49.0,915,0.0
2020-07-20T00:00:00.000Z,1803,3,51.0,942,0.0
2020-07-21T00:00:00.000Z,1850,3,47.0,933,0.0
2020-07-22T00:00:00.000Z,1894,7,44.0,912,4.0
2020-07-23T00:00:00.000Z,1936,7,42.0,914,0.0
2020-07-24T00:00:00.000Z,1979,7,43.0,880,0.0
2020-07-25T00:00:00.000Z,2017,7,38.0,830,0.0
2020-07-26T00:00:00.000Z,2055,7,38.0,832,0.0
2020-07-27T00:00:00.000Z,2091,7,36.0,837,0.0
2020-07-28T00:00:00.000Z,2126,9,35.0,773,2.0
2020-07-29T00:00:00.000Z,2163,9,37.0,704,0.0
2020-07-30T00:00:00.000Z,2199,9,36.0,656,0.0
2020-07-31T00:00:00.000Z,2234,9,35.0,615,0.0
2020-08-01T00:00:00.000Z,2267,10,33.0,582,1.0
2020-08-02T00:00:00.000Z,2303,10,36.0,614,0.0
2020-08-03T00:00:00.000Z,2336,10,33.0,628,0.0
2020-08-04T00:00:00.000Z,2368,10,32.0,609,0.0
2020-08-05T00:00:00.000Z,2398,10,30.0,590,0.0
2020-08-06T00:00:00.000Z,2426,10,28.0,544,0.0
2020-08-07T00:00:00.000Z,2450,10,24.0,516,0.0
2020-08-08T00:00:00.000Z,2471,10,21.0,487,0.0
2020-08-09T00:00:00.000Z,2490,10,19.0,506,0.0
2020-08-10T00:00:00.000Z,2507,10,17.0,463,0.0
2020-08-11T00:00:00.000Z,2523,10,16.0,400,0.0
2020-08-12T00:00:00.000Z,2541,11,18.0,385,1.0
2020-08-13T00:00:00.000Z,2558,12,17.0,381,1.0
2020-08-14T00:00:00.000Z,2578,13,20.0,378,1.0
2020-08-15T00:00:00.000Z,2601,14,23.0,360,1.0
2020-08-16T00:00:00.000Z,2628,14,27.0,384,0.0
2020-08-17T00:00:00.000Z,2654,14,26.0,399,0.0
2020-08-18T00:00:00.000Z,2679,14,25.0,398,0.0
2020-08-19T00:00:00.000Z,2703,15,24.0,390,1.0
2020-08-20T00:00:00.000Z,2729,16,26.0,376,1.0
2020-08-21T00:00:00.000Z,2752,17,23.0,369,1.0
2020-08-22T00:00:00.000Z,2777,17,25.0,376,0.0
2020-08-23T00:00:00.000Z,2800,17,23.0,397,0.0
2020-08-24T00:00:00.000Z,2824,17,24.0,421,0.0
2020-08-25T00:00:00.000Z,2846,17,22.0,412,0.0
2020-08-26T00:00:00.000Z,2870,17,24.0,402,0.0
2020-08-27T00:00:00.000Z,2891,17,21.0,402,0.0
2020-08-28T00:00:00.000Z,2914,17,23.0,374,0.0
2020-08-29T00:00:00.000Z,2934,17,20.0,369,0.0
2020-08-30T00:00:00.000Z,2957,17,23.0,380,0.0
2020-08-31T00:00:00.000Z,2981,17,24.0,377,0.0
2020-09-01T00:00:00.000Z,3003,17,22.0,371,0.0
2020-09-02T00:00:00.000Z,3027,17,24.0,371,0.0
2020-09-03T00:00:00.000Z,3050,18,23.0,372,1.0
2020-09-04T00:00:00.000Z,3071,19,21.0,372,1.0
2020-09-05T00:00:00.000Z,3096,19,25.0,386,0.0
2020-09-06T00:00:00.000Z,3121,19,25.0,407,0.0
2020-09-07T00:00:00.000Z,3145,19,24.0,428,0.0
2020-09-08T00:00:00.000Z,3172,20,27.0,386,1.0
2020-09-09T00:00:00.000Z,3198,21,26.0,399,1.0
2020-09-10T00:00:00.000Z,3224,21,26.0,410,0.0
2020-09-11T00:00:00.000Z,3253,21,29.0,418,0.0
2020-09-12T00:00:00.000Z,3282,22,29.0,432,1.0
2020-09-13T00:00:00.000Z,3310,22,28.0,449,0.0
2020-09-14T00:00:00.000Z,3336,22,26.0,460,0.0
2020-09-15T00:00:00.000Z,3361,23,25.0,470,1.0
2020-09-16T00:00:00.000Z,3389,24,28.0,482,1.0
2020-09-17T00:00:00.000Z,3419,24,30.0,486,0.0
2020-09-18T00:00:00.000Z,3447,25,28.0,483,1.0
2020-09-19T00:00:00.000Z,3472,26,25.0,499,1.0
2020-09-20T00:00:00.000Z,3499,26,27.0,523,0.0
2020-09-21T00:00:00.000Z,3525,26,26.0,521,0.0
2020-09-22T00:00:00.000Z,3553,27,28.0,514,1.0
2020-09-23T00:00:00.000Z,3583,28,30.0,530,1.0
2020-09-24T00:00:00.000Z,3611,28,28.0,524,0.0
2020-09-25T00:00:00.000Z,3642,29,31.0,544,1.0
2020-09-26T00:00:00.000Z,3675,30,33.0,544,1.0
2020-09-27T00:00:00.000Z,3706,30,31.0,567,0.0
2020-09-28T00:00:00.000Z,3736,30,30.0,585,0.0
2020-09-29T00:00:00.000Z,3768,31,32.0,589,1.0
2020-09-30T00:00:00.000Z,3803,32,35.0,583,1.0
2020-10-01T00:00:00.000Z,3839,33,36.0,590,1.0
2020-10-02T00:00:00.000Z,3874,34,35.0,610,1.0
2020-10-03T00:00:00.000Z,3911,34,37.0,585,0.0
2020-10-04T00:00:00.000Z,3950,34,39.0,580,0.0
2020-10-05T00:00:00.000Z,4009,36,59.0,632,2.0
2020-10-06T00:00:00.000Z,4064,37,55.0,636,1.0
2020-10-07T00:00:00.000Z,4118,37,54.0,597,0.0
2020-10-08T00:00:00.000Z,4178,39,60.0,620,2.0
2020-10-09T00:00:00.000Z,4239,41,61.0,607,2.0
2020-10-10T00:00:00.000Z,4303,44,64.0,642,3.0
2020-10-11T00:00:00.000Z,4369,44,66.0,685,0.0
