date,total_cases,total_death,daily_cases,total_currently_infected,death_per_day
2020-03-30T00:00:00.000Z,2,0,2.0,2,0.0
2020-03-31T00:00:00.000Z,3,0,1.0,3,0.0
2020-04-01T00:00:00.000Z,3,0,0.0,3,0.0
2020-04-02T00:00:00.000Z,4,0,1.0,4,0.0
2020-04-03T00:00:00.000Z,4,0,0.0,4,0.0
2020-04-04T00:00:00.000Z,7,0,3.0,7,0.0
2020-04-05T00:00:00.000Z,12,0,5.0,12,0.0
2020-04-06T00:00:00.000Z,12,0,0.0,12,0.0
2020-04-07T00:00:00.000Z,12,0,0.0,12,0.0
2020-04-08T00:00:00.000Z,18,0,6.0,18,0.0
2020-04-09T00:00:00.000Z,21,0,3.0,21,0.0
2020-04-10T00:00:00.000Z,21,0,0.0,21,0.0
2020-04-11T00:00:00.000Z,29,0,8.0,27,0.0
2020-04-12T00:00:00.000Z,29,0,0.0,26,0.0
2020-04-13T00:00:00.000Z,36,0,7.0,33,0.0
2020-04-14T00:00:00.000Z,36,0,0.0,33,0.0
2020-04-15T00:00:00.000Z,48,0,12.0,45,0.0
2020-04-16T00:00:00.000Z,48,0,0.0,45,0.0
2020-04-17T00:00:00.000Z,53,0,5.0,49,0.0
2020-04-18T00:00:00.000Z,63,0,10.0,59,0.0
2020-04-19T00:00:00.000Z,72,0,9.0,68,0.0
2020-04-20T00:00:00.000Z,84,0,12.0,80,0.0
2020-04-21T00:00:00.000Z,127,0,43.0,118,0.0
2020-04-22T00:00:00.000Z,136,0,9.0,127,0.0
2020-04-23T00:00:00.000Z,144,0,8.0,131,0.0
2020-04-24T00:00:00.000Z,152,0,8.0,137,0.0
2020-04-25T00:00:00.000Z,215,1,63.0,197,1.0
2020-04-26T00:00:00.000Z,283,2,68.0,261,1.0
2020-04-27T00:00:00.000Z,310,1,27.0,281,-1.0
2020-04-28T00:00:00.000Z,324,1,14.0,290,0.0
2020-04-29T00:00:00.000Z,348,1,24.0,303,0.0
2020-04-30T00:00:00.000Z,382,1,34.0,337,0.0
2020-05-01T00:00:00.000Z,423,1,41.0,368,0.0
2020-05-02T00:00:00.000Z,451,1,28.0,382,0.0
2020-05-03T00:00:00.000Z,498,1,47.0,422,0.0
2020-05-04T00:00:00.000Z,534,2,36.0,452,1.0
2020-05-05T00:00:00.000Z,555,3,21.0,446,1.0
2020-05-06T00:00:00.000Z,588,3,33.0,478,0.0
2020-05-07T00:00:00.000Z,605,3,17.0,473,0.0
2020-05-08T00:00:00.000Z,621,3,16.0,457,0.0
2020-05-09T00:00:00.000Z,641,3,20.0,468,0.0
2020-05-10T00:00:00.000Z,669,3,28.0,465,0.0
2020-05-11T00:00:00.000Z,707,3,38.0,483,0.0
2020-05-12T00:00:00.000Z,727,3,20.0,437,0.0
2020-05-13T00:00:00.000Z,770,3,43.0,427,0.0
2020-05-14T00:00:00.000Z,809,3,39.0,431,0.0
2020-05-15T00:00:00.000Z,847,3,38.0,425,0.0
2020-05-16T00:00:00.000Z,885,3,38.0,436,0.0
2020-05-17T00:00:00.000Z,925,3,40.0,460,0.0
2020-05-18T00:00:00.000Z,970,3,45.0,490,0.0
2020-05-19T00:00:00.000Z,1014,4,44.0,485,1.0
2020-05-20T00:00:00.000Z,1054,6,40.0,499,2.0
2020-05-21T00:00:00.000Z,1111,7,57.0,530,1.0
2020-05-22T00:00:00.000Z,1185,7,74.0,586,0.0
2020-05-23T00:00:00.000Z,1254,7,69.0,634,0.0
2020-05-24T00:00:00.000Z,1325,7,71.0,689,0.0
2020-05-25T00:00:00.000Z,1406,7,81.0,770,0.0
2020-05-26T00:00:00.000Z,1485,9,79.0,815,2.0
2020-05-27T00:00:00.000Z,1554,10,69.0,862,1.0
2020-05-28T00:00:00.000Z,1633,10,79.0,914,0.0
2020-05-29T00:00:00.000Z,1708,12,75.0,976,2.0
2020-05-30T00:00:00.000Z,1779,12,71.0,1012,0.0
2020-05-31T00:00:00.000Z,1848,12,69.0,1061,0.0
2020-06-01T00:00:00.000Z,1915,12,67.0,1110,0.0
2020-06-02T00:00:00.000Z,1985,12,70.0,1152,0.0
2020-06-03T00:00:00.000Z,2066,12,81.0,1200,0.0
2020-06-04T00:00:00.000Z,2135,12,69.0,1236,0.0
2020-06-05T00:00:00.000Z,2192,13,57.0,1226,1.0
2020-06-06T00:00:00.000Z,2255,14,63.0,1194,1.0
2020-06-07T00:00:00.000Z,2319,14,64.0,1223,0.0
2020-06-08T00:00:00.000Z,2390,14,71.0,1283,0.0
2020-06-09T00:00:00.000Z,2458,15,68.0,1261,1.0
2020-06-10T00:00:00.000Z,2524,16,66.0,1210,1.0
2020-06-11T00:00:00.000Z,2593,19,69.0,1186,3.0
2020-06-12T00:00:00.000Z,2659,19,66.0,1090,0.0
2020-06-13T00:00:00.000Z,2726,19,67.0,1119,0.0
2020-06-14T00:00:00.000Z,2795,19,69.0,1128,0.0
2020-06-15T00:00:00.000Z,2867,19,72.0,1152,0.0
2020-06-16T00:00:00.000Z,2939,21,72.0,1047,2.0
2020-06-17T00:00:00.000Z,3010,22,71.0,1018,1.0
2020-06-18T00:00:00.000Z,3078,24,68.0,976,2.0
2020-06-19T00:00:00.000Z,3153,24,75.0,943,0.0
2020-06-20T00:00:00.000Z,3226,25,73.0,934,1.0
2020-06-21T00:00:00.000Z,3298,27,72.0,989,2.0
2020-06-22T00:00:00.000Z,3371,27,73.0,1012,0.0
2020-06-23T00:00:00.000Z,3445,29,74.0,975,2.0
2020-06-24T00:00:00.000Z,3522,29,77.0,982,0.0
2020-06-25T00:00:00.000Z,3600,29,78.0,1006,0.0
2020-06-26T00:00:00.000Z,3676,30,76.0,999,1.0
2020-06-27T00:00:00.000Z,3753,31,77.0,1056,1.0
2020-06-28T00:00:00.000Z,3831,31,78.0,1104,0.0
2020-06-29T00:00:00.000Z,3909,31,78.0,1143,0.0
2020-06-30T00:00:00.000Z,3985,33,76.0,1096,2.0
2020-07-01T00:00:00.000Z,4059,36,74.0,1087,3.0
2020-07-02T00:00:00.000Z,4134,38,75.0,1143,2.0
2020-07-03T00:00:00.000Z,4207,40,73.0,1130,2.0
2020-07-04T00:00:00.000Z,4299,42,92.0,1119,2.0
2020-07-05T00:00:00.000Z,4414,44,115.0,1186,2.0
2020-07-06T00:00:00.000Z,4538,45,124.0,1274,1.0
2020-07-07T00:00:00.000Z,4709,47,171.0,1326,2.0
2020-07-08T00:00:00.000Z,4897,49,188.0,1401,2.0
2020-07-09T00:00:00.000Z,5121,49,224.0,1544,0.0
2020-07-10T00:00:00.000Z,5361,49,240.0,1670,0.0
2020-07-11T00:00:00.000Z,5589,50,228.0,1789,1.0
2020-07-12T00:00:00.000Z,5821,51,232.0,1987,1.0
2020-07-13T00:00:00.000Z,6056,51,235.0,2188,0.0
2020-07-14T00:00:00.000Z,6294,52,238.0,2268,1.0
2020-07-15T00:00:00.000Z,6540,54,246.0,2398,2.0
2020-07-16T00:00:00.000Z,6755,54,215.0,2437,0.0
2020-07-17T00:00:00.000Z,6983,55,228.0,2523,1.0
2020-07-18T00:00:00.000Z,7184,56,201.0,2577,1.0
2020-07-19T00:00:00.000Z,7382,56,198.0,2670,0.0
2020-07-20T00:00:00.000Z,7573,57,191.0,2758,1.0
2020-07-21T00:00:00.000Z,7758,57,185.0,2717,0.0
2020-07-22T00:00:00.000Z,7941,57,183.0,2602,0.0
2020-07-23T00:00:00.000Z,8107,59,166.0,2434,2.0
2020-07-24T00:00:00.000Z,8253,59,146.0,2327,0.0
2020-07-25T00:00:00.000Z,8391,60,138.0,2071,1.0
2020-07-26T00:00:00.000Z,8531,64,140.0,2107,4.0
2020-07-27T00:00:00.000Z,8665,64,134.0,2141,0.0
2020-07-28T00:00:00.000Z,8786,64,121.0,2007,0.0
2020-07-29T00:00:00.000Z,8893,66,107.0,1943,2.0
2020-07-30T00:00:00.000Z,8998,66,105.0,1822,0.0
2020-07-31T00:00:00.000Z,9109,66,111.0,1916,0.0
2020-08-01T00:00:00.000Z,9217,68,108.0,1985,2.0
2020-08-02T00:00:00.000Z,9326,68,109.0,2010,0.0
2020-08-03T00:00:00.000Z,9433,68,107.0,2071,0.0
2020-08-04T00:00:00.000Z,9528,78,95.0,2039,10.0
2020-08-05T00:00:00.000Z,9622,78,94.0,1992,0.0
2020-08-06T00:00:00.000Z,9714,80,92.0,1923,2.0
2020-08-07T00:00:00.000Z,9809,85,95.0,1857,5.0
2020-08-08T00:00:00.000Z,9907,89,98.0,1807,4.0
2020-08-09T00:00:00.000Z,9999,91,92.0,1859,2.0
2020-08-10T00:00:00.000Z,10094,91,95.0,1894,0.0
2020-08-11T00:00:00.000Z,10185,95,91.0,1823,4.0
2020-08-12T00:00:00.000Z,10273,96,88.0,1741,1.0
2020-08-13T00:00:00.000Z,10360,96,87.0,1723,0.0
2020-08-14T00:00:00.000Z,10445,96,85.0,1681,0.0
2020-08-15T00:00:00.000Z,10534,96,89.0,1644,0.0
2020-08-16T00:00:00.000Z,10623,98,89.0,1699,2.0
2020-08-17T00:00:00.000Z,10711,99,88.0,1752,1.0
2020-08-18T00:00:00.000Z,10802,107,91.0,1659,8.0
2020-08-19T00:00:00.000Z,10887,107,85.0,1630,0.0
2020-08-20T00:00:00.000Z,10968,108,81.0,1602,1.0
2020-08-21T00:00:00.000Z,11042,110,74.0,1510,2.0
2020-08-22T00:00:00.000Z,11115,110,73.0,1446,0.0
2020-08-23T00:00:00.000Z,11186,110,71.0,1486,0.0
2020-08-24T00:00:00.000Z,11251,110,65.0,1510,0.0
2020-08-25T00:00:00.000Z,11317,111,66.0,1403,1.0
2020-08-26T00:00:00.000Z,11387,112,70.0,1363,1.0
2020-08-27T00:00:00.000Z,11456,112,69.0,1353,0.0
2020-08-28T00:00:00.000Z,11523,114,67.0,1283,2.0
2020-08-29T00:00:00.000Z,11591,116,68.0,1266,2.0
2020-08-30T00:00:00.000Z,11655,117,64.0,1281,1.0
2020-08-31T00:00:00.000Z,11720,119,65.0,1301,2.0
2020-09-01T00:00:00.000Z,11781,119,61.0,1272,0.0
2020-09-02T00:00:00.000Z,11844,119,63.0,1256,0.0
2020-09-03T00:00:00.000Z,11908,120,64.0,1237,1.0
2020-09-04T00:00:00.000Z,11970,122,62.0,1236,2.0
2020-09-05T00:00:00.000Z,12033,123,63.0,1213,1.0
2020-09-06T00:00:00.000Z,12094,127,61.0,1251,4.0
2020-09-07T00:00:00.000Z,12156,127,62.0,1291,0.0
2020-09-08T00:00:00.000Z,12216,131,60.0,1262,4.0
2020-09-09T00:00:00.000Z,12280,136,64.0,1301,5.0
2020-09-10T00:00:00.000Z,12342,139,62.0,1304,3.0
2020-09-11T00:00:00.000Z,12405,139,63.0,1282,0.0
2020-09-12T00:00:00.000Z,12466,141,61.0,1257,2.0
2020-09-13T00:00:00.000Z,12528,143,62.0,1289,2.0
2020-09-14T00:00:00.000Z,12588,143,60.0,1338,0.0
2020-09-15T00:00:00.000Z,12651,152,63.0,1323,9.0
2020-09-16T00:00:00.000Z,12716,154,65.0,1326,2.0
2020-09-17T00:00:00.000Z,12780,159,64.0,1321,5.0
2020-09-18T00:00:00.000Z,12846,161,66.0,1323,2.0
2020-09-19T00:00:00.000Z,12914,164,68.0,1266,3.0
2020-09-20T00:00:00.000Z,12987,169,73.0,1308,5.0
2020-09-21T00:00:00.000Z,13060,173,73.0,1357,4.0
2020-09-22T00:00:00.000Z,13138,175,78.0,1322,2.0
2020-09-23T00:00:00.000Z,13217,179,79.0,1244,4.0
2020-09-24T00:00:00.000Z,13298,184,81.0,1203,5.0
2020-09-25T00:00:00.000Z,13378,187,80.0,1228,3.0
2020-09-26T00:00:00.000Z,13459,189,81.0,1202,2.0
2020-09-27T00:00:00.000Z,13546,193,87.0,1261,4.0
2020-09-28T00:00:00.000Z,13635,195,89.0,1318,2.0
2020-09-29T00:00:00.000Z,13728,201,93.0,1305,6.0
2020-09-30T00:00:00.000Z,13823,206,95.0,1326,5.0
2020-10-01T00:00:00.000Z,13921,209,98.0,1354,3.0
2020-10-02T00:00:00.000Z,14022,211,101.0,1381,2.0
2020-10-03T00:00:00.000Z,14125,217,103.0,1375,6.0
2020-10-04T00:00:00.000Z,14230,219,105.0,1450,2.0
2020-10-05T00:00:00.000Z,14334,221,104.0,1514,2.0
2020-10-06T00:00:00.000Z,14448,227,114.0,1380,6.0
2020-10-07T00:00:00.000Z,14577,235,129.0,1398,8.0
2020-10-08T00:00:00.000Z,14711,240,134.0,1456,5.0
2020-10-09T00:00:00.000Z,14853,248,142.0,1469,8.0
2020-10-10T00:00:00.000Z,15007,250,154.0,1453,2.0
2020-10-11T00:00:00.000Z,15169,253,162.0,1543,3.0
