date,total_cases,total_death,daily_cases,total_currently_infected,death_per_day
2020-03-17T00:00:00.000Z,1,0,1.0,1,0.0
2020-03-18T00:00:00.000Z,1,0,0.0,1,0.0
2020-03-19T00:00:00.000Z,1,0,0.0,1,0.0
2020-03-20T00:00:00.000Z,1,0,0.0,1,0.0
2020-03-21T00:00:00.000Z,1,0,0.0,1,0.0
2020-03-22T00:00:00.000Z,2,0,1.0,2,0.0
2020-03-23T00:00:00.000Z,2,0,0.0,2,0.0
2020-03-24T00:00:00.000Z,2,0,0.0,2,0.0
2020-03-25T00:00:00.000Z,2,0,0.0,2,0.0
2020-03-26T00:00:00.000Z,3,0,1.0,3,0.0
2020-03-27T00:00:00.000Z,3,0,0.0,3,0.0
2020-03-28T00:00:00.000Z,3,0,0.0,3,0.0
2020-03-29T00:00:00.000Z,3,0,0.0,3,0.0
2020-03-30T00:00:00.000Z,7,0,4.0,7,0.0
2020-03-31T00:00:00.000Z,7,0,0.0,7,0.0
2020-04-01T00:00:00.000Z,7,0,0.0,7,0.0
2020-04-02T00:00:00.000Z,7,0,0.0,7,0.0
2020-04-03T00:00:00.000Z,8,0,1.0,5,0.0
2020-04-04T00:00:00.000Z,8,0,0.0,5,0.0
2020-04-05T00:00:00.000Z,8,0,0.0,5,0.0
2020-04-06T00:00:00.000Z,14,0,6.0,11,0.0
2020-04-07T00:00:00.000Z,14,0,0.0,11,0.0
2020-04-08T00:00:00.000Z,14,0,0.0,11,0.0
2020-04-09T00:00:00.000Z,24,0,10.0,20,0.0
2020-04-10T00:00:00.000Z,24,0,0.0,20,0.0
2020-04-11T00:00:00.000Z,24,0,0.0,19,0.0
2020-04-12T00:00:00.000Z,24,0,0.0,19,0.0
2020-04-13T00:00:00.000Z,31,0,7.0,26,0.0
2020-04-14T00:00:00.000Z,32,0,1.0,27,0.0
2020-04-15T00:00:00.000Z,32,0,0.0,22,0.0
2020-04-16T00:00:00.000Z,33,0,1.0,23,0.0
2020-04-17T00:00:00.000Z,34,0,1.0,23,0.0
2020-04-18T00:00:00.000Z,39,0,5.0,28,0.0
2020-04-19T00:00:00.000Z,107,0,68.0,96,0.0
2020-04-20T00:00:00.000Z,114,1,7.0,103,1.0
2020-04-21T00:00:00.000Z,118,1,4.0,103,0.0
2020-04-22T00:00:00.000Z,120,1,2.0,102,0.0
2020-04-23T00:00:00.000Z,123,1,3.0,105,0.0
2020-04-24T00:00:00.000Z,137,1,14.0,119,0.0
2020-04-25T00:00:00.000Z,147,1,10.0,129,0.0
2020-04-26T00:00:00.000Z,167,1,20.0,145,0.0
2020-04-27T00:00:00.000Z,175,1,8.0,153,0.0
2020-04-28T00:00:00.000Z,181,1,6.0,152,0.0
2020-04-29T00:00:00.000Z,185,1,4.0,140,0.0
2020-04-30T00:00:00.000Z,198,1,13.0,152,0.0
2020-05-01T00:00:00.000Z,213,5,15.0,162,4.0
2020-05-02T00:00:00.000Z,238,1,25.0,169,-4.0
2020-05-03T00:00:00.000Z,260,1,22.0,191,0.0
2020-05-04T00:00:00.000Z,299,1,39.0,218,0.0
2020-05-05T00:00:00.000Z,305,1,6.0,193,0.0
2020-05-06T00:00:00.000Z,329,1,24.0,214,0.0
2020-05-07T00:00:00.000Z,354,1,25.0,228,0.0
2020-05-08T00:00:00.000Z,372,1,18.0,235,0.0
2020-05-09T00:00:00.000Z,400,1,28.0,251,0.0
2020-05-10T00:00:00.000Z,425,3,25.0,269,2.0
2020-05-11T00:00:00.000Z,457,3,32.0,294,0.0
2020-05-12T00:00:00.000Z,494,3,37.0,330,0.0
2020-05-13T00:00:00.000Z,513,3,19.0,312,0.0
2020-05-14T00:00:00.000Z,554,3,41.0,342,0.0
2020-05-15T00:00:00.000Z,586,3,32.0,357,0.0
2020-05-16T00:00:00.000Z,638,3,52.0,382,0.0
2020-05-17T00:00:00.000Z,688,3,50.0,426,0.0
2020-05-18T00:00:00.000Z,720,3,32.0,456,0.0
2020-05-19T00:00:00.000Z,792,4,72.0,493,1.0
2020-05-20T00:00:00.000Z,817,4,25.0,502,0.0
2020-05-21T00:00:00.000Z,858,4,41.0,509,0.0
2020-05-22T00:00:00.000Z,888,4,30.0,505,0.0
2020-05-23T00:00:00.000Z,925,4,37.0,518,0.0
2020-05-24T00:00:00.000Z,1020,4,95.0,594,0.0
2020-05-25T00:00:00.000Z,1146,4,126.0,719,0.0
2020-05-26T00:00:00.000Z,1315,4,169.0,867,0.0
2020-05-27T00:00:00.000Z,1410,5,95.0,936,1.0
2020-05-28T00:00:00.000Z,1537,5,127.0,1022,0.0
2020-05-29T00:00:00.000Z,1638,5,101.0,1095,0.0
2020-05-30T00:00:00.000Z,1796,5,158.0,1209,0.0
2020-05-31T00:00:00.000Z,1933,5,137.0,1346,0.0
2020-06-01T00:00:00.000Z,2068,5,135.0,1462,0.0
2020-06-02T00:00:00.000Z,2124,7,56.0,1465,2.0
2020-06-03T00:00:00.000Z,2363,7,239.0,1665,0.0
2020-06-04T00:00:00.000Z,2496,8,133.0,1759,1.0
2020-06-05T00:00:00.000Z,2621,9,125.0,1842,1.0
2020-06-06T00:00:00.000Z,2746,9,125.0,1902,0.0
2020-06-07T00:00:00.000Z,2868,9,122.0,2015,0.0
2020-06-08T00:00:00.000Z,2989,10,121.0,2131,1.0
2020-06-09T00:00:00.000Z,3085,10,96.0,2188,0.0
2020-06-10T00:00:00.000Z,3217,13,132.0,2273,3.0
2020-06-11T00:00:00.000Z,3362,15,145.0,2377,2.0
2020-06-12T00:00:00.000Z,3474,16,112.0,2446,1.0
2020-06-13T00:00:00.000Z,3587,16,113.0,2544,0.0
2020-06-14T00:00:00.000Z,3696,19,109.0,2642,3.0
2020-06-15T00:00:00.000Z,3803,19,107.0,2735,0.0
2020-06-16T00:00:00.000Z,3912,19,109.0,2724,0.0
2020-06-17T00:00:00.000Z,4035,19,123.0,2739,0.0
2020-06-18T00:00:00.000Z,4156,25,121.0,2763,6.0
2020-06-19T00:00:00.000Z,4274,27,118.0,2762,2.0
2020-06-20T00:00:00.000Z,4395,27,121.0,2735,0.0
2020-06-21T00:00:00.000Z,4524,30,129.0,2779,3.0
2020-06-22T00:00:00.000Z,4631,32,107.0,2839,2.0
2020-06-23T00:00:00.000Z,4755,33,124.0,2759,1.0
2020-06-24T00:00:00.000Z,4875,35,120.0,2697,2.0
2020-06-25T00:00:00.000Z,4992,37,117.0,2697,2.0
2020-06-26T00:00:00.000Z,5107,39,115.0,2724,2.0
2020-06-27T00:00:00.000Z,5225,50,118.0,2762,11.0
2020-06-28T00:00:00.000Z,5339,53,114.0,2819,3.0
2020-06-29T00:00:00.000Z,5454,54,115.0,2905,1.0
2020-06-30T00:00:00.000Z,5556,58,102.0,2868,4.0
2020-07-01T00:00:00.000Z,5674,61,118.0,2759,3.0
2020-07-02T00:00:00.000Z,5790,61,116.0,2801,0.0
2020-07-03T00:00:00.000Z,5909,64,119.0,2782,3.0
2020-07-04T00:00:00.000Z,6026,67,117.0,2808,3.0
2020-07-05T00:00:00.000Z,6196,68,170.0,2908,1.0
2020-07-06T00:00:00.000Z,6300,68,104.0,3000,0.0
2020-07-07T00:00:00.000Z,6419,72,119.0,3026,4.0
2020-07-08T00:00:00.000Z,6534,81,115.0,3016,9.0
2020-07-09T00:00:00.000Z,6647,83,113.0,2962,2.0
2020-07-10T00:00:00.000Z,6759,86,112.0,2959,3.0
2020-07-11T00:00:00.000Z,6873,96,114.0,2576,10.0
2020-07-12T00:00:00.000Z,6988,104,115.0,2452,8.0
2020-07-13T00:00:00.000Z,7122,105,134.0,2578,1.0
2020-07-14T00:00:00.000Z,7251,108,129.0,2666,3.0
2020-07-15T00:00:00.000Z,7370,113,119.0,2671,5.0
2020-07-16T00:00:00.000Z,7492,116,122.0,2554,3.0
2020-07-17T00:00:00.000Z,7608,129,116.0,2416,13.0
2020-07-18T00:00:00.000Z,7712,129,104.0,2260,0.0
2020-07-19T00:00:00.000Z,7819,129,107.0,2327,0.0
2020-07-20T00:00:00.000Z,7908,129,89.0,2386,0.0
2020-07-21T00:00:00.000Z,7989,132,81.0,2306,3.0
2020-07-22T00:00:00.000Z,8081,133,92.0,2004,1.0
2020-07-23T00:00:00.000Z,8157,133,76.0,1845,0.0
2020-07-24T00:00:00.000Z,8225,148,68.0,1666,15.0
2020-07-25T00:00:00.000Z,8291,152,66.0,1592,4.0
2020-07-26T00:00:00.000Z,8365,152,74.0,1618,0.0
2020-07-27T00:00:00.000Z,8434,152,69.0,1673,0.0
2020-07-28T00:00:00.000Z,8497,166,63.0,1524,14.0
2020-07-29T00:00:00.000Z,8565,169,68.0,1482,3.0
2020-07-30T00:00:00.000Z,8641,169,76.0,1412,0.0
2020-07-31T00:00:00.000Z,8710,182,69.0,1088,13.0
2020-08-01T00:00:00.000Z,8767,185,57.0,867,3.0
2020-08-02T00:00:00.000Z,8842,185,75.0,887,0.0
2020-08-03T00:00:00.000Z,8901,185,59.0,935,0.0
2020-08-04T00:00:00.000Z,8969,198,68.0,743,13.0
2020-08-05T00:00:00.000Z,9040,203,71.0,656,5.0
2020-08-06T00:00:00.000Z,9101,203,61.0,686,0.0
2020-08-07T00:00:00.000Z,9165,207,64.0,712,4.0
2020-08-08T00:00:00.000Z,9235,219,70.0,744,12.0
2020-08-09T00:00:00.000Z,9303,219,68.0,812,0.0
2020-08-10T00:00:00.000Z,9366,219,63.0,865,0.0
2020-08-11T00:00:00.000Z,9414,220,48.0,898,1.0
2020-08-12T00:00:00.000Z,9479,220,65.0,946,0.0
2020-08-13T00:00:00.000Z,9547,227,68.0,982,7.0
2020-08-14T00:00:00.000Z,9630,234,83.0,1039,7.0
2020-08-15T00:00:00.000Z,9697,241,67.0,1083,7.0
2020-08-16T00:00:00.000Z,9768,241,71.0,1154,0.0
2020-08-17T00:00:00.000Z,9838,241,70.0,1224,0.0
2020-08-18T00:00:00.000Z,9921,241,83.0,1276,0.0
2020-08-19T00:00:00.000Z,9988,241,67.0,1317,0.0
2020-08-20T00:00:00.000Z,10059,241,71.0,1352,0.0
2020-08-21T00:00:00.000Z,10136,241,77.0,1382,0.0
2020-08-22T00:00:00.000Z,10225,243,89.0,1415,2.0
2020-08-23T00:00:00.000Z,10306,245,81.0,1496,2.0
2020-08-24T00:00:00.000Z,10358,245,52.0,1548,0.0
2020-08-25T00:00:00.000Z,10382,245,24.0,1537,0.0
2020-08-26T00:00:00.000Z,10442,245,60.0,1567,0.0
2020-08-27T00:00:00.000Z,10515,248,73.0,1599,3.0
2020-08-28T00:00:00.000Z,10602,249,87.0,1634,1.0
2020-08-29T00:00:00.000Z,10702,251,100.0,1685,2.0
2020-08-30T00:00:00.000Z,10783,251,81.0,1766,0.0
2020-08-31T00:00:00.000Z,10825,251,42.0,1808,0.0
2020-09-01T00:00:00.000Z,10888,252,63.0,1816,1.0
2020-09-02T00:00:00.000Z,10937,252,49.0,1817,0.0
2020-09-03T00:00:00.000Z,10985,252,48.0,1822,0.0
2020-09-04T00:00:00.000Z,11059,252,74.0,1850,0.0
2020-09-05T00:00:00.000Z,11131,254,72.0,1909,2.0
2020-09-06T00:00:00.000Z,11191,255,60.0,1969,1.0
2020-09-07T00:00:00.000Z,11269,255,78.0,2047,0.0
2020-09-08T00:00:00.000Z,11337,255,68.0,2058,0.0
2020-09-09T00:00:00.000Z,11406,255,69.0,2066,0.0
2020-09-10T00:00:00.000Z,11491,256,85.0,1998,1.0
2020-09-11T00:00:00.000Z,11574,256,83.0,2036,0.0
2020-09-12T00:00:00.000Z,11657,256,83.0,2072,0.0
2020-09-13T00:00:00.000Z,11753,256,96.0,2168,0.0
2020-09-14T00:00:00.000Z,11844,256,91.0,2259,0.0
2020-09-15T00:00:00.000Z,11932,256,88.0,2307,0.0
2020-09-16T00:00:00.000Z,12007,257,75.0,2333,1.0
2020-09-17T00:00:00.000Z,12090,257,83.0,2372,0.0
2020-09-18T00:00:00.000Z,12193,257,103.0,2434,0.0
2020-09-19T00:00:00.000Z,12290,257,97.0,2491,0.0
2020-09-20T00:00:00.000Z,12384,257,94.0,2584,0.0
2020-09-21T00:00:00.000Z,12481,257,97.0,2681,0.0
2020-09-22T00:00:00.000Z,12562,258,81.0,2720,1.0
2020-09-23T00:00:00.000Z,12653,258,91.0,2765,0.0
2020-09-24T00:00:00.000Z,12755,258,102.0,2822,0.0
2020-09-25T00:00:00.000Z,12853,258,98.0,2872,0.0
2020-09-26T00:00:00.000Z,12963,258,110.0,2939,0.0
2020-09-27T00:00:00.000Z,13078,258,115.0,3054,0.0
2020-09-28T00:00:00.000Z,13193,258,115.0,3169,0.0
2020-09-29T00:00:00.000Z,13317,260,124.0,3246,2.0
2020-09-30T00:00:00.000Z,13448,260,131.0,3332,0.0
2020-10-01T00:00:00.000Z,13589,260,141.0,3425,0.0
2020-10-02T00:00:00.000Z,13736,260,147.0,3526,0.0
2020-10-03T00:00:00.000Z,13896,261,160.0,3639,1.0
2020-10-04T00:00:00.000Z,14072,261,176.0,3815,0.0
2020-10-05T00:00:00.000Z,14251,262,179.0,3991,1.0
2020-10-06T00:00:00.000Z,14438,262,187.0,4130,0.0
2020-10-07T00:00:00.000Z,14617,263,179.0,4260,1.0
2020-10-08T00:00:00.000Z,14799,263,182.0,4395,0.0
2020-10-09T00:00:00.000Z,14982,265,183.0,4529,2.0
2020-10-10T00:00:00.000Z,15181,266,199.0,4681,1.0
2020-10-11T00:00:00.000Z,15427,266,246.0,4924,0.0
