date,total_cases,total_death,daily_cases,total_currently_infected,death_per_day
2020-03-24T00:00:00.000Z,1,0,1.0,1,0.0
2020-03-25T00:00:00.000Z,1,0,0.0,1,0.0
2020-03-26T00:00:00.000Z,1,0,0.0,1,0.0
2020-03-27T00:00:00.000Z,3,0,2.0,3,0.0
2020-03-28T00:00:00.000Z,5,0,2.0,5,0.0
2020-03-29T00:00:00.000Z,9,0,4.0,9,0.0
2020-03-30T00:00:00.000Z,9,0,0.0,9,0.0
2020-03-31T00:00:00.000Z,9,0,0.0,9,0.0
2020-04-01T00:00:00.000Z,10,1,1.0,10,1.0
2020-04-02T00:00:00.000Z,10,1,0.0,10,0.0
2020-04-03T00:00:00.000Z,12,1,2.0,12,0.0
2020-04-04T00:00:00.000Z,15,1,3.0,15,0.0
2020-04-05T00:00:00.000Z,15,1,0.0,15,0.0
2020-04-06T00:00:00.000Z,16,1,1.0,16,0.0
2020-04-07T00:00:00.000Z,17,1,1.0,5,0.0
2020-04-08T00:00:00.000Z,22,1,5.0,7,0.0
2020-04-09T00:00:00.000Z,22,1,0.0,7,0.0
2020-04-10T00:00:00.000Z,22,1,0.0,7,0.0
2020-04-11T00:00:00.000Z,30,1,8.0,15,0.0
2020-04-12T00:00:00.000Z,47,3,17.0,32,2.0
2020-04-13T00:00:00.000Z,49,5,2.0,34,2.0
2020-04-14T00:00:00.000Z,64,5,15.0,49,0.0
2020-04-15T00:00:00.000Z,105,5,41.0,90,0.0
2020-04-16T00:00:00.000Z,108,5,3.0,93,0.0
2020-04-17T00:00:00.000Z,115,5,7.0,100,0.0
2020-04-18T00:00:00.000Z,175,5,60.0,160,0.0
2020-04-19T00:00:00.000Z,219,5,44.0,200,0.0
2020-04-20T00:00:00.000Z,264,5,45.0,245,0.0
2020-04-21T00:00:00.000Z,303,5,39.0,284,0.0
2020-04-22T00:00:00.000Z,323,6,20.0,304,1.0
2020-04-23T00:00:00.000Z,347,6,24.0,328,0.0
2020-04-24T00:00:00.000Z,365,6,18.0,342,0.0
2020-04-25T00:00:00.000Z,387,6,22.0,364,0.0
2020-04-26T00:00:00.000Z,409,6,22.0,386,0.0
2020-04-27T00:00:00.000Z,429,6,20.0,406,0.0
2020-04-28T00:00:00.000Z,447,7,18.0,368,1.0
2020-04-29T00:00:00.000Z,465,7,18.0,386,0.0
2020-04-30T00:00:00.000Z,485,7,20.0,358,0.0
2020-05-01T00:00:00.000Z,504,7,19.0,273,0.0
2020-05-02T00:00:00.000Z,525,8,21.0,249,1.0
2020-05-03T00:00:00.000Z,553,8,28.0,267,0.0
2020-05-04T00:00:00.000Z,583,8,30.0,297,0.0
2020-05-05T00:00:00.000Z,615,8,32.0,309,0.0
2020-05-06T00:00:00.000Z,645,8,30.0,329,0.0
2020-05-07T00:00:00.000Z,674,8,29.0,305,0.0
2020-05-08T00:00:00.000Z,705,8,31.0,336,0.0
2020-05-09T00:00:00.000Z,733,8,28.0,329,0.0
2020-05-10T00:00:00.000Z,759,8,26.0,337,0.0
2020-05-11T00:00:00.000Z,787,8,28.0,342,0.0
2020-05-12T00:00:00.000Z,813,9,26.0,368,1.0
2020-05-13T00:00:00.000Z,841,9,28.0,367,0.0
2020-05-14T00:00:00.000Z,865,9,24.0,363,0.0
2020-05-15T00:00:00.000Z,891,9,26.0,362,0.0
2020-05-16T00:00:00.000Z,918,9,27.0,349,0.0
2020-05-17T00:00:00.000Z,943,9,25.0,363,0.0
2020-05-18T00:00:00.000Z,966,10,23.0,384,1.0
2020-05-19T00:00:00.000Z,986,11,20.0,374,1.0
2020-05-20T00:00:00.000Z,1005,11,19.0,385,0.0
2020-05-21T00:00:00.000Z,1026,11,21.0,391,0.0
2020-05-22T00:00:00.000Z,1046,11,20.0,403,0.0
2020-05-23T00:00:00.000Z,1066,12,20.0,407,1.0
2020-05-24T00:00:00.000Z,1090,12,24.0,430,0.0
2020-05-25T00:00:00.000Z,1112,13,22.0,452,1.0
2020-05-26T00:00:00.000Z,1133,13,21.0,443,0.0
2020-05-27T00:00:00.000Z,1152,13,19.0,454,0.0
2020-05-28T00:00:00.000Z,1174,13,22.0,429,0.0
2020-05-29T00:00:00.000Z,1192,13,18.0,405,0.0
2020-05-30T00:00:00.000Z,1209,13,17.0,384,0.0
2020-05-31T00:00:00.000Z,1227,13,18.0,399,0.0
2020-06-01T00:00:00.000Z,1247,13,20.0,411,0.0
2020-06-02T00:00:00.000Z,1264,13,17.0,417,0.0
2020-06-03T00:00:00.000Z,1278,14,14.0,384,1.0
2020-06-04T00:00:00.000Z,1291,14,13.0,318,0.0
2020-06-05T00:00:00.000Z,1306,14,15.0,324,0.0
2020-06-06T00:00:00.000Z,1326,14,20.0,338,0.0
2020-06-07T00:00:00.000Z,1345,14,19.0,355,0.0
2020-06-08T00:00:00.000Z,1365,15,20.0,372,1.0
2020-06-09T00:00:00.000Z,1384,16,19.0,360,1.0
2020-06-10T00:00:00.000Z,1400,16,16.0,327,0.0
2020-06-11T00:00:00.000Z,1420,16,20.0,301,0.0
2020-06-12T00:00:00.000Z,1441,17,21.0,320,1.0
2020-06-13T00:00:00.000Z,1464,17,23.0,341,0.0
2020-06-14T00:00:00.000Z,1481,17,17.0,353,0.0
2020-06-15T00:00:00.000Z,1496,17,15.0,368,0.0
2020-06-16T00:00:00.000Z,1513,17,17.0,376,0.0
2020-06-17T00:00:00.000Z,1529,19,16.0,384,2.0
2020-06-18T00:00:00.000Z,1543,19,14.0,396,0.0
2020-06-19T00:00:00.000Z,1560,19,17.0,413,0.0
2020-06-20T00:00:00.000Z,1579,20,19.0,426,1.0
2020-06-21T00:00:00.000Z,1600,20,21.0,447,0.0
2020-06-22T00:00:00.000Z,1619,20,19.0,466,0.0
2020-06-23T00:00:00.000Z,1634,20,15.0,460,0.0
2020-06-24T00:00:00.000Z,1645,20,11.0,470,0.0
2020-06-25T00:00:00.000Z,1654,21,9.0,478,1.0
2020-06-26T00:00:00.000Z,1664,21,10.0,487,0.0
2020-06-27T00:00:00.000Z,1677,21,13.0,497,0.0
2020-06-28T00:00:00.000Z,1694,22,17.0,514,1.0
2020-06-29T00:00:00.000Z,1708,22,14.0,528,0.0
2020-06-30T00:00:00.000Z,1713,22,5.0,520,0.0
2020-07-01T00:00:00.000Z,1723,23,10.0,528,1.0
2020-07-02T00:00:00.000Z,1736,23,13.0,538,0.0
2020-07-03T00:00:00.000Z,1748,23,12.0,549,0.0
2020-07-04T00:00:00.000Z,1757,24,9.0,548,1.0
2020-07-05T00:00:00.000Z,1772,24,15.0,560,0.0
2020-07-06T00:00:00.000Z,1786,24,14.0,572,0.0
2020-07-07T00:00:00.000Z,1795,25,9.0,575,1.0
2020-07-08T00:00:00.000Z,1801,25,6.0,576,0.0
2020-07-09T00:00:00.000Z,1809,26,8.0,572,1.0
2020-07-10T00:00:00.000Z,1814,26,5.0,576,0.0
2020-07-11T00:00:00.000Z,1821,26,7.0,581,0.0
2020-07-12T00:00:00.000Z,1832,27,11.0,592,1.0
2020-07-13T00:00:00.000Z,1842,27,10.0,597,0.0
2020-07-14T00:00:00.000Z,1851,28,9.0,580,1.0
2020-07-15T00:00:00.000Z,1863,28,12.0,588,0.0
2020-07-16T00:00:00.000Z,1878,28,15.0,584,0.0
2020-07-17T00:00:00.000Z,1895,29,17.0,597,1.0
2020-07-18T00:00:00.000Z,1908,29,13.0,608,0.0
2020-07-19T00:00:00.000Z,1919,29,11.0,619,0.0
2020-07-20T00:00:00.000Z,1927,30,8.0,620,1.0
2020-07-21T00:00:00.000Z,1937,30,10.0,625,0.0
2020-07-22T00:00:00.000Z,1949,30,12.0,631,0.0
2020-07-23T00:00:00.000Z,1958,30,9.0,637,0.0
2020-07-24T00:00:00.000Z,1971,31,13.0,645,1.0
2020-07-25T00:00:00.000Z,1985,31,14.0,657,0.0
2020-07-26T00:00:00.000Z,2000,31,15.0,672,0.0
2020-07-27T00:00:00.000Z,2010,31,10.0,675,0.0
2020-07-28T00:00:00.000Z,2018,31,8.0,675,0.0
2020-07-29T00:00:00.000Z,2030,32,12.0,682,1.0
2020-07-30T00:00:00.000Z,2046,32,16.0,689,0.0
2020-07-31T00:00:00.000Z,2060,32,14.0,697,0.0
2020-08-01T00:00:00.000Z,2072,32,12.0,703,0.0
2020-08-02T00:00:00.000Z,2082,33,10.0,695,1.0
2020-08-03T00:00:00.000Z,2093,33,11.0,703,0.0
2020-08-04T00:00:00.000Z,2102,33,9.0,709,0.0
2020-08-05T00:00:00.000Z,2114,33,12.0,717,0.0
2020-08-06T00:00:00.000Z,2122,33,8.0,722,0.0
2020-08-07T00:00:00.000Z,2132,33,10.0,724,0.0
2020-08-08T00:00:00.000Z,2140,34,8.0,722,1.0
2020-08-09T00:00:00.000Z,2147,34,7.0,727,0.0
2020-08-10T00:00:00.000Z,2152,34,5.0,729,0.0
2020-08-11T00:00:00.000Z,2158,35,6.0,727,1.0
2020-08-12T00:00:00.000Z,2165,35,7.0,730,0.0
2020-08-13T00:00:00.000Z,2170,35,5.0,735,0.0
2020-08-14T00:00:00.000Z,2177,35,7.0,719,0.0
2020-08-15T00:00:00.000Z,2183,37,6.0,721,2.0
2020-08-16T00:00:00.000Z,2190,37,7.0,728,0.0
2020-08-17T00:00:00.000Z,2194,37,4.0,732,0.0
2020-08-18T00:00:00.000Z,2200,37,6.0,713,0.0
2020-08-19T00:00:00.000Z,2205,37,5.0,707,0.0
2020-08-20T00:00:00.000Z,2209,37,4.0,704,0.0
2020-08-21T00:00:00.000Z,2215,38,6.0,708,1.0
2020-08-22T00:00:00.000Z,2222,38,7.0,711,0.0
2020-08-23T00:00:00.000Z,2228,38,6.0,702,0.0
2020-08-24T00:00:00.000Z,2233,38,5.0,707,0.0
2020-08-25T00:00:00.000Z,2240,38,7.0,689,0.0
2020-08-26T00:00:00.000Z,2245,38,5.0,686,0.0
2020-08-27T00:00:00.000Z,2249,38,4.0,684,0.0
2020-08-28T00:00:00.000Z,2253,38,4.0,685,0.0
2020-08-29T00:00:00.000Z,2258,38,5.0,680,0.0
2020-08-30T00:00:00.000Z,2265,38,7.0,674,0.0
2020-08-31T00:00:00.000Z,2270,38,5.0,674,0.0
2020-09-01T00:00:00.000Z,2274,38,4.0,667,0.0
2020-09-02T00:00:00.000Z,2280,38,6.0,652,0.0
2020-09-03T00:00:00.000Z,2286,38,6.0,658,0.0
2020-09-04T00:00:00.000Z,2290,39,4.0,639,1.0
2020-09-05T00:00:00.000Z,2296,39,6.0,635,0.0
2020-09-06T00:00:00.000Z,2303,39,7.0,635,0.0
2020-09-07T00:00:00.000Z,2307,40,4.0,639,1.0
2020-09-08T00:00:00.000Z,2314,40,7.0,629,0.0
2020-09-09T00:00:00.000Z,2322,40,8.0,619,0.0
2020-09-10T00:00:00.000Z,2327,40,5.0,588,0.0
2020-09-11T00:00:00.000Z,2333,40,6.0,594,0.0
2020-09-12T00:00:00.000Z,2337,40,4.0,584,0.0
2020-09-13T00:00:00.000Z,2341,40,4.0,584,0.0
2020-09-14T00:00:00.000Z,2347,40,6.0,585,0.0
2020-09-15T00:00:00.000Z,2352,40,5.0,570,0.0
2020-09-16T00:00:00.000Z,2356,40,4.0,571,0.0
2020-09-17T00:00:00.000Z,2361,40,5.0,576,0.0
2020-09-18T00:00:00.000Z,2368,40,7.0,582,0.0
2020-09-19T00:00:00.000Z,2374,40,6.0,563,0.0
2020-09-20T00:00:00.000Z,2378,40,4.0,561,0.0
2020-09-21T00:00:00.000Z,2384,40,6.0,562,0.0
2020-09-22T00:00:00.000Z,2388,40,4.0,558,0.0
2020-09-23T00:00:00.000Z,2393,40,5.0,563,0.0
2020-09-24T00:00:00.000Z,2397,40,4.0,561,0.0
2020-09-25T00:00:00.000Z,2404,40,7.0,562,0.0
2020-09-26T00:00:00.000Z,2409,40,5.0,567,0.0
2020-09-27T00:00:00.000Z,2413,40,4.0,567,0.0
2020-09-28T00:00:00.000Z,2419,40,6.0,571,0.0
2020-09-29T00:00:00.000Z,2424,40,5.0,553,0.0
2020-09-30T00:00:00.000Z,2428,40,4.0,551,0.0
2020-10-01T00:00:00.000Z,2434,40,6.0,551,0.0
2020-10-02T00:00:00.000Z,2441,40,7.0,552,0.0
2020-10-03T00:00:00.000Z,2447,40,6.0,539,0.0
2020-10-04T00:00:00.000Z,2451,40,4.0,543,0.0
2020-10-05T00:00:00.000Z,2458,41,7.0,545,1.0
2020-10-06T00:00:00.000Z,2463,41,5.0,515,0.0
2020-10-07T00:00:00.000Z,2469,41,6.0,511,0.0
2020-10-08T00:00:00.000Z,2473,41,4.0,507,0.0
2020-10-09T00:00:00.000Z,2479,41,6.0,513,0.0
2020-10-10T00:00:00.000Z,2484,42,5.0,453,1.0
2020-10-11T00:00:00.000Z,2491,42,7.0,458,0.0
