date,total_cases,total_death,daily_cases,total_currently_infected,death_per_day
2020-03-19T00:00:00.000Z,1,0,1.0,1,0.0
2020-03-20T00:00:00.000Z,1,0,0.0,1,0.0
2020-03-21T00:00:00.000Z,1,0,0.0,1,0.0
2020-03-22T00:00:00.000Z,1,0,0.0,1,0.0
2020-03-23T00:00:00.000Z,1,0,0.0,1,0.0
2020-03-24T00:00:00.000Z,1,0,0.0,1,0.0
2020-03-25T00:00:00.000Z,1,0,0.0,1,0.0
2020-03-26T00:00:00.000Z,1,0,0.0,1,0.0
2020-03-27T00:00:00.000Z,1,0,0.0,1,0.0
2020-03-28T00:00:00.000Z,1,0,0.0,1,0.0
2020-03-29T00:00:00.000Z,1,0,0.0,1,0.0
2020-03-30T00:00:00.000Z,1,0,0.0,1,0.0
2020-03-31T00:00:00.000Z,1,0,0.0,1,0.0
2020-04-01T00:00:00.000Z,1,0,0.0,1,0.0
2020-04-02T00:00:00.000Z,2,0,1.0,2,0.0
2020-04-03T00:00:00.000Z,2,0,0.0,2,0.0
2020-04-04T00:00:00.000Z,4,0,2.0,3,0.0
2020-04-05T00:00:00.000Z,4,0,0.0,3,0.0
2020-04-06T00:00:00.000Z,8,0,4.0,7,0.0
2020-04-07T00:00:00.000Z,17,0,9.0,16,0.0
2020-04-08T00:00:00.000Z,17,0,0.0,16,0.0
2020-04-09T00:00:00.000Z,19,0,2.0,18,0.0
2020-04-10T00:00:00.000Z,34,0,15.0,33,0.0
2020-04-11T00:00:00.000Z,39,0,5.0,38,0.0
2020-04-12T00:00:00.000Z,50,0,11.0,48,0.0
2020-04-13T00:00:00.000Z,65,0,15.0,63,0.0
2020-04-14T00:00:00.000Z,65,0,0.0,63,0.0
2020-04-15T00:00:00.000Z,78,0,13.0,76,0.0
2020-04-16T00:00:00.000Z,125,1,47.0,123,1.0
2020-04-17T00:00:00.000Z,137,1,12.0,135,0.0
2020-04-18T00:00:00.000Z,164,1,27.0,158,0.0
2020-04-19T00:00:00.000Z,193,1,29.0,184,0.0
2020-04-20T00:00:00.000Z,225,2,32.0,216,1.0
2020-04-21T00:00:00.000Z,235,5,10.0,226,3.0
2020-04-22T00:00:00.000Z,262,5,27.0,248,0.0
2020-04-23T00:00:00.000Z,305,5,43.0,291,0.0
2020-04-24T00:00:00.000Z,348,5,43.0,331,0.0
2020-04-25T00:00:00.000Z,383,7,35.0,352,2.0
2020-04-26T00:00:00.000Z,421,8,38.0,390,1.0
2020-04-27T00:00:00.000Z,463,8,42.0,419,0.0
2020-04-28T00:00:00.000Z,502,8,39.0,458,0.0
2020-04-29T00:00:00.000Z,539,8,37.0,469,0.0
2020-04-30T00:00:00.000Z,586,8,47.0,489,0.0
2020-05-01T00:00:00.000Z,627,8,41.0,510,0.0
2020-05-02T00:00:00.000Z,676,8,49.0,545,0.0
2020-05-03T00:00:00.000Z,731,8,55.0,597,0.0
2020-05-04T00:00:00.000Z,795,8,64.0,661,0.0
2020-05-05T00:00:00.000Z,844,8,49.0,695,0.0
2020-05-06T00:00:00.000Z,892,8,48.0,731,0.0
2020-05-07T00:00:00.000Z,950,8,58.0,775,0.0
2020-05-08T00:00:00.000Z,1018,8,68.0,843,0.0
2020-05-09T00:00:00.000Z,1081,8,63.0,881,0.0
2020-05-10T00:00:00.000Z,1144,8,63.0,939,0.0
2020-05-11T00:00:00.000Z,1220,8,76.0,965,0.0
2020-05-12T00:00:00.000Z,1282,8,62.0,980,0.0
2020-05-13T00:00:00.000Z,1360,8,78.0,1026,0.0
2020-05-14T00:00:00.000Z,1439,8,79.0,1095,0.0
2020-05-15T00:00:00.000Z,1522,8,83.0,1117,0.0
2020-05-16T00:00:00.000Z,1603,8,81.0,1146,0.0
2020-05-17T00:00:00.000Z,1700,8,97.0,1183,0.0
2020-05-18T00:00:00.000Z,1787,8,87.0,1228,0.0
2020-05-19T00:00:00.000Z,1863,8,76.0,1304,0.0
2020-05-20T00:00:00.000Z,1936,8,73.0,1337,0.0
2020-05-21T00:00:00.000Z,2014,9,78.0,1385,1.0
2020-05-22T00:00:00.000Z,2104,9,90.0,1445,0.0
2020-05-23T00:00:00.000Z,2195,9,91.0,1509,0.0
2020-05-24T00:00:00.000Z,2290,10,95.0,1573,1.0
2020-05-25T00:00:00.000Z,2387,11,97.0,1667,1.0
2020-05-26T00:00:00.000Z,2472,11,85.0,1707,0.0
2020-05-27T00:00:00.000Z,2545,12,73.0,1623,1.0
2020-05-28T00:00:00.000Z,2626,12,81.0,1531,0.0
2020-05-29T00:00:00.000Z,2709,12,83.0,1522,0.0
2020-05-30T00:00:00.000Z,2798,14,89.0,1586,2.0
2020-05-31T00:00:00.000Z,2885,14,87.0,1643,0.0
2020-06-01T00:00:00.000Z,2973,14,88.0,1701,0.0
2020-06-02T00:00:00.000Z,3061,14,88.0,1742,0.0
2020-06-03T00:00:00.000Z,3148,14,87.0,1779,0.0
2020-06-04T00:00:00.000Z,3231,15,83.0,1800,1.0
2020-06-05T00:00:00.000Z,3311,15,80.0,1835,0.0
2020-06-06T00:00:00.000Z,3395,16,84.0,1870,1.0
2020-06-07T00:00:00.000Z,3475,16,80.0,1850,0.0
2020-06-08T00:00:00.000Z,3561,16,86.0,1834,0.0
2020-06-09T00:00:00.000Z,3646,18,85.0,1877,2.0
2020-06-10T00:00:00.000Z,3725,18,79.0,1896,0.0
2020-06-11T00:00:00.000Z,3802,18,77.0,1845,0.0
2020-06-12T00:00:00.000Z,3878,18,76.0,1848,0.0
2020-06-13T00:00:00.000Z,3956,18,78.0,1851,0.0
2020-06-14T00:00:00.000Z,4033,18,77.0,1877,0.0
2020-06-15T00:00:00.000Z,4112,18,79.0,1915,0.0
2020-06-16T00:00:00.000Z,4186,18,74.0,1925,0.0
2020-06-17T00:00:00.000Z,4259,21,73.0,1913,3.0
2020-06-18T00:00:00.000Z,4331,21,72.0,1970,0.0
2020-06-19T00:00:00.000Z,4401,21,70.0,1977,0.0
2020-06-20T00:00:00.000Z,4472,23,71.0,1966,2.0
2020-06-21T00:00:00.000Z,4541,23,69.0,2003,0.0
2020-06-22T00:00:00.000Z,4612,24,71.0,2054,1.0
2020-06-23T00:00:00.000Z,4678,24,66.0,2073,0.0
2020-06-24T00:00:00.000Z,4740,25,62.0,2023,1.0
2020-06-25T00:00:00.000Z,4802,25,62.0,2035,0.0
2020-06-26T00:00:00.000Z,4860,28,58.0,2053,3.0
2020-06-27T00:00:00.000Z,4915,28,55.0,2085,0.0
2020-06-28T00:00:00.000Z,4973,30,58.0,2111,2.0
2020-06-29T00:00:00.000Z,5025,31,52.0,2143,1.0
2020-06-30T00:00:00.000Z,5076,31,51.0,2176,0.0
2020-07-01T00:00:00.000Z,5134,32,58.0,2214,1.0
2020-07-02T00:00:00.000Z,5194,33,60.0,2254,1.0
2020-07-03T00:00:00.000Z,5253,34,59.0,2293,1.0
2020-07-04T00:00:00.000Z,5315,37,62.0,2332,3.0
2020-07-05T00:00:00.000Z,5386,40,71.0,2378,3.0
2020-07-06T00:00:00.000Z,5454,40,68.0,2425,0.0
2020-07-07T00:00:00.000Z,5521,43,67.0,2468,3.0
2020-07-08T00:00:00.000Z,5590,43,69.0,2510,0.0
2020-07-09T00:00:00.000Z,5657,43,67.0,2550,0.0
2020-07-10T00:00:00.000Z,5718,43,61.0,2586,0.0
2020-07-11T00:00:00.000Z,5775,46,57.0,2616,3.0
2020-07-12T00:00:00.000Z,5830,46,55.0,2646,0.0
2020-07-13T00:00:00.000Z,5886,46,56.0,2681,0.0
2020-07-14T00:00:00.000Z,5940,47,54.0,2712,1.0
2020-07-15T00:00:00.000Z,5998,47,58.0,2745,0.0
2020-07-16T00:00:00.000Z,6055,48,57.0,2775,1.0
2020-07-17T00:00:00.000Z,6110,48,55.0,2803,0.0
2020-07-18T00:00:00.000Z,6164,48,54.0,2830,0.0
2020-07-19T00:00:00.000Z,6216,49,52.0,2852,1.0
2020-07-20T00:00:00.000Z,6264,49,48.0,2879,0.0
2020-07-21T00:00:00.000Z,6310,50,46.0,2905,1.0
2020-07-22T00:00:00.000Z,6352,50,42.0,2922,0.0
2020-07-23T00:00:00.000Z,6398,50,46.0,2944,0.0
2020-07-24T00:00:00.000Z,6440,51,42.0,2955,1.0
2020-07-25T00:00:00.000Z,6484,51,44.0,2968,0.0
2020-07-26T00:00:00.000Z,6529,51,45.0,2967,0.0
2020-07-27T00:00:00.000Z,6567,51,38.0,2978,0.0
2020-07-28T00:00:00.000Z,6609,51,42.0,2993,0.0
2020-07-29T00:00:00.000Z,6653,51,44.0,3006,0.0
2020-07-30T00:00:00.000Z,6694,51,41.0,3014,0.0
2020-07-31T00:00:00.000Z,6734,54,40.0,3009,3.0
2020-08-01T00:00:00.000Z,6774,54,40.0,2982,0.0
2020-08-02T00:00:00.000Z,6811,56,37.0,2954,2.0
2020-08-03T00:00:00.000Z,6846,56,35.0,2924,0.0
2020-08-04T00:00:00.000Z,6880,58,34.0,2895,2.0
2020-08-05T00:00:00.000Z,6915,62,35.0,2865,4.0
2020-08-06T00:00:00.000Z,6947,62,32.0,2834,0.0
2020-08-07T00:00:00.000Z,6980,62,33.0,2800,0.0
2020-08-08T00:00:00.000Z,7010,62,30.0,2765,0.0
2020-08-09T00:00:00.000Z,7042,64,32.0,2730,2.0
2020-08-10T00:00:00.000Z,7072,64,30.0,2693,0.0
2020-08-11T00:00:00.000Z,7108,64,36.0,2658,0.0
2020-08-12T00:00:00.000Z,7144,65,36.0,2571,1.0
2020-08-13T00:00:00.000Z,7179,66,35.0,2434,1.0
2020-08-14T00:00:00.000Z,7213,66,34.0,2282,0.0
2020-08-15T00:00:00.000Z,7247,68,34.0,2133,2.0
2020-08-16T00:00:00.000Z,7279,68,32.0,1968,0.0
2020-08-17T00:00:00.000Z,7309,68,30.0,1797,0.0
2020-08-18T00:00:00.000Z,7342,68,33.0,1600,0.0
2020-08-19T00:00:00.000Z,7378,68,36.0,1377,0.0
2020-08-20T00:00:00.000Z,7414,68,36.0,1340,0.0
2020-08-21T00:00:00.000Z,7448,68,34.0,1334,0.0
2020-08-22T00:00:00.000Z,7481,68,33.0,1312,0.0
2020-08-23T00:00:00.000Z,7516,68,35.0,1320,0.0
2020-08-24T00:00:00.000Z,7551,68,35.0,1334,0.0
2020-08-25T00:00:00.000Z,7585,68,34.0,1348,0.0
2020-08-26T00:00:00.000Z,7619,68,34.0,1336,0.0
2020-08-27T00:00:00.000Z,7651,68,32.0,1338,0.0
2020-08-28T00:00:00.000Z,7682,70,31.0,1335,2.0
2020-08-29T00:00:00.000Z,7713,70,31.0,1339,0.0
2020-08-30T00:00:00.000Z,7743,70,30.0,1342,0.0
2020-08-31T00:00:00.000Z,7774,70,31.0,1348,0.0
2020-09-01T00:00:00.000Z,7803,70,29.0,1354,0.0
2020-09-02T00:00:00.000Z,7836,71,33.0,1359,1.0
2020-09-03T00:00:00.000Z,7865,71,29.0,1361,0.0
2020-09-04T00:00:00.000Z,7895,72,30.0,1363,1.0
2020-09-05T00:00:00.000Z,7923,73,28.0,1370,1.0
2020-09-06T00:00:00.000Z,7953,73,30.0,1371,0.0
2020-09-07T00:00:00.000Z,7983,73,30.0,1379,0.0
2020-09-08T00:00:00.000Z,8014,74,31.0,1379,1.0
2020-09-09T00:00:00.000Z,8043,75,29.0,1375,1.0
2020-09-10T00:00:00.000Z,8070,76,27.0,1367,1.0
2020-09-11T00:00:00.000Z,8096,76,26.0,1289,0.0
2020-09-12T00:00:00.000Z,8121,77,25.0,1277,1.0
2020-09-13T00:00:00.000Z,8145,79,24.0,1298,2.0
2020-09-14T00:00:00.000Z,8169,81,24.0,1317,2.0
2020-09-15T00:00:00.000Z,8194,81,25.0,1304,0.0
2020-09-16T00:00:00.000Z,8221,83,27.0,1295,2.0
2020-09-17T00:00:00.000Z,8248,83,27.0,1274,0.0
2020-09-18T00:00:00.000Z,8274,85,26.0,1249,2.0
2020-09-19T00:00:00.000Z,8301,85,27.0,1254,0.0
2020-09-20T00:00:00.000Z,8327,85,26.0,1268,0.0
2020-09-21T00:00:00.000Z,8352,85,25.0,1287,0.0
2020-09-22T00:00:00.000Z,8380,89,28.0,1293,4.0
2020-09-23T00:00:00.000Z,8407,89,27.0,1287,0.0
2020-09-24T00:00:00.000Z,8434,89,27.0,1283,0.0
2020-09-25T00:00:00.000Z,8459,92,25.0,1285,3.0
2020-09-26T00:00:00.000Z,8486,93,27.0,1291,1.0
2020-09-27T00:00:00.000Z,8512,93,26.0,1306,0.0
2020-09-28T00:00:00.000Z,8540,93,28.0,1333,0.0
2020-09-29T00:00:00.000Z,8570,93,30.0,1341,0.0
2020-09-30T00:00:00.000Z,8597,93,27.0,1348,0.0
2020-10-01T00:00:00.000Z,8623,93,26.0,1347,0.0
2020-10-02T00:00:00.000Z,8650,97,27.0,1352,4.0
2020-10-03T00:00:00.000Z,8678,97,28.0,1360,0.0
2020-10-04T00:00:00.000Z,8704,97,26.0,1378,0.0
2020-10-05T00:00:00.000Z,8731,97,27.0,1401,0.0
2020-10-06T00:00:00.000Z,8759,98,28.0,1399,1.0
2020-10-07T00:00:00.000Z,8789,100,30.0,1404,2.0
2020-10-08T00:00:00.000Z,8823,100,34.0,1407,0.0
2020-10-09T00:00:00.000Z,8855,102,32.0,1410,2.0
2020-10-10T00:00:00.000Z,8886,105,31.0,1418,3.0
2020-10-11T00:00:00.000Z,8919,105,33.0,1443,0.0
