date,total_cases,total_death,daily_cases,total_currently_infected,death_per_day
2020-03-29T00:00:00.000Z,1,0,1.0,1,0.0
2020-03-30T00:00:00.000Z,2,0,1.0,2,0.0
2020-03-31T00:00:00.000Z,3,0,1.0,3,0.0
2020-04-01T00:00:00.000Z,3,0,0.0,3,0.0
2020-04-02T00:00:00.000Z,7,0,4.0,7,0.0
2020-04-03T00:00:00.000Z,8,0,1.0,8,0.0
2020-04-04T00:00:00.000Z,8,0,0.0,8,0.0
2020-04-05T00:00:00.000Z,8,0,0.0,8,0.0
2020-04-06T00:00:00.000Z,13,1,5.0,13,1.0
2020-04-07T00:00:00.000Z,14,1,1.0,14,0.0
2020-04-08T00:00:00.000Z,14,2,0.0,14,1.0
2020-04-09T00:00:00.000Z,21,2,7.0,21,0.0
2020-04-10T00:00:00.000Z,24,2,3.0,24,0.0
2020-04-11T00:00:00.000Z,28,2,4.0,28,0.0
2020-04-12T00:00:00.000Z,35,2,7.0,35,0.0
2020-04-13T00:00:00.000Z,35,2,0.0,32,0.0
2020-04-14T00:00:00.000Z,40,2,5.0,37,0.0
2020-04-15T00:00:00.000Z,47,2,7.0,43,0.0
2020-04-16T00:00:00.000Z,54,2,7.0,50,0.0
2020-04-17T00:00:00.000Z,55,2,1.0,45,0.0
2020-04-18T00:00:00.000Z,65,2,10.0,53,0.0
2020-04-19T00:00:00.000Z,68,2,3.0,56,0.0
2020-04-20T00:00:00.000Z,75,3,7.0,62,1.0
2020-04-21T00:00:00.000Z,75,3,0.0,62,0.0
2020-04-22T00:00:00.000Z,75,3,0.0,62,0.0
2020-04-23T00:00:00.000Z,85,3,10.0,62,0.0
2020-04-24T00:00:00.000Z,85,3,0.0,62,0.0
2020-04-25T00:00:00.000Z,85,3,0.0,60,0.0
2020-04-26T00:00:00.000Z,95,4,10.0,70,1.0
2020-04-27T00:00:00.000Z,95,4,0.0,70,0.0
2020-04-28T00:00:00.000Z,105,4,10.0,68,0.0
2020-04-29T00:00:00.000Z,114,4,9.0,77,0.0
2020-04-30T00:00:00.000Z,129,4,15.0,90,0.0
2020-05-01T00:00:00.000Z,150,4,21.0,97,0.0
2020-05-02T00:00:00.000Z,166,4,16.0,113,0.0
2020-05-03T00:00:00.000Z,185,5,19.0,127,1.0
2020-05-04T00:00:00.000Z,200,5,15.0,138,0.0
2020-05-05T00:00:00.000Z,231,6,31.0,166,1.0
2020-05-06T00:00:00.000Z,237,6,6.0,170,0.0
2020-05-07T00:00:00.000Z,255,6,18.0,180,0.0
2020-05-08T00:00:00.000Z,271,6,16.0,194,0.0
2020-05-09T00:00:00.000Z,289,6,18.0,211,0.0
2020-05-10T00:00:00.000Z,314,6,25.0,233,0.0
2020-05-11T00:00:00.000Z,314,6,0.0,229,0.0
2020-05-12T00:00:00.000Z,354,6,40.0,260,0.0
2020-05-13T00:00:00.000Z,380,6,26.0,280,0.0
2020-05-14T00:00:00.000Z,475,6,95.0,369,0.0
2020-05-15T00:00:00.000Z,499,6,24.0,382,0.0
2020-05-16T00:00:00.000Z,526,6,27.0,395,0.0
2020-05-17T00:00:00.000Z,601,6,75.0,459,0.0
2020-05-18T00:00:00.000Z,698,6,97.0,553,0.0
2020-05-19T00:00:00.000Z,746,7,48.0,586,1.0
2020-05-20T00:00:00.000Z,746,7,0.0,577,0.0
2020-05-21T00:00:00.000Z,863,8,117.0,685,1.0
2020-05-22T00:00:00.000Z,958,8,95.0,755,0.0
2020-05-23T00:00:00.000Z,1078,9,120.0,859,1.0
2020-05-24T00:00:00.000Z,1194,9,116.0,969,0.0
2020-05-25T00:00:00.000Z,1306,9,112.0,1067,0.0
2020-05-26T00:00:00.000Z,1376,10,70.0,1116,1.0
2020-05-27T00:00:00.000Z,1438,10,62.0,1162,0.0
2020-05-28T00:00:00.000Z,1498,10,60.0,1203,0.0
2020-05-29T00:00:00.000Z,1660,11,162.0,1355,1.0
2020-05-30T00:00:00.000Z,1750,11,90.0,1432,0.0
2020-05-31T00:00:00.000Z,1750,11,0.0,1419,0.0
2020-06-01T00:00:00.000Z,2189,11,439.0,1826,0.0
2020-06-02T00:00:00.000Z,2309,13,120.0,1878,2.0
2020-06-03T00:00:00.000Z,2447,14,138.0,1951,1.0
2020-06-04T00:00:00.000Z,2542,15,95.0,1976,1.0
2020-06-05T00:00:00.000Z,2613,16,71.0,2009,1.0
2020-06-06T00:00:00.000Z,2792,16,179.0,2013,0.0
2020-06-07T00:00:00.000Z,2877,16,85.0,2062,0.0
2020-06-08T00:00:00.000Z,3083,16,206.0,2252,0.0
2020-06-09T00:00:00.000Z,3265,18,182.0,2357,2.0
2020-06-10T00:00:00.000Z,3265,20,0.0,2357,2.0
2020-06-11T00:00:00.000Z,3719,20,454.0,2704,0.0
2020-06-12T00:00:00.000Z,3913,20,194.0,2841,0.0
2020-06-13T00:00:00.000Z,3913,20,0.0,2841,0.0
2020-06-14T00:00:00.000Z,4028,20,115.0,2956,0.0
2020-06-15T00:00:00.000Z,4568,20,540.0,3369,0.0
2020-06-16T00:00:00.000Z,4747,22,179.0,3431,2.0
2020-06-17T00:00:00.000Z,4880,24,133.0,3466,2.0
2020-06-18T00:00:00.000Z,5044,27,164.0,3464,3.0
2020-06-19T00:00:00.000Z,5237,31,193.0,3481,4.0
2020-06-20T00:00:00.000Z,5428,40,191.0,3540,9.0
2020-06-21T00:00:00.000Z,5428,40,0.0,3540,0.0
2020-06-22T00:00:00.000Z,5820,40,392.0,3704,0.0
2020-06-23T00:00:00.000Z,6003,40,183.0,3728,0.0
2020-06-24T00:00:00.000Z,6202,42,199.0,3792,2.0
2020-06-25T00:00:00.000Z,6408,44,206.0,3872,2.0
2020-06-26T00:00:00.000Z,6635,50,227.0,3981,6.0
2020-06-27T00:00:00.000Z,6635,55,0.0,3981,5.0
2020-06-28T00:00:00.000Z,6807,55,172.0,4153,0.0
2020-06-29T00:00:00.000Z,7043,56,236.0,4389,1.0
2020-06-30T00:00:00.000Z,7553,59,510.0,4487,3.0
2020-07-01T00:00:00.000Z,7786,63,233.0,4408,4.0
2020-07-02T00:00:00.000Z,7786,66,0.0,4408,3.0
2020-07-03T00:00:00.000Z,8025,69,239.0,4647,3.0
2020-07-04T00:00:00.000Z,8260,69,235.0,4882,0.0
2020-07-05T00:00:00.000Z,8501,69,241.0,5123,0.0
2020-07-06T00:00:00.000Z,8740,69,239.0,5362,0.0
2020-07-07T00:00:00.000Z,8985,76,245.0,5229,7.0
2020-07-08T00:00:00.000Z,9225,82,240.0,5380,6.0
2020-07-09T00:00:00.000Z,9468,86,243.0,5385,4.0
2020-07-10T00:00:00.000Z,9679,87,211.0,5483,1.0
2020-07-11T00:00:00.000Z,9885,94,206.0,5483,7.0
2020-07-12T00:00:00.000Z,10094,94,209.0,5604,0.0
2020-07-13T00:00:00.000Z,10297,94,203.0,5754,0.0
2020-07-14T00:00:00.000Z,10495,98,198.0,5768,4.0
2020-07-15T00:00:00.000Z,10685,107,190.0,5407,9.0
2020-07-16T00:00:00.000Z,10881,109,196.0,5256,2.0
2020-07-17T00:00:00.000Z,11074,115,193.0,5162,6.0
2020-07-18T00:00:00.000Z,11262,120,188.0,5126,5.0
2020-07-19T00:00:00.000Z,11447,120,185.0,5287,0.0
2020-07-20T00:00:00.000Z,11625,122,178.0,5398,2.0
2020-07-21T00:00:00.000Z,11806,123,181.0,5242,1.0
2020-07-22T00:00:00.000Z,11976,132,170.0,5214,9.0
2020-07-23T00:00:00.000Z,12152,144,176.0,5161,12.0
2020-07-24T00:00:00.000Z,12323,150,171.0,5112,6.0
2020-07-25T00:00:00.000Z,12487,150,164.0,5083,0.0
2020-07-26T00:00:00.000Z,12648,150,161.0,5225,0.0
2020-07-27T00:00:00.000Z,12813,154,165.0,5310,4.0
2020-07-28T00:00:00.000Z,12975,164,162.0,5022,10.0
2020-07-29T00:00:00.000Z,13134,167,159.0,4983,3.0
2020-07-30T00:00:00.000Z,13282,171,148.0,4912,4.0
2020-07-31T00:00:00.000Z,13422,174,140.0,4823,3.0
2020-08-01T00:00:00.000Z,13568,176,146.0,4769,2.0
2020-08-02T00:00:00.000Z,13711,176,143.0,4897,0.0
2020-08-03T00:00:00.000Z,13851,178,140.0,4971,2.0
2020-08-04T00:00:00.000Z,13988,182,137.0,4830,4.0
2020-08-05T00:00:00.000Z,14123,189,135.0,4605,7.0
2020-08-06T00:00:00.000Z,14251,198,128.0,4394,9.0
2020-08-07T00:00:00.000Z,14381,206,130.0,4316,8.0
2020-08-08T00:00:00.000Z,14500,206,119.0,4215,0.0
2020-08-09T00:00:00.000Z,14623,206,123.0,4326,0.0
2020-08-10T00:00:00.000Z,14743,209,120.0,4386,3.0
2020-08-11T00:00:00.000Z,14867,214,124.0,4316,5.0
2020-08-12T00:00:00.000Z,14986,214,119.0,4225,0.0
2020-08-13T00:00:00.000Z,15101,221,115.0,4158,7.0
2020-08-14T00:00:00.000Z,15211,224,110.0,4122,3.0
2020-08-15T00:00:00.000Z,15324,225,113.0,4126,1.0
2020-08-16T00:00:00.000Z,15442,225,118.0,4228,0.0
2020-08-17T00:00:00.000Z,15556,228,114.0,4305,3.0
2020-08-18T00:00:00.000Z,15664,237,108.0,4187,9.0
2020-08-19T00:00:00.000Z,15775,239,111.0,4179,2.0
2020-08-20T00:00:00.000Z,15880,239,105.0,4158,0.0
2020-08-21T00:00:00.000Z,15981,239,101.0,4143,0.0
2020-08-22T00:00:00.000Z,16086,239,105.0,4127,0.0
2020-08-23T00:00:00.000Z,16184,239,98.0,4211,0.0
2020-08-24T00:00:00.000Z,16273,239,89.0,4267,0.0
2020-08-25T00:00:00.000Z,16360,242,87.0,4135,3.0
2020-08-26T00:00:00.000Z,16434,245,74.0,4022,3.0
2020-08-27T00:00:00.000Z,16510,248,76.0,3967,3.0
2020-08-28T00:00:00.000Z,16583,248,73.0,3927,0.0
2020-08-29T00:00:00.000Z,16660,248,77.0,3883,0.0
2020-08-30T00:00:00.000Z,16732,248,72.0,3920,0.0
2020-08-31T00:00:00.000Z,16810,248,78.0,3984,0.0
2020-09-01T00:00:00.000Z,16886,250,76.0,3920,2.0
2020-09-02T00:00:00.000Z,16958,251,72.0,3878,1.0
2020-09-03T00:00:00.000Z,17033,252,75.0,3828,1.0
2020-09-04T00:00:00.000Z,17103,254,70.0,3772,2.0
2020-09-05T00:00:00.000Z,17184,254,81.0,3791,0.0
2020-09-06T00:00:00.000Z,17253,254,69.0,3860,0.0
2020-09-07T00:00:00.000Z,17328,254,75.0,3873,0.0
2020-09-08T00:00:00.000Z,17395,254,67.0,3719,0.0
2020-09-09T00:00:00.000Z,17466,259,71.0,3685,5.0
2020-09-10T00:00:00.000Z,17542,260,76.0,3680,1.0
2020-09-11T00:00:00.000Z,17615,261,73.0,3640,1.0
2020-09-12T00:00:00.000Z,17691,262,76.0,3644,1.0
2020-09-13T00:00:00.000Z,17760,262,69.0,3699,0.0
2020-09-14T00:00:00.000Z,17832,262,72.0,3724,0.0
2020-09-15T00:00:00.000Z,17905,264,73.0,3593,2.0
2020-09-16T00:00:00.000Z,17981,266,76.0,3524,2.0
2020-09-17T00:00:00.000Z,18058,269,77.0,3492,3.0
2020-09-18T00:00:00.000Z,18139,273,81.0,3427,4.0
2020-09-19T00:00:00.000Z,18211,274,72.0,3396,1.0
2020-09-20T00:00:00.000Z,18289,274,78.0,3470,0.0
2020-09-21T00:00:00.000Z,18358,277,69.0,3493,3.0
2020-09-22T00:00:00.000Z,18433,277,75.0,3380,0.0
2020-09-23T00:00:00.000Z,18506,278,73.0,3301,1.0
2020-09-24T00:00:00.000Z,18586,281,80.0,3217,3.0
2020-09-25T00:00:00.000Z,18663,281,77.0,3171,0.0
2020-09-26T00:00:00.000Z,18745,284,82.0,3077,3.0
2020-09-27T00:00:00.000Z,18821,284,76.0,3114,0.0
2020-09-28T00:00:00.000Z,18906,284,85.0,3137,0.0
2020-09-29T00:00:00.000Z,18989,287,83.0,3064,3.0
2020-09-30T00:00:00.000Z,19076,291,87.0,3051,4.0
2020-10-01T00:00:00.000Z,19168,297,92.0,2993,6.0
2020-10-02T00:00:00.000Z,19266,297,98.0,2971,0.0
2020-10-03T00:00:00.000Z,19363,299,97.0,2988,2.0
2020-10-04T00:00:00.000Z,19462,299,99.0,3076,0.0
2020-10-05T00:00:00.000Z,19570,302,108.0,3149,3.0
2020-10-06T00:00:00.000Z,19686,309,116.0,3123,7.0
2020-10-07T00:00:00.000Z,19810,311,124.0,3105,2.0
2020-10-08T00:00:00.000Z,19946,312,136.0,3119,1.0
2020-10-09T00:00:00.000Z,20092,315,146.0,3097,3.0
2020-10-10T00:00:00.000Z,20247,317,155.0,3136,2.0
2020-10-11T00:00:00.000Z,20406,318,159.0,3284,1.0
