date,total_cases,total_death,daily_cases,total_currently_infected,death_per_day
2020-03-19,1,0,1,1,0
2020-03-20,1,0,0,1,0
2020-03-21,1,0,0,1,0
2020-03-22,1,0,0,1,0
2020-03-23,1,0,0,1,0
2020-03-24,1,0,0,1,0
2020-03-25,1,0,0,1,0
2020-03-26,1,0,0,1,0
2020-03-27,2,0,1,2,0
2020-03-28,7,0,5,7,0
2020-03-29,7,0,0,7,0
2020-03-30,9,0,2,9,0
2020-03-31,9,0,0,9,0
2020-04-01,11,0,2,11,0
2020-04-02,11,0,0,10,0
2020-04-03,13,0,2,12,0
2020-04-04,23,0,10,22,0
2020-04-05,23,0,0,22,0
2020-04-06,33,0,10,32,0
2020-04-07,47,0,14,46,0
2020-04-08,47,0,0,46,0
2020-04-09,60,0,13,53,0
2020-04-10,60,0,0,53,0
2020-04-11,62,0,2,55,0
2020-04-12,80,0,18,73,0
2020-04-13,86,0,6,79,0
2020-04-14,96,0,10,88,0
2020-04-15,121,0,25,113,0
2020-04-16,136,0,15,128,0
2020-04-17,149,0,13,139,0
2020-04-18,164,1,15,152,1
2020-04-19,183,1,19,171,0
2020-04-20,203,2,20,191,1
2020-04-21,213,2,10,201,0
2020-04-22,225,2,12,213,0
2020-04-23,239,2,14,227,0
2020-04-24,247,2,8,206,0
2020-04-25,263,2,16,222,0
2020-04-26,274,2,11,204,0
2020-04-27,282,2,8,212,0
2020-04-28,296,2,14,226,0
2020-04-29,327,2,31,257,0
2020-04-30,359,3,32,280,1
2020-05-01,403,3,44,324,0
2020-05-02,434,3,31,349,0
2020-05-03,456,4,22,369,1
2020-05-04,485,5,29,393,1
2020-05-05,517,6,32,418,1
2020-05-06,537,7,20,435,1
2020-05-07,595,7,58,476,0
2020-05-08,653,7,58,520,0
2020-05-09,679,10,26,515,3
2020-05-10,758,10,79,581,0
2020-05-11,843,11,85,663,1
2020-05-12,911,12,68,725,1
2020-05-13,921,12,10,689,0
2020-05-14,1023,12,102,751,0
2020-05-15,1124,13,101,817,1
2020-05-16,1192,13,68,859,0
2020-05-17,1245,13,53,911,0
2020-05-18,1291,13,46,948,0
2020-05-19,1313,15,22,916,2
2020-05-20,1360,16,47,934,1
2020-05-21,1415,16,55,971,0
2020-05-22,1463,16,48,985,0
2020-05-23,1505,17,42,996,1
2020-05-24,1566,17,61,1052,0
2020-05-25,1602,17,36,1086,0
2020-05-26,1639,18,37,1088,1
2020-05-27,1686,18,47,1087,0
2020-05-28,1745,18,59,1099,0
2020-05-29,1813,18,68,1106,0
2020-05-30,1900,18,87,1117,0
2020-05-31,1977,18,77,1194,0
2020-06-01,2057,18,80,1271,0
2020-06-02,2140,18,83,1276,0
2020-06-03,2205,18,65,1277,0
2020-06-04,2322,20,117,1359,2
2020-06-05,2447,20,125,1450,0
2020-06-06,2577,22,130,1514,2
2020-06-07,2705,22,128,1641,0
2020-06-08,2822,22,117,1731,0
2020-06-09,2930,25,108,1734,3
2020-06-10,3031,25,101,1793,0
2020-06-11,3130,25,99,1823,0
2020-06-12,3228,27,98,1880,2
2020-06-13,3323,27,95,1972,0
2020-06-14,3417,27,94,2039,0
2020-06-15,3508,27,91,2120,0
2020-06-16,3599,30,91,2088,3
2020-06-17,3685,31,86,2009,1
2020-06-18,3768,32,83,2012,1
2020-06-19,3853,34,85,1818,2
2020-06-20,3934,35,81,1659,1
2020-06-21,4017,35,83,1741,0
2020-06-22,4098,35,81,1758,0
2020-06-23,4176,35,78,1678,0
2020-06-24,4253,37,77,1623,2
2020-06-25,4330,39,77,1687,2
2020-06-26,4405,40,75,1642,1
2020-06-27,4479,40,74,1643,0
2020-06-28,4550,43,71,1712,3
2020-06-29,4621,43,71,1752,0
2020-06-30,4691,44,70,1768,1
2020-07-01,4761,45,70,1794,1
2020-07-02,4829,45,68,1856,0
2020-07-03,4898,48,69,1825,3
2020-07-04,4965,49,67,1852,1
2020-07-05,5034,49,69,1918,0
2020-07-06,5102,49,68,1971,0
2020-07-07,5168,49,66,1991,0
2020-07-08,5232,51,64,1977,2
2020-07-09,5304,53,72,1973,2
2020-07-10,5371,55,67,2021,2
2020-07-11,5436,57,65,2000,2
2020-07-12,5501,58,65,2063,1
2020-07-13,5565,59,64,2101,1
2020-07-14,5629,59,64,2001,0
2020-07-15,5691,59,62,1676,0
2020-07-16,5752,61,61,1664,2
2020-07-17,5813,63,61,1660,2
2020-07-18,5876,64,63,1644,1
2020-07-19,5938,64,62,1697,0
2020-07-20,5998,64,60,1736,0
2020-07-21,6059,65,61,1672,1
2020-07-22,6116,65,57,1646,0
2020-07-23,6172,69,56,1662,4
2020-07-24,6222,74,50,1604,5
2020-07-25,6265,79,43,1583,5
2020-07-26,6303,83,38,1613,4
2020-07-27,6330,86,27,1637,3
2020-07-28,6352,88,22,1599,2
2020-07-29,6377,90,25,1471,2
2020-07-30,6401,91,24,1411,1
2020-07-31,6426,94,25,1374,3
2020-08-01,6452,97,26,1327,3
2020-08-02,6479,99,27,1347,2
2020-08-03,6500,102,21,1364,3
2020-08-04,6522,104,22,1364,2
2020-08-05,6546,107,24,1322,3
2020-08-06,6572,107,26,1297,0
2020-08-07,6597,107,25,1276,0
2020-08-08,6623,107,26,1273,0
2020-08-09,6650,107,27,1277,0
2020-08-10,6676,107,26,1303,0
2020-08-11,6700,108,24,1299,1
2020-08-12,6756,108,56,1330,0
2020-08-13,6785,109,29,1310,1
2020-08-14,6813,110,28,1304,1
2020-08-15,6845,111,32,1280,1
2020-08-16,6876,111,31,1308,0
2020-08-17,6909,111,33,1329,0
2020-08-18,6941,112,32,1240,1
2020-08-19,6974,112,33,1240,0
2020-08-20,7009,112,35,1212,0
2020-08-21,7042,112,33,1184,0
2020-08-22,7075,112,33,1197,0
2020-08-23,7110,112,35,1221,0
2020-08-24,7143,114,33,1253,2
2020-08-25,7175,115,32,1244,1
2020-08-26,7210,115,35,1231,0
2020-08-27,7248,117,38,1244,2
2020-08-28,7285,117,37,1225,0
2020-08-29,7321,118,36,1216,1
2020-08-30,7360,118,39,1255,0
2020-08-31,7397,118,37,1287,0
2020-09-01,7433,119,36,1277,1
2020-09-02,7471,119,38,1287,0
2020-09-03,7509,119,38,1252,0
2020-09-04,7549,120,40,1256,1
2020-09-05,7591,121,42,1286,1
2020-09-06,7634,121,43,1329,0
2020-09-07,7675,122,41,1366,1
2020-09-08,7715,122,40,1299,0
2020-09-09,7757,123,42,1322,1
2020-09-10,7800,123,43,1341,0
2020-09-11,7842,123,42,1346,0
2020-09-12,7883,125,41,1374,2
2020-09-13,7925,125,42,1416,0
2020-09-14,7968,125,43,1453,0
2020-09-15,8009,126,41,1448,1
2020-09-16,8052,126,43,1440,0
2020-09-17,8096,128,44,1446,2
2020-09-18,8138,129,42,1454,1
2020-09-19,8184,130,46,1476,1
2020-09-20,8228,130,44,1517,0
2020-09-21,8271,130,43,1560,0
2020-09-22,8315,130,44,1562,0
2020-09-23,8360,132,45,1584,2
2020-09-24,8407,132,47,1562,0
2020-09-25,8452,132,45,1595,0
2020-09-26,8500,132,48,1609,0
2020-09-27,8550,134,50,1658,2
2020-09-28,8603,134,53,1711,0
2020-09-29,8654,134,51,1719,0
2020-09-30,8708,134,54,1738,0
2020-10-01,8764,134,56,1773,0
2020-10-02,8822,136,58,1796,2
2020-10-03,8881,137,59,1820,1
2020-10-04,8946,138,65,1868,1
2020-10-05,9014,138,68,1936,0
2020-10-06,9081,138,67,1954,0
2020-10-07,9151,141,70,1970,3
2020-10-08,9222,141,71,1950,0
2020-10-09,9295,143,73,1997,2
2020-10-10,9370,144,75,2053,1
2020-10-11,9448,144,78,2131,0
