date,total_cases,total_death,daily_cases,total_currently_infected,death_per_day
2020-03-16,1,0,1,1,0
2020-03-17,1,0,0,1,0
2020-03-18,1,0,0,1,0
2020-03-19,1,0,0,1,0
2020-03-20,1,0,0,1,0
2020-03-21,1,0,0,1,0
2020-03-22,1,0,0,1,0
2020-03-23,1,0,0,1,0
2020-03-24,1,0,0,1,0
2020-03-25,3,0,2,2,0
2020-03-26,3,0,0,2,0
2020-03-27,3,0,0,2,0
2020-03-28,3,0,0,2,0
2020-03-29,7,0,4,6,0
2020-03-30,22,0,15,21,0
2020-03-31,22,0,0,21,0
2020-04-01,54,0,32,53,0
2020-04-02,56,0,2,55,0
2020-04-03,56,2,0,55,2
2020-04-04,59,2,3,58,0
2020-04-05,59,2,0,58,0
2020-04-06,90,3,31,89,1
2020-04-07,101,3,11,100,0
2020-04-08,119,3,18,118,0
2020-04-09,150,3,31,149,0
2020-04-10,208,3,58,207,0
2020-04-11,208,3,0,207,0
2020-04-12,208,3,0,207,0
2020-04-13,208,3,0,207,0
2020-04-14,305,3,97,304,0
2020-04-15,402,3,97,401,0
2020-04-16,441,3,39,435,0
2020-04-17,455,3,14,449,0
2020-04-18,474,3,19,468,0
2020-04-19,481,3,7,471,0
2020-04-20,491,4,10,470,1
2020-04-21,507,4,16,486,0
2020-04-22,527,4,20,506,0
2020-04-23,542,4,15,519,0
2020-04-24,553,4,11,525,0
2020-04-25,561,4,8,533,0
2020-04-26,578,5,17,526,1
2020-04-27,590,6,12,538,1
2020-04-28,597,6,7,545,0
2020-04-29,611,6,14,548,0
2020-04-30,621,6,10,557,0
2020-05-01,649,6,28,585,0
2020-05-02,656,7,7,564,1
2020-05-03,676,7,20,569,0
2020-05-04,682,7,6,571,0
2020-05-05,698,7,16,569,0
2020-05-06,726,7,28,597,0
2020-05-07,782,11,56,638,4
2020-05-08,793,11,11,599,0
2020-05-09,803,14,10,589,3
2020-05-10,823,14,20,604,0
2020-05-11,844,15,21,592,1
2020-05-12,847,15,3,560,0
2020-05-13,859,16,12,529,1
2020-05-14,867,16,8,507,0
2020-05-15,882,16,15,495,0
2020-05-16,911,17,29,498,1
2020-05-17,931,17,20,516,0
2020-05-18,968,17,37,550,0
2020-05-19,1007,18,39,582,1
2020-05-20,1019,18,12,573,0
2020-05-21,1032,19,13,548,1
2020-05-22,1067,19,35,554,0
2020-05-23,1105,19,38,564,0
2020-05-24,1129,19,24,573,0
2020-05-25,1135,19,6,567,0
2020-05-26,1144,20,9,552,1
2020-05-27,1188,21,44,563,1
2020-05-28,1238,22,50,594,1
2020-05-29,1262,23,24,595,1
2020-05-30,1293,23,31,608,0
2020-05-31,1322,24,29,618,1
2020-06-01,1352,24,30,648,0
2020-06-02,1393,24,41,645,0
2020-06-03,1426,25,33,625,1
2020-06-04,1455,25,29,639,0
2020-06-05,1480,25,25,625,0
2020-06-06,1518,26,38,643,1
2020-06-07,1564,26,46,679,0
2020-06-08,1600,26,36,710,0
2020-06-09,1626,27,26,715,1
2020-06-10,1693,27,67,754,0
2020-06-11,1804,28,111,844,1
2020-06-12,1929,28,125,910,0
2020-06-13,2085,28,156,1061,0
2020-06-14,2266,28,181,1241,0
2020-06-15,2352,28,86,1326,0
2020-06-16,2437,28,85,1389,0
2020-06-17,2491,28,54,1390,0
2020-06-18,2573,28,82,1433,0
2020-06-19,2687,28,114,1498,0
2020-06-20,2744,28,57,1532,0
2020-06-21,2805,28,61,1589,0
2020-06-22,2864,29,59,1643,1
2020-06-23,2926,29,62,1672,0
2020-06-24,2986,29,60,1681,0
2020-06-25,3050,29,64,1707,0
2020-06-26,3108,29,58,1749,0
2020-06-27,3173,30,65,1672,1
2020-06-28,3287,30,114,1747,0
2020-06-29,3356,30,69,1807,0
2020-06-30,3409,30,53,1810,0
2020-07-01,3463,33,54,1732,3
2020-07-02,3513,33,50,1731,0
2020-07-03,3577,34,64,1707,1
2020-07-04,3640,35,63,1705,1
2020-07-05,3695,35,55,1723,0
2020-07-06,3762,35,67,1790,0
2020-07-07,3866,35,104,1844,0
2020-07-08,3949,35,83,1892,0
2020-07-09,4028,35,79,1904,0
2020-07-10,4107,35,79,1879,0
2020-07-11,4179,35,72,1891,0
2020-07-12,4249,36,70,1937,1
2020-07-13,4308,36,59,1989,0
2020-07-14,4366,38,58,2014,2
2020-07-15,4416,39,50,1972,1
2020-07-16,4469,39,53,1931,0
2020-07-17,4542,40,73,1903,1
2020-07-18,4610,40,68,1863,0
2020-07-19,4680,40,70,1921,0
2020-07-20,4761,40,81,2002,0
2020-07-21,4819,40,58,1953,0
2020-07-22,4866,40,47,1903,0
2020-07-23,4911,40,45,1876,0
2020-07-24,4964,40,53,1815,0
2020-07-25,5034,41,70,1744,1
2020-07-26,5100,41,66,1789,0
2020-07-27,5144,41,44,1828,0
2020-07-28,5185,45,41,1586,4
2020-07-29,5221,48,36,1401,3
2020-07-30,5259,50,38,1341,2
2020-07-31,5303,57,44,1280,7
2020-08-01,5351,58,48,1253,1
2020-08-02,5396,58,45,1259,0
2020-08-03,5447,58,51,1310,0
2020-08-04,5483,59,36,1239,1
2020-08-05,5530,61,47,1194,2
2020-08-06,5567,64,37,1110,3
2020-08-07,5619,64,52,1090,0
2020-08-08,5678,66,59,1092,2
2020-08-09,5738,69,60,1144,3
2020-08-10,5816,69,78,1184,0
2020-08-11,5871,71,55,1175,2
2020-08-12,5923,71,52,1159,0
2020-08-13,5968,73,45,1159,2
2020-08-14,6011,73,43,1167,0
2020-08-15,6052,76,41,1154,3
2020-08-16,6083,76,31,1185,0
2020-08-17,6117,76,34,1199,0
2020-08-18,6148,76,31,1156,0
2020-08-19,6191,76,43,1149,0
2020-08-20,6224,76,33,1108,0
2020-08-21,6261,77,37,1111,1
2020-08-22,6294,78,33,1057,1
2020-08-23,6330,79,36,1087,1
2020-08-24,6370,79,40,1127,0
2020-08-25,6407,79,37,1124,0
2020-08-26,6429,83,22,1088,4
2020-08-27,6453,83,24,1010,0
2020-08-28,6480,84,27,1003,1
2020-08-29,6504,85,24,952,1
2020-08-30,6533,85,29,981,0
2020-08-31,6563,85,30,988,0
2020-09-01,6592,85,29,949,0
2020-09-02,6620,85,28,917,0
2020-09-03,6644,85,24,893,0
2020-09-04,6679,85,35,875,0
2020-09-05,6716,85,37,862,0
2020-09-06,6754,85,38,899,0
2020-09-07,6787,85,33,913,0
2020-09-08,6816,86,29,907,1
2020-09-09,6852,88,36,878,2
2020-09-10,6898,89,46,884,1
2020-09-11,6942,90,44,882,1
2020-09-12,7003,91,61,911,1
2020-09-13,7061,91,58,967,0
2020-09-14,7114,91,53,1020,0
2020-09-15,7165,91,51,1018,0
2020-09-16,7223,92,58,1017,1
2020-09-17,7292,93,69,1019,1
2020-09-18,7359,96,67,1045,3
2020-09-19,7432,97,73,1056,1
2020-09-20,7507,97,75,1118,0
2020-09-21,7583,97,76,1192,0
2020-09-22,7662,101,79,1214,4
2020-09-23,7740,104,78,1225,3
2020-09-24,7811,105,71,1274,1
2020-09-25,7885,106,74,1327,1
2020-09-26,7960,108,75,1340,2
2020-09-27,8037,108,77,1405,0
2020-09-28,8120,108,83,1466,0
2020-09-29,8205,112,85,1450,4
2020-09-30,8296,112,91,1431,0
2020-10-01,8435,114,139,1484,2
2020-10-02,8533,118,98,1472,4
2020-10-03,8632,120,99,1464,2
2020-10-04,8738,120,106,1539,0
2020-10-05,8848,120,110,1641,0
2020-10-06,8961,121,113,1725,1
2020-10-07,9080,126,119,1744,5
2020-10-08,9207,129,127,1731,3
2020-10-09,9342,131,135,1688,2
2020-10-10,9481,136,139,1697,5
2020-10-11,9625,136,144,1797,0
