date,total_cases,total_death,daily_cases,total_currently_infected,death_per_day
2020-03-19T00:00:00.000Z,1,0,1.0,1,0.0
2020-03-20T00:00:00.000Z,1,0,0.0,1,0.0
2020-03-21T00:00:00.000Z,1,0,0.0,1,0.0
2020-03-22T00:00:00.000Z,1,0,0.0,1,0.0
2020-03-23T00:00:00.000Z,1,0,0.0,1,0.0
2020-03-24T00:00:00.000Z,1,0,0.0,1,0.0
2020-03-25T00:00:00.000Z,1,0,0.0,1,0.0
2020-03-26T00:00:00.000Z,1,0,0.0,1,0.0
2020-03-27T00:00:00.000Z,1,0,0.0,1,0.0
2020-03-28T00:00:00.000Z,1,0,0.0,1,0.0
2020-03-29T00:00:00.000Z,3,0,2.0,3,0.0
2020-03-30T00:00:00.000Z,5,0,2.0,4,0.0
2020-03-31T00:00:00.000Z,11,0,6.0,10,0.0
2020-04-01T00:00:00.000Z,11,0,0.0,10,0.0
2020-04-02T00:00:00.000Z,15,0,4.0,14,0.0
2020-04-03T00:00:00.000Z,15,0,0.0,14,0.0
2020-04-04T00:00:00.000Z,15,0,0.0,14,0.0
2020-04-05T00:00:00.000Z,15,0,0.0,14,0.0
2020-04-06T00:00:00.000Z,18,0,3.0,17,0.0
2020-04-07T00:00:00.000Z,18,0,0.0,17,0.0
2020-04-08T00:00:00.000Z,43,0,25.0,41,0.0
2020-04-09T00:00:00.000Z,44,0,1.0,39,0.0
2020-04-10T00:00:00.000Z,67,0,23.0,62,0.0
2020-04-11T00:00:00.000Z,67,0,0.0,61,0.0
2020-04-12T00:00:00.000Z,128,0,61.0,118,0.0
2020-04-13T00:00:00.000Z,128,1,0.0,118,1.0
2020-04-14T00:00:00.000Z,128,1,0.0,118,0.0
2020-04-15T00:00:00.000Z,265,1,137.0,251,0.0
2020-04-16T00:00:00.000Z,306,1,41.0,291,0.0
2020-04-17T00:00:00.000Z,314,1,8.0,293,0.0
2020-04-18T00:00:00.000Z,324,2,10.0,297,1.0
2020-04-19T00:00:00.000Z,354,3,30.0,326,1.0
2020-04-20T00:00:00.000Z,400,3,46.0,372,0.0
2020-04-21T00:00:00.000Z,438,3,38.0,406,0.0
2020-04-22T00:00:00.000Z,506,3,68.0,450,0.0
2020-04-23T00:00:00.000Z,606,3,100.0,545,0.0
2020-04-24T00:00:00.000Z,663,4,57.0,599,1.0
2020-04-25T00:00:00.000Z,856,4,193.0,786,0.0
2020-04-26T00:00:00.000Z,961,4,105.0,890,0.0
2020-04-27T00:00:00.000Z,989,4,28.0,916,0.0
2020-04-28T00:00:00.000Z,1056,4,67.0,968,0.0
2020-04-29T00:00:00.000Z,1126,4,70.0,1028,0.0
2020-04-30T00:00:00.000Z,1227,4,101.0,1129,0.0
2020-05-01T00:00:00.000Z,1313,4,86.0,1200,0.0
2020-05-02T00:00:00.000Z,1456,4,143.0,1340,0.0
2020-05-03T00:00:00.000Z,1694,4,238.0,1572,0.0
2020-05-04T00:00:00.000Z,1974,4,280.0,1820,0.0
2020-05-05T00:00:00.000Z,2101,4,127.0,1947,0.0
2020-05-06T00:00:00.000Z,2237,4,136.0,2076,0.0
2020-05-07T00:00:00.000Z,2272,4,35.0,2086,0.0
2020-05-08T00:00:00.000Z,2322,4,50.0,2088,0.0
2020-05-09T00:00:00.000Z,2340,4,18.0,2083,0.0
2020-05-10T00:00:00.000Z,2371,5,31.0,2101,1.0
2020-05-11T00:00:00.000Z,2416,5,45.0,2125,0.0
2020-05-12T00:00:00.000Z,2428,5,12.0,2116,0.0
2020-05-13T00:00:00.000Z,2471,5,43.0,2114,0.0
2020-05-14T00:00:00.000Z,2492,6,21.0,2044,1.0
2020-05-15T00:00:00.000Z,2551,6,59.0,2062,0.0
2020-05-16T00:00:00.000Z,2644,6,93.0,1907,0.0
2020-05-17T00:00:00.000Z,2654,6,10.0,1372,0.0
2020-05-18T00:00:00.000Z,2666,6,12.0,1378,0.0
2020-05-19T00:00:00.000Z,2684,6,18.0,1344,0.0
2020-05-20T00:00:00.000Z,2714,7,30.0,1289,1.0
2020-05-21T00:00:00.000Z,2781,7,67.0,1285,0.0
2020-05-22T00:00:00.000Z,2834,7,53.0,1239,0.0
2020-05-23T00:00:00.000Z,2868,7,34.0,1251,0.0
2020-05-24T00:00:00.000Z,2900,7,32.0,1273,0.0
2020-05-25T00:00:00.000Z,2936,7,36.0,1305,0.0
2020-05-26T00:00:00.000Z,2981,7,45.0,1325,0.0
2020-05-27T00:00:00.000Z,3030,7,49.0,1354,0.0
2020-05-28T00:00:00.000Z,3076,7,46.0,1348,0.0
2020-05-29T00:00:00.000Z,3136,7,60.0,1250,0.0
2020-05-30T00:00:00.000Z,3181,7,45.0,1147,0.0
2020-05-31T00:00:00.000Z,3222,7,41.0,1150,0.0
2020-06-01T00:00:00.000Z,3264,7,42.0,1183,0.0
2020-06-02T00:00:00.000Z,3296,7,32.0,1104,0.0
2020-06-03T00:00:00.000Z,3342,7,46.0,967,0.0
2020-06-04T00:00:00.000Z,3375,7,33.0,974,0.0
2020-06-05T00:00:00.000Z,3422,7,47.0,995,0.0
2020-06-06T00:00:00.000Z,3472,7,50.0,1004,0.0
2020-06-07T00:00:00.000Z,3530,7,58.0,1053,0.0
2020-06-08T00:00:00.000Z,3576,7,46.0,1096,0.0
2020-06-09T00:00:00.000Z,3674,7,98.0,1139,0.0
2020-06-10T00:00:00.000Z,3700,7,26.0,1131,0.0
2020-06-11T00:00:00.000Z,3760,7,60.0,1127,0.0
2020-06-12T00:00:00.000Z,3818,7,58.0,1155,0.0
2020-06-13T00:00:00.000Z,3889,7,71.0,1220,0.0
2020-06-14T00:00:00.000Z,3946,7,57.0,1269,0.0
2020-06-15T00:00:00.000Z,4011,7,65.0,1321,0.0
2020-06-16T00:00:00.000Z,4083,7,72.0,1273,0.0
2020-06-17T00:00:00.000Z,4155,9,72.0,1278,2.0
2020-06-18T00:00:00.000Z,4219,9,64.0,1309,0.0
2020-06-19T00:00:00.000Z,4280,9,61.0,1328,0.0
2020-06-20T00:00:00.000Z,4346,9,66.0,1326,0.0
2020-06-21T00:00:00.000Z,4431,9,85.0,1395,0.0
2020-06-22T00:00:00.000Z,4516,9,85.0,1396,0.0
2020-06-23T00:00:00.000Z,4586,9,70.0,1421,0.0
2020-06-24T00:00:00.000Z,4660,11,74.0,1443,2.0
2020-06-25T00:00:00.000Z,4732,11,72.0,1370,0.0
2020-06-26T00:00:00.000Z,4811,12,79.0,1372,1.0
2020-06-27T00:00:00.000Z,4901,12,90.0,1404,0.0
2020-06-28T00:00:00.000Z,4994,13,93.0,1484,1.0
2020-06-29T00:00:00.000Z,5093,13,99.0,1579,0.0
2020-06-30T00:00:00.000Z,5211,15,118.0,1682,2.0
2020-07-01T00:00:00.000Z,5346,16,135.0,1755,1.0
2020-07-02T00:00:00.000Z,5485,16,139.0,1876,0.0
2020-07-03T00:00:00.000Z,5632,18,147.0,2000,2.0
2020-07-04T00:00:00.000Z,5766,19,134.0,2071,1.0
2020-07-05T00:00:00.000Z,5903,21,137.0,2199,2.0
2020-07-06T00:00:00.000Z,6038,21,135.0,2334,0.0
2020-07-07T00:00:00.000Z,6196,21,158.0,2461,0.0
2020-07-08T00:00:00.000Z,6359,21,163.0,2574,0.0
2020-07-09T00:00:00.000Z,6512,23,153.0,2681,2.0
2020-07-10T00:00:00.000Z,6685,26,173.0,2796,3.0
2020-07-11T00:00:00.000Z,6866,28,181.0,2918,2.0
2020-07-12T00:00:00.000Z,7049,29,183.0,3078,1.0
2020-07-13T00:00:00.000Z,7228,32,179.0,3237,3.0
2020-07-14T00:00:00.000Z,7410,35,182.0,3349,3.0
2020-07-15T00:00:00.000Z,7597,39,187.0,3448,4.0
2020-07-16T00:00:00.000Z,7780,42,183.0,3542,3.0
2020-07-17T00:00:00.000Z,7943,44,163.0,3647,2.0
2020-07-18T00:00:00.000Z,8105,47,162.0,3734,3.0
2020-07-19T00:00:00.000Z,8272,49,167.0,3885,2.0
2020-07-20T00:00:00.000Z,8444,52,172.0,4050,3.0
2020-07-21T00:00:00.000Z,8616,55,172.0,4145,3.0
2020-07-22T00:00:00.000Z,8799,57,183.0,4144,2.0
2020-07-23T00:00:00.000Z,8976,59,177.0,4141,2.0
2020-07-24T00:00:00.000Z,9146,61,170.0,4237,2.0
2020-07-25T00:00:00.000Z,9311,64,165.0,4148,3.0
2020-07-26T00:00:00.000Z,9469,66,158.0,4236,2.0
2020-07-27T00:00:00.000Z,9627,68,158.0,4352,2.0
2020-07-28T00:00:00.000Z,9791,68,164.0,4314,0.0
2020-07-29T00:00:00.000Z,9947,71,156.0,4250,3.0
2020-07-30T00:00:00.000Z,10093,74,146.0,4150,3.0
2020-07-31T00:00:00.000Z,10232,77,139.0,4030,3.0
2020-08-01T00:00:00.000Z,10370,79,138.0,3961,2.0
2020-08-02T00:00:00.000Z,10507,79,137.0,4018,0.0
2020-08-03T00:00:00.000Z,10640,81,133.0,4046,2.0
2020-08-04T00:00:00.000Z,10769,84,129.0,3865,3.0
2020-08-05T00:00:00.000Z,10895,86,126.0,3688,2.0
2020-08-06T00:00:00.000Z,11017,88,122.0,3567,2.0
2020-08-07T00:00:00.000Z,11136,90,119.0,3477,2.0
2020-08-08T00:00:00.000Z,11252,94,116.0,3427,4.0
2020-08-09T00:00:00.000Z,11350,96,98.0,3445,2.0
2020-08-10T00:00:00.000Z,11439,98,89.0,3478,2.0
2020-08-11T00:00:00.000Z,11517,101,78.0,3367,3.0
2020-08-12T00:00:00.000Z,11589,104,72.0,3269,3.0
2020-08-13T00:00:00.000Z,11656,107,67.0,3187,3.0
2020-08-14T00:00:00.000Z,11720,109,64.0,3147,2.0
2020-08-15T00:00:00.000Z,11787,112,67.0,3077,3.0
2020-08-16T00:00:00.000Z,11849,116,62.0,3119,4.0
2020-08-17T00:00:00.000Z,11914,121,65.0,3163,5.0
2020-08-18T00:00:00.000Z,11981,125,67.0,3015,4.0
2020-08-19T00:00:00.000Z,12046,129,65.0,2912,4.0
2020-08-20T00:00:00.000Z,12108,133,62.0,2821,4.0
2020-08-21T00:00:00.000Z,12171,133,63.0,2765,0.0
2020-08-22T00:00:00.000Z,12236,140,65.0,2703,7.0
2020-08-23T00:00:00.000Z,12302,144,66.0,2669,4.0
2020-08-24T00:00:00.000Z,12364,148,62.0,2726,4.0
2020-08-25T00:00:00.000Z,12428,152,64.0,2603,4.0
2020-08-26T00:00:00.000Z,12496,154,68.0,2526,2.0
2020-08-27T00:00:00.000Z,12565,157,69.0,2461,3.0
2020-08-28T00:00:00.000Z,12631,157,66.0,2443,0.0
2020-08-29T00:00:00.000Z,12696,158,65.0,2401,1.0
2020-08-30T00:00:00.000Z,12760,159,64.0,2439,1.0
2020-08-31T00:00:00.000Z,12827,159,67.0,2475,0.0
2020-09-01T00:00:00.000Z,12892,162,65.0,2438,3.0
2020-09-02T00:00:00.000Z,12967,165,75.0,2466,3.0
2020-09-03T00:00:00.000Z,13040,166,73.0,2485,1.0
2020-09-04T00:00:00.000Z,13110,168,70.0,2507,2.0
2020-09-05T00:00:00.000Z,13173,169,63.0,2491,1.0
2020-09-06T00:00:00.000Z,13233,170,60.0,2470,1.0
2020-09-07T00:00:00.000Z,13295,171,62.0,2531,1.0
2020-09-08T00:00:00.000Z,13358,173,63.0,2482,2.0
2020-09-09T00:00:00.000Z,13424,175,66.0,2464,2.0
2020-09-10T00:00:00.000Z,13493,176,69.0,2464,1.0
2020-09-11T00:00:00.000Z,13560,177,67.0,2487,1.0
2020-09-12T00:00:00.000Z,13628,180,68.0,2421,3.0
2020-09-13T00:00:00.000Z,13695,183,67.0,2483,3.0
2020-09-14T00:00:00.000Z,13764,185,69.0,2550,2.0
2020-09-15T00:00:00.000Z,13836,185,72.0,2490,0.0
2020-09-16T00:00:00.000Z,13911,188,75.0,2399,3.0
2020-09-17T00:00:00.000Z,13984,189,73.0,2405,1.0
2020-09-18T00:00:00.000Z,14060,192,76.0,2437,3.0
2020-09-19T00:00:00.000Z,14138,194,78.0,2444,2.0
2020-09-20T00:00:00.000Z,14215,196,77.0,2508,2.0
2020-09-21T00:00:00.000Z,14290,197,75.0,2546,1.0
2020-09-22T00:00:00.000Z,14362,199,72.0,2499,2.0
2020-09-23T00:00:00.000Z,14435,202,73.0,2491,3.0
2020-09-24T00:00:00.000Z,14510,205,75.0,2498,3.0
2020-09-25T00:00:00.000Z,14586,205,76.0,2556,0.0
2020-09-26T00:00:00.000Z,14661,208,75.0,2521,3.0
2020-09-27T00:00:00.000Z,14738,208,77.0,2567,0.0
2020-09-28T00:00:00.000Z,14819,208,81.0,2608,0.0
2020-09-29T00:00:00.000Z,14902,209,83.0,2579,1.0
2020-09-30T00:00:00.000Z,14989,214,87.0,2582,5.0
2020-10-01T00:00:00.000Z,15082,218,93.0,2600,4.0
2020-10-02T00:00:00.000Z,15174,222,92.0,2592,4.0
2020-10-03T00:00:00.000Z,15270,225,96.0,2628,3.0
2020-10-04T00:00:00.000Z,15375,225,105.0,2717,0.0
2020-10-05T00:00:00.000Z,15486,225,111.0,2779,0.0
2020-10-06T00:00:00.000Z,15610,228,124.0,2810,3.0
2020-10-07T00:00:00.000Z,15743,228,133.0,2827,0.0
2020-10-08T00:00:00.000Z,15885,228,142.0,2825,0.0
2020-10-09T00:00:00.000Z,16028,231,143.0,2865,3.0
2020-10-10T00:00:00.000Z,16176,234,148.0,2943,3.0
2020-10-11T00:00:00.000Z,16328,234,152.0,3087,0.0
