date,total_cases,total_death,daily_cases,total_currently_infected,death_per_day
2020-04-15T00:00:00.000Z,1,0,1.0,1,0.0
2020-04-16T00:00:00.000Z,1,0,0.0,1,0.0
2020-04-17T00:00:00.000Z,1,0,0.0,1,0.0
2020-04-18T00:00:00.000Z,1,0,0.0,1,0.0
2020-04-19T00:00:00.000Z,1,0,0.0,1,0.0
2020-04-20T00:00:00.000Z,1,0,0.0,1,0.0
2020-04-21T00:00:00.000Z,1,0,0.0,1,0.0
2020-04-22T00:00:00.000Z,1,0,0.0,1,0.0
2020-04-23T00:00:00.000Z,1,0,0.0,1,0.0
2020-04-24T00:00:00.000Z,1,0,0.0,1,0.0
2020-04-25T00:00:00.000Z,1,0,0.0,0,0.0
2020-04-26T00:00:00.000Z,2,0,1.0,1,0.0
2020-04-27T00:00:00.000Z,11,0,9.0,10,0.0
2020-04-28T00:00:00.000Z,29,0,18.0,28,0.0
2020-04-29T00:00:00.000Z,30,0,1.0,29,0.0
2020-04-30T00:00:00.000Z,33,0,3.0,32,0.0
2020-05-01T00:00:00.000Z,34,0,1.0,33,0.0
2020-05-02T00:00:00.000Z,34,0,0.0,33,0.0
2020-05-03T00:00:00.000Z,45,0,11.0,44,0.0
2020-05-04T00:00:00.000Z,47,0,2.0,46,0.0
2020-05-05T00:00:00.000Z,47,0,0.0,46,0.0
2020-05-06T00:00:00.000Z,47,0,0.0,46,0.0
2020-05-07T00:00:00.000Z,48,0,1.0,47,0.0
2020-05-08T00:00:00.000Z,49,0,1.0,48,0.0
2020-05-09T00:00:00.000Z,49,0,0.0,48,0.0
2020-05-10T00:00:00.000Z,49,0,0.0,48,0.0
2020-05-11T00:00:00.000Z,50,0,1.0,49,0.0
2020-05-12T00:00:00.000Z,50,0,0.0,49,0.0
2020-05-13T00:00:00.000Z,50,0,0.0,46,0.0
2020-05-14T00:00:00.000Z,50,0,0.0,43,0.0
2020-05-15T00:00:00.000Z,52,0,2.0,45,0.0
2020-05-16T00:00:00.000Z,52,0,0.0,45,0.0
2020-05-17T00:00:00.000Z,54,0,2.0,47,0.0
2020-05-18T00:00:00.000Z,54,0,0.0,47,0.0
2020-05-19T00:00:00.000Z,57,0,3.0,50,0.0
2020-05-20T00:00:00.000Z,58,0,1.0,51,0.0
2020-05-21T00:00:00.000Z,59,0,1.0,52,0.0
2020-05-22T00:00:00.000Z,60,0,1.0,53,0.0
2020-05-23T00:00:00.000Z,62,0,2.0,52,0.0
2020-05-24T00:00:00.000Z,62,0,0.0,52,0.0
2020-05-25T00:00:00.000Z,62,0,0.0,52,0.0
2020-05-26T00:00:00.000Z,64,0,2.0,54,0.0
2020-05-27T00:00:00.000Z,66,0,2.0,54,0.0
2020-05-28T00:00:00.000Z,68,0,2.0,56,0.0
2020-05-29T00:00:00.000Z,69,0,1.0,57,0.0
2020-05-30T00:00:00.000Z,71,0,2.0,59,0.0
2020-05-31T00:00:00.000Z,72,0,1.0,60,0.0
2020-06-01T00:00:00.000Z,73,0,1.0,61,0.0
2020-06-02T00:00:00.000Z,74,0,1.0,59,0.0
2020-06-03T00:00:00.000Z,74,0,0.0,59,0.0
2020-06-04T00:00:00.000Z,75,0,1.0,60,0.0
2020-06-05T00:00:00.000Z,80,0,5.0,65,0.0
2020-06-06T00:00:00.000Z,80,0,0.0,64,0.0
2020-06-07T00:00:00.000Z,80,0,0.0,64,0.0
2020-06-08T00:00:00.000Z,80,0,0.0,64,0.0
2020-06-09T00:00:00.000Z,80,0,0.0,63,0.0
2020-06-10T00:00:00.000Z,80,0,0.0,60,0.0
2020-06-11T00:00:00.000Z,80,0,0.0,54,0.0
2020-06-12T00:00:00.000Z,81,0,1.0,49,0.0
2020-06-13T00:00:00.000Z,81,0,0.0,49,0.0
2020-06-14T00:00:00.000Z,82,0,1.0,50,0.0
2020-06-15T00:00:00.000Z,85,0,3.0,53,0.0
2020-06-16T00:00:00.000Z,89,0,4.0,57,0.0
2020-06-17T00:00:00.000Z,90,0,1.0,57,0.0
2020-06-18T00:00:00.000Z,90,0,0.0,57,0.0
2020-06-19T00:00:00.000Z,90,0,0.0,57,0.0
2020-06-20T00:00:00.000Z,95,0,5.0,62,0.0
2020-06-21T00:00:00.000Z,95,0,0.0,62,0.0
2020-06-22T00:00:00.000Z,95,0,0.0,62,0.0
2020-06-23T00:00:00.000Z,95,0,0.0,62,0.0
2020-06-24T00:00:00.000Z,95,0,0.0,60,0.0
2020-06-25T00:00:00.000Z,95,0,0.0,60,0.0
2020-06-26T00:00:00.000Z,96,0,1.0,58,0.0
2020-06-27T00:00:00.000Z,102,0,6.0,64,0.0
2020-06-28T00:00:00.000Z,102,0,0.0,64,0.0
2020-06-29T00:00:00.000Z,102,0,0.0,64,0.0
2020-06-30T00:00:00.000Z,104,0,2.0,66,0.0
2020-07-01T00:00:00.000Z,107,0,3.0,69,0.0
2020-07-02T00:00:00.000Z,107,0,0.0,69,0.0
2020-07-03T00:00:00.000Z,129,0,22.0,89,0.0
2020-07-04T00:00:00.000Z,131,0,2.0,91,0.0
2020-07-05T00:00:00.000Z,152,0,21.0,112,0.0
2020-07-06T00:00:00.000Z,158,0,6.0,118,0.0
2020-07-07T00:00:00.000Z,158,0,0.0,115,0.0
2020-07-08T00:00:00.000Z,171,0,13.0,128,0.0
2020-07-09T00:00:00.000Z,178,0,7.0,135,0.0
2020-07-10T00:00:00.000Z,190,0,12.0,147,0.0
2020-07-11T00:00:00.000Z,190,0,0.0,147,0.0
2020-07-12T00:00:00.000Z,215,0,25.0,172,0.0
2020-07-13T00:00:00.000Z,250,0,35.0,207,0.0
2020-07-14T00:00:00.000Z,251,0,1.0,208,0.0
2020-07-15T00:00:00.000Z,254,0,3.0,210,0.0
2020-07-16T00:00:00.000Z,255,0,1.0,209,0.0
2020-07-17T00:00:00.000Z,256,0,1.0,210,0.0
2020-07-18T00:00:00.000Z,257,0,1.0,211,0.0
2020-07-19T00:00:00.000Z,258,0,1.0,212,0.0
2020-07-20T00:00:00.000Z,260,0,2.0,214,0.0
2020-07-21T00:00:00.000Z,260,0,0.0,208,0.0
2020-07-22T00:00:00.000Z,260,0,0.0,205,0.0
2020-07-23T00:00:00.000Z,260,0,0.0,202,0.0
2020-07-24T00:00:00.000Z,261,0,1.0,200,0.0
2020-07-25T00:00:00.000Z,264,0,3.0,202,0.0
2020-07-26T00:00:00.000Z,264,0,0.0,202,0.0
2020-07-27T00:00:00.000Z,264,0,0.0,202,0.0
2020-07-28T00:00:00.000Z,265,0,1.0,193,0.0
2020-07-29T00:00:00.000Z,268,0,3.0,186,0.0
2020-07-30T00:00:00.000Z,273,0,5.0,191,0.0
2020-07-31T00:00:00.000Z,274,0,1.0,191,0.0
2020-08-01T00:00:00.000Z,274,0,0.0,191,0.0
2020-08-02T00:00:00.000Z,275,0,1.0,187,0.0
2020-08-03T00:00:00.000Z,275,0,0.0,187,0.0
2020-08-04T00:00:00.000Z,275,0,0.0,186,0.0
2020-08-05T00:00:00.000Z,283,0,8.0,194,0.0
2020-08-06T00:00:00.000Z,284,0,1.0,194,0.0
2020-08-07T00:00:00.000Z,284,0,0.0,194,0.0
2020-08-08T00:00:00.000Z,287,0,3.0,197,0.0
2020-08-09T00:00:00.000Z,287,0,0.0,194,0.0
2020-08-10T00:00:00.000Z,287,0,0.0,194,0.0
2020-08-11T00:00:00.000Z,288,0,1.0,194,0.0
2020-08-12T00:00:00.000Z,289,0,1.0,193,0.0
2020-08-13T00:00:00.000Z,289,0,0.0,191,0.0
2020-08-14T00:00:00.000Z,289,0,0.0,191,0.0
2020-08-15T00:00:00.000Z,297,0,8.0,193,0.0
2020-08-16T00:00:00.000Z,297,0,0.0,193,0.0
2020-08-17T00:00:00.000Z,297,0,0.0,193,0.0
2020-08-18T00:00:00.000Z,297,0,0.0,193,0.0
2020-08-19T00:00:00.000Z,299,0,2.0,194,0.0
2020-08-20T00:00:00.000Z,299,0,0.0,189,0.0
2020-08-21T00:00:00.000Z,303,0,4.0,193,0.0
2020-08-22T00:00:00.000Z,303,0,0.0,192,0.0
2020-08-23T00:00:00.000Z,303,0,0.0,192,0.0
2020-08-24T00:00:00.000Z,303,0,0.0,190,0.0
2020-08-25T00:00:00.000Z,305,0,2.0,192,0.0
2020-08-26T00:00:00.000Z,309,0,4.0,196,0.0
2020-08-27T00:00:00.000Z,311,0,2.0,198,0.0
2020-08-28T00:00:00.000Z,311,0,0.0,198,0.0
2020-08-29T00:00:00.000Z,314,0,3.0,201,0.0
2020-08-30T00:00:00.000Z,314,0,0.0,201,0.0
2020-08-31T00:00:00.000Z,314,0,0.0,200,0.0
2020-09-01T00:00:00.000Z,314,0,0.0,200,0.0
2020-09-02T00:00:00.000Z,315,0,1.0,201,0.0
2020-09-03T00:00:00.000Z,315,0,0.0,201,0.0
2020-09-04T00:00:00.000Z,316,0,1.0,202,0.0
2020-09-05T00:00:00.000Z,316,0,0.0,202,0.0
2020-09-06T00:00:00.000Z,318,0,2.0,204,0.0
2020-09-07T00:00:00.000Z,319,0,1.0,205,0.0
2020-09-08T00:00:00.000Z,319,0,0.0,205,0.0
2020-09-09T00:00:00.000Z,320,0,1.0,206,0.0
2020-09-10T00:00:00.000Z,320,0,0.0,206,0.0
2020-09-11T00:00:00.000Z,322,0,2.0,208,0.0
2020-09-12T00:00:00.000Z,323,0,1.0,209,0.0
2020-09-13T00:00:00.000Z,323,0,0.0,209,0.0
2020-09-14T00:00:00.000Z,323,0,0.0,209,0.0
2020-09-15T00:00:00.000Z,323,0,0.0,209,0.0
2020-09-16T00:00:00.000Z,324,0,1.0,210,0.0
2020-09-17T00:00:00.000Z,324,0,0.0,210,0.0
2020-09-18T00:00:00.000Z,324,0,0.0,210,0.0
2020-09-19T00:00:00.000Z,324,0,0.0,210,0.0
2020-09-20T00:00:00.000Z,325,0,1.0,211,0.0
2020-09-21T00:00:00.000Z,325,0,0.0,211,0.0
2020-09-22T00:00:00.000Z,325,0,0.0,211,0.0
2020-09-23T00:00:00.000Z,327,0,2.0,209,0.0
2020-09-24T00:00:00.000Z,329,0,2.0,207,0.0
2020-09-25T00:00:00.000Z,329,0,0.0,205,0.0
2020-09-26T00:00:00.000Z,330,0,1.0,203,0.0
2020-09-27T00:00:00.000Z,330,0,0.0,203,0.0
2020-09-28T00:00:00.000Z,330,0,0.0,203,0.0
2020-09-29T00:00:00.000Z,330,0,0.0,201,0.0
2020-09-30T00:00:00.000Z,332,0,2.0,203,0.0
2020-10-01T00:00:00.000Z,333,0,1.0,201,0.0
2020-10-02T00:00:00.000Z,335,0,2.0,203,0.0
2020-10-03T00:00:00.000Z,336,0,1.0,204,0.0
2020-10-04T00:00:00.000Z,338,0,2.0,206,0.0
2020-10-05T00:00:00.000Z,338,0,0.0,206,0.0
2020-10-06T00:00:00.000Z,338,0,0.0,206,0.0
2020-10-07T00:00:00.000Z,339,0,1.0,207,0.0
2020-10-08T00:00:00.000Z,340,0,1.0,204,0.0
2020-10-09T00:00:00.000Z,342,0,2.0,206,0.0
2020-10-10T00:00:00.000Z,348,0,6.0,212,0.0
2020-10-11T00:00:00.000Z,351,0,3.0,215,0.0
