date,total_cases,total_death,daily_cases,total_currently_infected,death_per_day
2020-03-19T00:00:00.000Z,3,0,3.0,2,0.0
2020-03-20T00:00:00.000Z,3,0,0.0,2,0.0
2020-03-21T00:00:00.000Z,7,0,4.0,6,0.0
2020-03-22T00:00:00.000Z,7,0,0.0,6,0.0
2020-03-23T00:00:00.000Z,7,0,0.0,6,0.0
2020-03-24T00:00:00.000Z,7,0,0.0,6,0.0
2020-03-25T00:00:00.000Z,8,0,1.0,7,0.0
2020-03-26T00:00:00.000Z,8,0,0.0,7,0.0
2020-03-27T00:00:00.000Z,8,0,0.0,7,0.0
2020-03-28T00:00:00.000Z,11,0,3.0,10,0.0
2020-03-29T00:00:00.000Z,11,0,0.0,10,0.0
2020-03-30T00:00:00.000Z,11,0,0.0,10,0.0
2020-03-31T00:00:00.000Z,12,0,1.0,11,0.0
2020-04-01T00:00:00.000Z,12,0,0.0,8,0.0
2020-04-02T00:00:00.000Z,25,0,13.0,21,0.0
2020-04-03T00:00:00.000Z,25,0,0.0,21,0.0
2020-04-04T00:00:00.000Z,25,0,0.0,21,0.0
2020-04-05T00:00:00.000Z,47,0,22.0,43,0.0
2020-04-06T00:00:00.000Z,56,2,9.0,52,2.0
2020-04-07T00:00:00.000Z,56,2,0.0,48,0.0
2020-04-08T00:00:00.000Z,80,2,24.0,67,0.0
2020-04-09T00:00:00.000Z,87,2,7.0,74,0.0
2020-04-10T00:00:00.000Z,119,2,32.0,105,0.0
2020-04-11T00:00:00.000Z,152,2,33.0,138,0.0
2020-04-12T00:00:00.000Z,194,2,42.0,180,0.0
2020-04-13T00:00:00.000Z,224,4,30.0,204,2.0
2020-04-14T00:00:00.000Z,292,4,68.0,272,0.0
2020-04-15T00:00:00.000Z,339,4,47.0,318,0.0
2020-04-16T00:00:00.000Z,404,4,65.0,383,0.0
2020-04-17T00:00:00.000Z,458,4,54.0,437,0.0
2020-04-18T00:00:00.000Z,517,4,59.0,491,0.0
2020-04-19T00:00:00.000Z,646,4,129.0,620,0.0
2020-04-20T00:00:00.000Z,759,5,113.0,733,1.0
2020-04-21T00:00:00.000Z,860,5,101.0,832,0.0
2020-04-22T00:00:00.000Z,929,6,69.0,880,1.0
2020-04-23T00:00:00.000Z,1002,7,73.0,942,1.0
2020-04-24T00:00:00.000Z,1096,8,94.0,1019,1.0
2020-04-25T00:00:00.000Z,1214,8,118.0,1122,0.0
2020-04-26T00:00:00.000Z,1367,8,153.0,1258,0.0
2020-04-27T00:00:00.000Z,1574,9,207.0,1465,1.0
2020-04-28T00:00:00.000Z,1663,9,89.0,1554,0.0
2020-04-29T00:00:00.000Z,1794,11,131.0,1617,2.0
2020-04-30T00:00:00.000Z,1944,12,150.0,1718,1.0
2020-05-01T00:00:00.000Z,2123,14,179.0,1834,2.0
2020-05-02T00:00:00.000Z,2443,14,320.0,2125,0.0
2020-05-03T00:00:00.000Z,2695,16,252.0,2349,2.0
2020-05-04T00:00:00.000Z,2852,16,157.0,2469,0.0
2020-05-05T00:00:00.000Z,3026,16,174.0,2628,0.0
2020-05-06T00:00:00.000Z,3298,16,272.0,2876,0.0
2020-05-07T00:00:00.000Z,3610,23,312.0,3117,7.0
2020-05-08T00:00:00.000Z,3886,23,276.0,3376,0.0
2020-05-09T00:00:00.000Z,4180,26,294.0,3531,3.0
2020-05-10T00:00:00.000Z,4442,29,262.0,3781,3.0
2020-05-11T00:00:00.000Z,4733,31,291.0,4039,2.0
2020-05-12T00:00:00.000Z,5087,32,354.0,4343,1.0
2020-05-13T00:00:00.000Z,5358,35,271.0,4594,3.0
2020-05-14T00:00:00.000Z,5596,37,238.0,4511,2.0
2020-05-15T00:00:00.000Z,5903,40,307.0,4683,3.0
2020-05-16T00:00:00.000Z,6132,42,229.0,4809,2.0
2020-05-17T00:00:00.000Z,6413,43,281.0,5040,1.0
2020-05-18T00:00:00.000Z,6692,43,279.0,5282,0.0
2020-05-19T00:00:00.000Z,6952,45,260.0,5413,2.0
2020-05-20T00:00:00.000Z,7209,49,257.0,5572,4.0
2020-05-21T00:00:00.000Z,7413,53,204.0,5657,4.0
2020-05-22T00:00:00.000Z,7615,57,202.0,5609,4.0
2020-05-23T00:00:00.000Z,7826,60,211.0,5569,3.0
2020-05-24T00:00:00.000Z,8047,65,221.0,5649,5.0
2020-05-25T00:00:00.000Z,8276,65,229.0,5806,0.0
2020-05-26T00:00:00.000Z,8504,72,228.0,5852,7.0
2020-05-27T00:00:00.000Z,8735,78,231.0,5830,6.0
2020-05-28T00:00:00.000Z,8963,84,228.0,5719,6.0
2020-05-29T00:00:00.000Z,9244,89,281.0,5778,5.0
2020-05-30T00:00:00.000Z,9533,93,289.0,5896,4.0
2020-05-31T00:00:00.000Z,9834,98,301.0,6141,5.0
2020-06-01T00:00:00.000Z,10149,104,315.0,6402,6.0
2020-06-02T00:00:00.000Z,10503,111,354.0,6523,7.0
2020-06-03T00:00:00.000Z,10850,116,347.0,6598,5.0
2020-06-04T00:00:00.000Z,11169,122,319.0,6718,6.0
2020-06-05T00:00:00.000Z,11499,125,330.0,6887,3.0
2020-06-06T00:00:00.000Z,11820,131,321.0,7025,6.0
2020-06-07T00:00:00.000Z,12137,136,317.0,7300,5.0
2020-06-08T00:00:00.000Z,12442,140,305.0,7564,4.0
2020-06-09T00:00:00.000Z,12734,145,292.0,7038,5.0
2020-06-10T00:00:00.000Z,13038,150,304.0,7063,5.0
2020-06-11T00:00:00.000Z,13341,152,303.0,7122,2.0
2020-06-12T00:00:00.000Z,13562,159,221.0,6982,7.0
2020-06-13T00:00:00.000Z,13780,165,218.0,7147,6.0
2020-06-14T00:00:00.000Z,13995,168,215.0,7237,3.0
2020-06-15T00:00:00.000Z,14204,173,209.0,7393,5.0
2020-06-16T00:00:00.000Z,14410,175,206.0,7406,2.0
2020-06-17T00:00:00.000Z,14648,179,238.0,7306,4.0
2020-06-18T00:00:00.000Z,14881,181,233.0,7108,2.0
2020-06-19T00:00:00.000Z,15100,188,219.0,7048,7.0
2020-06-20T00:00:00.000Z,15328,193,228.0,6994,5.0
2020-06-21T00:00:00.000Z,15555,198,227.0,7155,5.0
2020-06-22T00:00:00.000Z,15774,201,219.0,7336,3.0
2020-06-23T00:00:00.000Z,15990,205,216.0,7126,4.0
2020-06-24T00:00:00.000Z,16197,207,207.0,6716,2.0
2020-06-25T00:00:00.000Z,16414,212,217.0,6848,5.0
2020-06-26T00:00:00.000Z,16624,215,210.0,6680,3.0
2020-06-27T00:00:00.000Z,16838,223,214.0,6438,8.0
2020-06-28T00:00:00.000Z,17060,226,222.0,6576,3.0
2020-06-29T00:00:00.000Z,17278,229,218.0,6620,3.0
2020-06-30T00:00:00.000Z,17481,234,203.0,6420,5.0
2020-07-01T00:00:00.000Z,17709,242,228.0,6340,8.0
2020-07-02T00:00:00.000Z,17943,249,234.0,6354,7.0
2020-07-03T00:00:00.000Z,18172,254,229.0,6332,5.0
2020-07-04T00:00:00.000Z,18397,259,225.0,6263,5.0
2020-07-05T00:00:00.000Z,18614,263,217.0,6457,4.0
2020-07-06T00:00:00.000Z,18826,268,212.0,6517,5.0
2020-07-07T00:00:00.000Z,19024,271,198.0,6418,3.0
2020-07-08T00:00:00.000Z,19241,275,217.0,6178,4.0
2020-07-09T00:00:00.000Z,19465,279,224.0,6086,4.0
2020-07-10T00:00:00.000Z,19684,282,219.0,5950,3.0
2020-07-11T00:00:00.000Z,19907,288,223.0,5820,6.0
2020-07-12T00:00:00.000Z,20129,293,222.0,5945,5.0
2020-07-13T00:00:00.000Z,20341,299,212.0,6067,6.0
2020-07-14T00:00:00.000Z,20534,305,193.0,5892,6.0
2020-07-15T00:00:00.000Z,20763,312,229.0,5741,7.0
2020-07-16T00:00:00.000Z,20984,318,221.0,5664,6.0
2020-07-17T00:00:00.000Z,21200,325,216.0,5668,7.0
2020-07-18T00:00:00.000Z,21405,330,205.0,5574,5.0
2020-07-19T00:00:00.000Z,21623,336,218.0,5709,6.0
2020-07-20T00:00:00.000Z,21814,340,191.0,5821,4.0
2020-07-21T00:00:00.000Z,22010,346,196.0,5772,6.0
2020-07-22T00:00:00.000Z,22227,351,217.0,5559,5.0
2020-07-23T00:00:00.000Z,22429,354,202.0,5462,3.0
2020-07-24T00:00:00.000Z,22623,358,194.0,5391,4.0
2020-07-25T00:00:00.000Z,22807,362,184.0,5186,4.0
2020-07-26T00:00:00.000Z,22984,365,177.0,5337,3.0
2020-07-27T00:00:00.000Z,23172,368,188.0,5483,3.0
2020-07-28T00:00:00.000Z,23335,374,163.0,5304,6.0
2020-07-29T00:00:00.000Z,23489,377,154.0,4922,3.0
2020-07-30T00:00:00.000Z,23647,379,158.0,4569,2.0
2020-07-31T00:00:00.000Z,23792,384,145.0,4313,5.0
2020-08-01T00:00:00.000Z,23951,388,159.0,4033,4.0
2020-08-02T00:00:00.000Z,24097,390,146.0,4073,2.0
2020-08-03T00:00:00.000Z,24236,393,139.0,4140,3.0
2020-08-04T00:00:00.000Z,24345,397,109.0,3973,4.0
2020-08-05T00:00:00.000Z,24446,399,101.0,3799,2.0
2020-08-06T00:00:00.000Z,24551,401,105.0,3613,2.0
2020-08-07T00:00:00.000Z,24654,403,103.0,3456,2.0
2020-08-08T00:00:00.000Z,24771,405,117.0,3281,2.0
2020-08-09T00:00:00.000Z,24889,408,118.0,3313,3.0
2020-08-10T00:00:00.000Z,25009,410,120.0,3407,2.0
2020-08-11T00:00:00.000Z,25128,414,119.0,3369,4.0
2020-08-12T00:00:00.000Z,25252,418,124.0,3297,4.0
2020-08-13T00:00:00.000Z,25382,421,130.0,3185,3.0
2020-08-14T00:00:00.000Z,25510,426,128.0,3148,5.0
2020-08-15T00:00:00.000Z,25635,429,125.0,3058,3.0
2020-08-16T00:00:00.000Z,25758,431,123.0,3092,2.0
2020-08-17T00:00:00.000Z,25878,433,120.0,3174,2.0
2020-08-18T00:00:00.000Z,25994,436,116.0,3175,3.0
2020-08-19T00:00:00.000Z,26132,438,138.0,2993,2.0
2020-08-20T00:00:00.000Z,26264,441,132.0,2942,3.0
2020-08-21T00:00:00.000Z,26391,443,127.0,2945,2.0
2020-08-22T00:00:00.000Z,26513,445,122.0,2871,2.0
2020-08-23T00:00:00.000Z,26630,447,117.0,2947,2.0
2020-08-24T00:00:00.000Z,26744,449,114.0,3029,2.0
2020-08-25T00:00:00.000Z,26866,451,122.0,2965,2.0
2020-08-26T00:00:00.000Z,26995,453,129.0,2935,2.0
2020-08-27T00:00:00.000Z,27129,456,134.0,2881,3.0
2020-08-28T00:00:00.000Z,27262,460,133.0,2788,4.0
2020-08-29T00:00:00.000Z,27407,465,145.0,2812,5.0
2020-08-30T00:00:00.000Z,27550,469,143.0,2911,4.0
2020-08-31T00:00:00.000Z,27688,473,138.0,3033,4.0
2020-09-01T00:00:00.000Z,27820,477,132.0,3009,4.0
2020-09-02T00:00:00.000Z,27967,481,147.0,3000,4.0
2020-09-03T00:00:00.000Z,28110,485,143.0,3033,4.0
2020-09-04T00:00:00.000Z,28255,488,145.0,3059,3.0
2020-09-05T00:00:00.000Z,28409,492,154.0,3078,4.0
2020-09-06T00:00:00.000Z,28562,494,153.0,3198,2.0
2020-09-07T00:00:00.000Z,28713,497,151.0,3319,3.0
2020-09-08T00:00:00.000Z,28859,501,146.0,3286,4.0
2020-09-09T00:00:00.000Z,29018,504,159.0,3274,3.0
2020-09-10T00:00:00.000Z,29181,506,163.0,3246,2.0
2020-09-11T00:00:00.000Z,29342,509,161.0,3192,3.0
2020-09-12T00:00:00.000Z,29498,515,156.0,3180,6.0
2020-09-13T00:00:00.000Z,29657,520,159.0,3259,5.0
2020-09-14T00:00:00.000Z,29804,526,147.0,3378,6.0
2020-09-15T00:00:00.000Z,29943,529,139.0,3430,3.0
2020-09-16T00:00:00.000Z,30108,532,165.0,3394,3.0
2020-09-17T00:00:00.000Z,30274,535,166.0,3430,3.0
2020-09-18T00:00:00.000Z,30435,538,161.0,3447,3.0
2020-09-19T00:00:00.000Z,30599,543,164.0,3443,5.0
2020-09-20T00:00:00.000Z,30764,543,165.0,3570,0.0
2020-09-21T00:00:00.000Z,30926,546,162.0,3727,3.0
2020-09-22T00:00:00.000Z,31083,550,157.0,3770,4.0
2020-09-23T00:00:00.000Z,31230,553,147.0,3771,3.0
2020-09-24T00:00:00.000Z,31390,556,160.0,3778,3.0
2020-09-25T00:00:00.000Z,31558,561,168.0,3881,5.0
2020-09-26T00:00:00.000Z,31724,564,166.0,3851,3.0
2020-09-27T00:00:00.000Z,31891,568,167.0,3959,4.0
2020-09-28T00:00:00.000Z,32056,571,165.0,4118,3.0
2020-09-29T00:00:00.000Z,32224,575,168.0,4111,4.0
2020-09-30T00:00:00.000Z,32399,578,175.0,4136,3.0
2020-10-01T00:00:00.000Z,32585,581,186.0,4262,3.0
2020-10-02T00:00:00.000Z,32776,583,191.0,4192,2.0
2020-10-03T00:00:00.000Z,32975,586,199.0,4316,3.0
2020-10-04T00:00:00.000Z,33176,588,201.0,4467,2.0
2020-10-05T00:00:00.000Z,33374,590,198.0,4654,2.0
2020-10-06T00:00:00.000Z,33578,592,204.0,4801,2.0
2020-10-07T00:00:00.000Z,33805,596,227.0,4840,4.0
2020-10-08T00:00:00.000Z,34039,600,234.0,4954,4.0
2020-10-09T00:00:00.000Z,34286,605,247.0,4974,5.0
2020-10-10T00:00:00.000Z,34543,609,257.0,5100,4.0
2020-10-11T00:00:00.000Z,34805,613,262.0,5318,4.0
