date,total_cases,total_death,daily_cases,total_currently_infected,death_per_day
2020-03-29T00:00:00.000Z,3,0,3.0,3,0.0
2020-03-30T00:00:00.000Z,3,0,0.0,3,0.0
2020-03-31T00:00:00.000Z,3,0,0.0,3,0.0
2020-04-01T00:00:00.000Z,7,0,4.0,7,0.0
2020-04-02T00:00:00.000Z,8,0,1.0,8,0.0
2020-04-03T00:00:00.000Z,9,0,1.0,9,0.0
2020-04-04T00:00:00.000Z,10,0,1.0,10,0.0
2020-04-05T00:00:00.000Z,10,0,0.0,10,0.0
2020-04-06T00:00:00.000Z,10,0,0.0,10,0.0
2020-04-07T00:00:00.000Z,14,0,4.0,14,0.0
2020-04-08T00:00:00.000Z,15,0,1.0,15,0.0
2020-04-09T00:00:00.000Z,15,0,0.0,15,0.0
2020-04-10T00:00:00.000Z,17,0,2.0,14,0.0
2020-04-11T00:00:00.000Z,17,0,0.0,14,0.0
2020-04-12T00:00:00.000Z,19,0,2.0,14,0.0
2020-04-13T00:00:00.000Z,20,0,1.0,14,0.0
2020-04-14T00:00:00.000Z,20,0,0.0,11,0.0
2020-04-15T00:00:00.000Z,22,0,2.0,13,0.0
2020-04-16T00:00:00.000Z,23,0,1.0,14,0.0
2020-04-17T00:00:00.000Z,26,0,3.0,13,0.0
2020-04-18T00:00:00.000Z,31,0,5.0,17,0.0
2020-04-19T00:00:00.000Z,33,0,2.0,17,0.0
2020-04-20T00:00:00.000Z,36,0,3.0,20,0.0
2020-04-21T00:00:00.000Z,41,0,5.0,24,0.0
2020-04-22T00:00:00.000Z,45,0,4.0,28,0.0
2020-04-23T00:00:00.000Z,53,0,8.0,34,0.0
2020-04-24T00:00:00.000Z,54,0,1.0,35,0.0
2020-04-25T00:00:00.000Z,58,1,4.0,39,1.0
2020-04-26T00:00:00.000Z,62,2,4.0,42,1.0
2020-04-27T00:00:00.000Z,71,1,9.0,51,-1.0
2020-04-28T00:00:00.000Z,82,1,11.0,61,0.0
2020-04-29T00:00:00.000Z,87,2,5.0,65,1.0
2020-04-30T00:00:00.000Z,97,3,10.0,73,1.0
2020-05-01T00:00:00.000Z,107,3,10.0,81,0.0
2020-05-02T00:00:00.000Z,116,3,9.0,90,0.0
2020-05-03T00:00:00.000Z,127,3,11.0,100,0.0
2020-05-04T00:00:00.000Z,161,3,34.0,130,0.0
2020-05-05T00:00:00.000Z,191,3,30.0,152,0.0
2020-05-06T00:00:00.000Z,197,3,6.0,157,0.0
2020-05-07T00:00:00.000Z,208,5,11.0,162,2.0
2020-05-08T00:00:00.000Z,223,6,15.0,177,1.0
2020-05-09T00:00:00.000Z,245,6,22.0,191,0.0
2020-05-10T00:00:00.000Z,279,6,34.0,225,0.0
2020-05-11T00:00:00.000Z,302,7,23.0,244,1.0
2020-05-12T00:00:00.000Z,332,7,30.0,273,0.0
2020-05-13T00:00:00.000Z,355,7,23.0,287,0.0
2020-05-14T00:00:00.000Z,389,7,34.0,319,0.0
2020-05-15T00:00:00.000Z,436,7,47.0,362,0.0
2020-05-16T00:00:00.000Z,476,7,40.0,388,0.0
2020-05-17T00:00:00.000Z,534,7,58.0,446,0.0
2020-05-18T00:00:00.000Z,599,16,65.0,494,9.0
2020-05-19T00:00:00.000Z,652,16,53.0,547,0.0
2020-05-20T00:00:00.000Z,717,16,65.0,602,0.0
2020-05-21T00:00:00.000Z,764,17,47.0,602,1.0
2020-05-22T00:00:00.000Z,838,17,74.0,648,0.0
2020-05-23T00:00:00.000Z,925,17,87.0,733,0.0
2020-05-24T00:00:00.000Z,985,18,60.0,757,1.0
2020-05-25T00:00:00.000Z,1044,18,59.0,816,0.0
2020-05-26T00:00:00.000Z,1097,18,53.0,832,0.0
2020-05-27T00:00:00.000Z,1139,18,42.0,851,0.0
2020-05-28T00:00:00.000Z,1226,18,87.0,925,0.0
2020-05-29T00:00:00.000Z,1268,18,42.0,955,0.0
2020-05-30T00:00:00.000Z,1318,20,50.0,900,2.0
2020-05-31T00:00:00.000Z,1387,20,69.0,969,0.0
2020-06-01T00:00:00.000Z,1411,20,24.0,993,0.0
2020-06-02T00:00:00.000Z,1437,20,26.0,1019,0.0
2020-06-03T00:00:00.000Z,1482,20,45.0,1045,0.0
2020-06-04T00:00:00.000Z,1540,20,58.0,974,0.0
2020-06-05T00:00:00.000Z,1595,20,55.0,990,0.0
2020-06-06T00:00:00.000Z,1676,20,81.0,1012,0.0
2020-06-07T00:00:00.000Z,1718,22,42.0,967,2.0
2020-06-08T00:00:00.000Z,1776,22,58.0,998,0.0
2020-06-09T00:00:00.000Z,1851,22,75.0,1073,0.0
2020-06-10T00:00:00.000Z,1930,22,79.0,962,0.0
2020-06-11T00:00:00.000Z,1977,23,47.0,879,1.0
2020-06-12T00:00:00.000Z,2063,23,86.0,874,0.0
2020-06-13T00:00:00.000Z,2148,23,85.0,935,0.0
2020-06-14T00:00:00.000Z,2247,23,99.0,1029,0.0
2020-06-15T00:00:00.000Z,2340,23,93.0,1114,0.0
2020-06-16T00:00:00.000Z,2437,24,97.0,1156,1.0
2020-06-17T00:00:00.000Z,2535,24,98.0,1200,0.0
2020-06-18T00:00:00.000Z,2624,24,89.0,1120,0.0
2020-06-19T00:00:00.000Z,2727,24,103.0,1169,0.0
2020-06-20T00:00:00.000Z,2821,25,94.0,1219,1.0
2020-06-21T00:00:00.000Z,2920,25,99.0,1282,0.0
2020-06-22T00:00:00.000Z,3018,25,98.0,1358,0.0
2020-06-23T00:00:00.000Z,3100,27,82.0,1333,2.0
2020-06-24T00:00:00.000Z,3184,27,84.0,1370,0.0
2020-06-25T00:00:00.000Z,3236,27,52.0,1385,0.0
2020-06-26T00:00:00.000Z,3297,27,61.0,1387,0.0
2020-06-27T00:00:00.000Z,3372,27,75.0,1417,0.0
2020-06-28T00:00:00.000Z,3455,27,83.0,1479,0.0
2020-06-29T00:00:00.000Z,3533,30,78.0,1549,3.0
2020-06-30T00:00:00.000Z,3615,30,82.0,1610,0.0
2020-07-01T00:00:00.000Z,3701,30,86.0,1678,0.0
2020-07-02T00:00:00.000Z,3780,30,79.0,1752,0.0
2020-07-03T00:00:00.000Z,3863,30,83.0,1784,0.0
2020-07-04T00:00:00.000Z,3950,30,87.0,1793,0.0
2020-07-05T00:00:00.000Z,4036,33,86.0,1863,3.0
2020-07-06T00:00:00.000Z,4120,35,84.0,1911,2.0
2020-07-07T00:00:00.000Z,4202,37,82.0,1880,2.0
2020-07-08T00:00:00.000Z,4285,38,83.0,1891,1.0
2020-07-09T00:00:00.000Z,4374,38,89.0,1862,0.0
2020-07-10T00:00:00.000Z,4469,40,95.0,1888,2.0
2020-07-11T00:00:00.000Z,4563,40,94.0,1937,0.0
2020-07-12T00:00:00.000Z,4656,40,93.0,2007,0.0
2020-07-13T00:00:00.000Z,4751,40,95.0,2054,0.0
2020-07-14T00:00:00.000Z,4844,42,93.0,2088,2.0
2020-07-15T00:00:00.000Z,4949,44,105.0,2100,2.0
2020-07-16T00:00:00.000Z,5066,46,117.0,2165,2.0
2020-07-17T00:00:00.000Z,5172,47,106.0,2200,1.0
2020-07-18T00:00:00.000Z,5286,50,114.0,2191,3.0
2020-07-19T00:00:00.000Z,5395,50,109.0,2254,0.0
2020-07-20T00:00:00.000Z,5503,52,108.0,2321,2.0
2020-07-21T00:00:00.000Z,5607,54,104.0,2317,2.0
2020-07-22T00:00:00.000Z,5725,54,118.0,2305,0.0
2020-07-23T00:00:00.000Z,5854,56,129.0,2282,2.0
2020-07-24T00:00:00.000Z,5969,56,115.0,2262,0.0
2020-07-25T00:00:00.000Z,6077,60,108.0,2110,4.0
2020-07-26T00:00:00.000Z,6184,62,107.0,2215,2.0
2020-07-27T00:00:00.000Z,6298,62,114.0,2326,0.0
2020-07-28T00:00:00.000Z,6413,62,115.0,2410,0.0
2020-07-29T00:00:00.000Z,6524,64,111.0,2482,2.0
2020-07-30T00:00:00.000Z,6643,68,119.0,2467,4.0
2020-07-31T00:00:00.000Z,6768,68,125.0,2468,0.0
2020-08-01T00:00:00.000Z,6882,68,114.0,2438,0.0
2020-08-02T00:00:00.000Z,6990,68,108.0,2540,0.0
2020-08-03T00:00:00.000Z,7102,71,112.0,2585,3.0
2020-08-04T00:00:00.000Z,7209,76,107.0,2531,5.0
2020-08-05T00:00:00.000Z,7318,79,109.0,2421,3.0
2020-08-06T00:00:00.000Z,7424,79,106.0,2283,0.0
2020-08-07T00:00:00.000Z,7531,82,107.0,2249,3.0
2020-08-08T00:00:00.000Z,7636,85,105.0,2262,3.0
2020-08-09T00:00:00.000Z,7748,88,112.0,2356,3.0
2020-08-10T00:00:00.000Z,7856,92,108.0,2446,4.0
2020-08-11T00:00:00.000Z,7961,94,105.0,2369,2.0
2020-08-12T00:00:00.000Z,8067,101,106.0,2343,7.0
2020-08-13T00:00:00.000Z,8175,106,108.0,2262,5.0
2020-08-14T00:00:00.000Z,8281,111,106.0,2257,5.0
2020-08-15T00:00:00.000Z,8388,116,107.0,2224,5.0
2020-08-16T00:00:00.000Z,8491,122,103.0,2269,6.0
2020-08-17T00:00:00.000Z,8590,122,99.0,2325,0.0
2020-08-18T00:00:00.000Z,8684,130,94.0,2313,8.0
2020-08-19T00:00:00.000Z,8776,136,92.0,2235,6.0
2020-08-20T00:00:00.000Z,8839,141,63.0,2143,5.0
2020-08-21T00:00:00.000Z,8893,145,54.0,2093,4.0
2020-08-22T00:00:00.000Z,8950,150,57.0,2020,5.0
2020-08-23T00:00:00.000Z,8999,155,49.0,2062,5.0
2020-08-24T00:00:00.000Z,9043,159,44.0,2077,4.0
2020-08-25T00:00:00.000Z,9070,163,27.0,2028,4.0
2020-08-26T00:00:00.000Z,9085,167,15.0,1942,4.0
2020-08-27T00:00:00.000Z,9115,171,30.0,1875,4.0
2020-08-28T00:00:00.000Z,9154,175,39.0,1798,4.0
2020-08-29T00:00:00.000Z,9197,180,43.0,1759,5.0
2020-08-30T00:00:00.000Z,9241,180,44.0,1797,0.0
2020-08-31T00:00:00.000Z,9282,187,41.0,1838,7.0
2020-09-01T00:00:00.000Z,9324,193,42.0,1697,6.0
2020-09-02T00:00:00.000Z,9369,198,45.0,1603,5.0
2020-09-03T00:00:00.000Z,9412,203,43.0,1535,5.0
2020-09-04T00:00:00.000Z,9458,207,46.0,1528,4.0
2020-09-05T00:00:00.000Z,9507,211,49.0,1533,4.0
2020-09-06T00:00:00.000Z,9560,215,53.0,1586,4.0
2020-09-07T00:00:00.000Z,9614,220,54.0,1640,5.0
2020-09-08T00:00:00.000Z,9670,224,56.0,1546,4.0
2020-09-09T00:00:00.000Z,9724,228,54.0,1495,4.0
2020-09-10T00:00:00.000Z,9779,232,55.0,1481,4.0
2020-09-11T00:00:00.000Z,9830,235,51.0,1443,3.0
2020-09-12T00:00:00.000Z,9885,239,55.0,1416,4.0
2020-09-13T00:00:00.000Z,9930,242,45.0,1461,3.0
2020-09-14T00:00:00.000Z,9962,242,32.0,1487,0.0
2020-09-15T00:00:00.000Z,10006,248,44.0,1430,6.0
2020-09-16T00:00:00.000Z,10040,252,34.0,1402,4.0
2020-09-17T00:00:00.000Z,10088,255,48.0,1355,3.0
2020-09-18T00:00:00.000Z,10140,255,52.0,1339,0.0
2020-09-19T00:00:00.000Z,10190,261,50.0,1273,6.0
2020-09-20T00:00:00.000Z,10249,265,59.0,1331,4.0
2020-09-21T00:00:00.000Z,10307,268,58.0,1382,3.0
2020-09-22T00:00:00.000Z,10376,271,69.0,1340,3.0
2020-09-23T00:00:00.000Z,10449,271,73.0,1336,0.0
2020-09-24T00:00:00.000Z,10521,275,72.0,1305,4.0
2020-09-25T00:00:00.000Z,10597,275,76.0,1347,0.0
2020-09-26T00:00:00.000Z,10679,281,82.0,1331,6.0
2020-09-27T00:00:00.000Z,10765,284,86.0,1413,3.0
2020-09-28T00:00:00.000Z,10853,284,88.0,1493,0.0
2020-09-29T00:00:00.000Z,10938,289,85.0,1474,5.0
2020-09-30T00:00:00.000Z,11028,293,90.0,1441,4.0
2020-10-01T00:00:00.000Z,11117,297,89.0,1341,4.0
2020-10-02T00:00:00.000Z,11213,301,96.0,1270,4.0
2020-10-03T00:00:00.000Z,11311,305,98.0,1200,4.0
2020-10-04T00:00:00.000Z,11410,308,99.0,1295,3.0
2020-10-05T00:00:00.000Z,11509,312,99.0,1364,4.0
2020-10-06T00:00:00.000Z,11610,316,101.0,1397,4.0
2020-10-07T00:00:00.000Z,11719,320,109.0,1412,4.0
2020-10-08T00:00:00.000Z,11836,324,117.0,1455,4.0
2020-10-09T00:00:00.000Z,11968,328,132.0,1499,4.0
2020-10-10T00:00:00.000Z,12111,328,143.0,1528,0.0
2020-10-11T00:00:00.000Z,12258,335,147.0,1649,7.0
