date,total_cases,total_death,daily_cases,total_currently_infected,death_per_day
2020-03-27T00:00:00.000Z,2,0,2.0,2,0.0
2020-03-28T00:00:00.000Z,2,0,0.0,2,0.0
2020-03-29T00:00:00.000Z,3,0,1.0,3,0.0
2020-03-30T00:00:00.000Z,3,0,0.0,3,0.0
2020-03-31T00:00:00.000Z,3,0,0.0,3,0.0
2020-04-01T00:00:00.000Z,4,0,1.0,4,0.0
2020-04-02T00:00:00.000Z,4,0,0.0,4,0.0
2020-04-03T00:00:00.000Z,4,0,0.0,4,0.0
2020-04-04T00:00:00.000Z,5,0,1.0,2,0.0
2020-04-05T00:00:00.000Z,5,0,0.0,2,0.0
2020-04-06T00:00:00.000Z,6,0,1.0,3,0.0
2020-04-07T00:00:00.000Z,6,0,0.0,3,0.0
2020-04-08T00:00:00.000Z,13,0,7.0,10,0.0
2020-04-09T00:00:00.000Z,17,0,4.0,14,0.0
2020-04-10T00:00:00.000Z,19,0,2.0,16,0.0
2020-04-11T00:00:00.000Z,19,0,0.0,15,0.0
2020-04-12T00:00:00.000Z,42,0,23.0,38,0.0
2020-04-13T00:00:00.000Z,58,0,16.0,54,0.0
2020-04-14T00:00:00.000Z,71,0,13.0,67,0.0
2020-04-15T00:00:00.000Z,71,0,0.0,66,0.0
2020-04-16T00:00:00.000Z,71,1,0.0,66,1.0
2020-04-17T00:00:00.000Z,136,1,65.0,131,0.0
2020-04-18T00:00:00.000Z,198,1,62.0,193,0.0
2020-04-19T00:00:00.000Z,258,1,60.0,253,0.0
2020-04-20T00:00:00.000Z,293,1,35.0,288,0.0
2020-04-21T00:00:00.000Z,327,1,34.0,316,0.0
2020-04-22T00:00:00.000Z,357,1,30.0,346,0.0
2020-04-23T00:00:00.000Z,385,1,28.0,372,0.0
2020-04-24T00:00:00.000Z,424,2,39.0,406,1.0
2020-04-25T00:00:00.000Z,469,2,45.0,433,0.0
2020-04-26T00:00:00.000Z,518,2,49.0,482,0.0
2020-04-27T00:00:00.000Z,560,2,42.0,524,0.0
2020-04-28T00:00:00.000Z,592,2,32.0,550,0.0
2020-04-29T00:00:00.000Z,659,3,67.0,610,1.0
2020-04-30T00:00:00.000Z,698,3,39.0,626,0.0
2020-05-01T00:00:00.000Z,728,3,30.0,642,0.0
2020-05-02T00:00:00.000Z,765,3,37.0,671,0.0
2020-05-03T00:00:00.000Z,808,3,43.0,711,0.0
2020-05-04T00:00:00.000Z,867,4,59.0,769,1.0
2020-05-05T00:00:00.000Z,923,5,56.0,802,1.0
2020-05-06T00:00:00.000Z,977,5,54.0,837,0.0
2020-05-07T00:00:00.000Z,1018,6,41.0,873,1.0
2020-05-08T00:00:00.000Z,1055,8,37.0,895,2.0
2020-05-09T00:00:00.000Z,1102,8,47.0,905,0.0
2020-05-10T00:00:00.000Z,1148,8,46.0,932,0.0
2020-05-11T00:00:00.000Z,1190,8,42.0,953,0.0
2020-05-12T00:00:00.000Z,1225,8,35.0,988,0.0
2020-05-13T00:00:00.000Z,1262,9,37.0,1010,1.0
2020-05-14T00:00:00.000Z,1296,9,34.0,984,0.0
2020-05-15T00:00:00.000Z,1323,9,27.0,973,0.0
2020-05-16T00:00:00.000Z,1348,9,25.0,991,0.0
2020-05-17T00:00:00.000Z,1376,9,28.0,964,0.0
2020-05-18T00:00:00.000Z,1409,9,33.0,991,0.0
2020-05-19T00:00:00.000Z,1443,9,34.0,1009,0.0
2020-05-20T00:00:00.000Z,1477,9,34.0,1014,0.0
2020-05-21T00:00:00.000Z,1512,9,35.0,1034,0.0
2020-05-22T00:00:00.000Z,1548,11,36.0,1055,2.0
2020-05-23T00:00:00.000Z,1580,12,32.0,1049,1.0
2020-05-24T00:00:00.000Z,1612,12,32.0,1070,0.0
2020-05-25T00:00:00.000Z,1646,12,34.0,1104,0.0
2020-05-26T00:00:00.000Z,1684,12,38.0,1131,0.0
2020-05-27T00:00:00.000Z,1727,12,43.0,1159,0.0
2020-05-28T00:00:00.000Z,1776,12,49.0,1140,0.0
2020-05-29T00:00:00.000Z,1820,12,44.0,1082,0.0
2020-05-30T00:00:00.000Z,1860,12,40.0,1083,0.0
2020-05-31T00:00:00.000Z,1895,12,35.0,1096,0.0
2020-06-01T00:00:00.000Z,1931,12,36.0,1104,0.0
2020-06-02T00:00:00.000Z,1970,13,39.0,1072,1.0
2020-06-03T00:00:00.000Z,2012,14,42.0,1058,1.0
2020-06-04T00:00:00.000Z,2051,14,39.0,1035,0.0
2020-06-05T00:00:00.000Z,2098,15,47.0,1034,1.0
2020-06-06T00:00:00.000Z,2138,18,40.0,1027,3.0
2020-06-07T00:00:00.000Z,2185,18,47.0,1062,0.0
2020-06-08T00:00:00.000Z,2230,18,45.0,1075,0.0
2020-06-09T00:00:00.000Z,2296,18,66.0,1105,0.0
2020-06-10T00:00:00.000Z,2360,18,64.0,1135,0.0
2020-06-11T00:00:00.000Z,2418,20,58.0,1121,2.0
2020-06-12T00:00:00.000Z,2480,20,62.0,1153,0.0
2020-06-13T00:00:00.000Z,2538,20,58.0,1187,0.0
2020-06-14T00:00:00.000Z,2596,21,58.0,1126,1.0
2020-06-15T00:00:00.000Z,2652,21,56.0,1181,0.0
2020-06-16T00:00:00.000Z,2707,22,55.0,1027,1.0
2020-06-17T00:00:00.000Z,2762,22,55.0,1065,0.0
2020-06-18T00:00:00.000Z,2818,22,56.0,1063,0.0
2020-06-19T00:00:00.000Z,2874,23,56.0,1062,1.0
2020-06-20T00:00:00.000Z,2931,23,57.0,1114,0.0
2020-06-21T00:00:00.000Z,2986,23,55.0,1128,0.0
2020-06-22T00:00:00.000Z,3040,23,54.0,1178,0.0
2020-06-23T00:00:00.000Z,3094,24,54.0,1179,1.0
2020-06-24T00:00:00.000Z,3143,24,49.0,1136,0.0
2020-06-25T00:00:00.000Z,3192,24,49.0,1163,0.0
2020-06-26T00:00:00.000Z,3240,25,48.0,1157,1.0
2020-06-27T00:00:00.000Z,3284,26,44.0,1178,1.0
2020-06-28T00:00:00.000Z,3324,26,40.0,1205,0.0
2020-06-29T00:00:00.000Z,3359,26,35.0,1201,0.0
2020-06-30T00:00:00.000Z,3394,26,35.0,1194,0.0
2020-07-01T00:00:00.000Z,3431,27,37.0,1181,1.0
2020-07-02T00:00:00.000Z,3467,27,36.0,1164,0.0
2020-07-03T00:00:00.000Z,3505,27,38.0,1135,0.0
2020-07-04T00:00:00.000Z,3542,27,37.0,1145,0.0
2020-07-05T00:00:00.000Z,3577,27,35.0,1169,0.0
2020-07-06T00:00:00.000Z,3611,27,34.0,1174,0.0
2020-07-07T00:00:00.000Z,3646,27,35.0,1151,0.0
2020-07-08T00:00:00.000Z,3680,27,34.0,1121,0.0
2020-07-09T00:00:00.000Z,3717,28,37.0,1112,1.0
2020-07-10T00:00:00.000Z,3755,28,38.0,1095,0.0
2020-07-11T00:00:00.000Z,3792,28,37.0,1084,0.0
2020-07-12T00:00:00.000Z,3829,29,37.0,1088,1.0
2020-07-13T00:00:00.000Z,3865,29,36.0,1110,0.0
2020-07-14T00:00:00.000Z,3901,29,36.0,1102,0.0
2020-07-15T00:00:00.000Z,3938,29,37.0,1091,0.0
2020-07-16T00:00:00.000Z,3976,30,38.0,1089,1.0
2020-07-17T00:00:00.000Z,4014,30,38.0,1088,0.0
2020-07-18T00:00:00.000Z,4051,32,37.0,1101,2.0
2020-07-19T00:00:00.000Z,4086,32,35.0,1113,0.0
2020-07-20T00:00:00.000Z,4121,32,35.0,1131,0.0
2020-07-21T00:00:00.000Z,4157,32,36.0,1111,0.0
2020-07-22T00:00:00.000Z,4192,32,35.0,1105,0.0
2020-07-23T00:00:00.000Z,4227,32,35.0,1095,0.0
2020-07-24T00:00:00.000Z,4261,32,34.0,1088,0.0
2020-07-25T00:00:00.000Z,4295,33,34.0,1082,1.0
2020-07-26T00:00:00.000Z,4328,33,33.0,1091,0.0
2020-07-27T00:00:00.000Z,4360,33,32.0,1090,0.0
2020-07-28T00:00:00.000Z,4392,34,32.0,1083,1.0
2020-07-29T00:00:00.000Z,4424,34,32.0,1076,0.0
2020-07-30T00:00:00.000Z,4457,34,33.0,1068,0.0
2020-07-31T00:00:00.000Z,4490,34,33.0,1061,0.0
2020-08-01T00:00:00.000Z,4522,38,32.0,1048,4.0
2020-08-02T00:00:00.000Z,4553,38,31.0,1075,0.0
2020-08-03T00:00:00.000Z,4585,38,32.0,1083,0.0
2020-08-04T00:00:00.000Z,4616,38,31.0,1074,0.0
2020-08-05T00:00:00.000Z,4647,38,31.0,1073,0.0
2020-08-06T00:00:00.000Z,4679,38,32.0,1073,0.0
2020-08-07T00:00:00.000Z,4709,38,30.0,1082,0.0
2020-08-08T00:00:00.000Z,4739,38,30.0,1097,0.0
2020-08-09T00:00:00.000Z,4768,38,29.0,1097,0.0
2020-08-10T00:00:00.000Z,4798,38,30.0,1101,0.0
2020-08-11T00:00:00.000Z,4828,38,30.0,1115,0.0
2020-08-12T00:00:00.000Z,4857,38,29.0,1120,0.0
2020-08-13T00:00:00.000Z,4888,38,31.0,1120,0.0
2020-08-14T00:00:00.000Z,4920,38,32.0,1111,0.0
2020-08-15T00:00:00.000Z,4952,38,32.0,1125,0.0
2020-08-16T00:00:00.000Z,4983,38,31.0,1106,0.0
2020-08-17T00:00:00.000Z,5015,38,32.0,1114,0.0
2020-08-18T00:00:00.000Z,5047,38,32.0,1131,0.0
2020-08-19T00:00:00.000Z,5078,38,31.0,1126,0.0
2020-08-20T00:00:00.000Z,5109,38,31.0,1122,0.0
2020-08-21T00:00:00.000Z,5141,38,32.0,1113,0.0
2020-08-22T00:00:00.000Z,5174,38,33.0,1112,0.0
2020-08-23T00:00:00.000Z,5207,38,33.0,1114,0.0
2020-08-24T00:00:00.000Z,5238,38,31.0,1139,0.0
2020-08-25T00:00:00.000Z,5269,38,31.0,1130,0.0
2020-08-26T00:00:00.000Z,5301,38,32.0,1136,0.0
2020-08-27T00:00:00.000Z,5334,38,33.0,1142,0.0
2020-08-28T00:00:00.000Z,5367,38,33.0,1149,0.0
2020-08-29T00:00:00.000Z,5399,38,32.0,1160,0.0
2020-08-30T00:00:00.000Z,5430,38,31.0,1167,0.0
2020-08-31T00:00:00.000Z,5462,38,32.0,1175,0.0
2020-09-01T00:00:00.000Z,5493,38,31.0,1183,0.0
2020-09-02T00:00:00.000Z,5524,38,31.0,1194,0.0
2020-09-03T00:00:00.000Z,5556,38,32.0,1191,0.0
2020-09-04T00:00:00.000Z,5587,38,31.0,1184,0.0
2020-09-05T00:00:00.000Z,5620,38,33.0,1187,0.0
2020-09-06T00:00:00.000Z,5652,38,32.0,1176,0.0
2020-09-07T00:00:00.000Z,5683,38,31.0,1161,0.0
2020-09-08T00:00:00.000Z,5714,38,31.0,1152,0.0
2020-09-09T00:00:00.000Z,5745,38,31.0,1161,0.0
2020-09-10T00:00:00.000Z,5776,38,31.0,1176,0.0
2020-09-11T00:00:00.000Z,5808,39,32.0,1149,1.0
2020-09-12T00:00:00.000Z,5838,39,30.0,1167,0.0
2020-09-13T00:00:00.000Z,5870,39,32.0,1134,0.0
2020-09-14T00:00:00.000Z,5901,39,31.0,1106,0.0
2020-09-15T00:00:00.000Z,5931,39,30.0,1088,0.0
2020-09-16T00:00:00.000Z,5961,39,30.0,1069,0.0
2020-09-17T00:00:00.000Z,5992,39,31.0,1048,0.0
2020-09-18T00:00:00.000Z,6024,40,32.0,1026,1.0
2020-09-19T00:00:00.000Z,6057,40,33.0,1032,0.0
2020-09-20T00:00:00.000Z,6090,40,33.0,1041,0.0
2020-09-21T00:00:00.000Z,6122,40,32.0,1026,0.0
2020-09-22T00:00:00.000Z,6155,40,33.0,1019,0.0
2020-09-23T00:00:00.000Z,6188,40,33.0,1018,0.0
2020-09-24T00:00:00.000Z,6220,40,32.0,1021,0.0
2020-09-25T00:00:00.000Z,6254,40,34.0,1052,0.0
2020-09-26T00:00:00.000Z,6288,40,34.0,1046,0.0
2020-09-27T00:00:00.000Z,6324,41,36.0,1057,1.0
2020-09-28T00:00:00.000Z,6361,41,37.0,1076,0.0
2020-09-29T00:00:00.000Z,6400,41,39.0,1084,0.0
2020-09-30T00:00:00.000Z,6438,41,38.0,1089,0.0
2020-10-01T00:00:00.000Z,6477,41,39.0,1095,0.0
2020-10-02T00:00:00.000Z,6514,41,37.0,1084,0.0
2020-10-03T00:00:00.000Z,6553,42,39.0,1087,1.0
2020-10-04T00:00:00.000Z,6594,42,41.0,1084,0.0
2020-10-05T00:00:00.000Z,6636,42,42.0,1123,0.0
2020-10-06T00:00:00.000Z,6681,42,45.0,1126,0.0
2020-10-07T00:00:00.000Z,6728,42,47.0,1127,0.0
2020-10-08T00:00:00.000Z,6777,43,49.0,1135,1.0
2020-10-09T00:00:00.000Z,6827,43,50.0,1143,0.0
2020-10-10T00:00:00.000Z,6885,44,58.0,1161,1.0
2020-10-11T00:00:00.000Z,6946,44,61.0,1173,0.0
