date,total_cases,total_death,daily_cases,total_currently_infected,death_per_day
2020-03-25T00:00:00.000Z,1,0,1.0,1,0.0
2020-03-26T00:00:00.000Z,2,0,1.0,2,0.0
2020-03-27T00:00:00.000Z,2,0,0.0,2,0.0
2020-03-28T00:00:00.000Z,8,0,6.0,8,0.0
2020-03-29T00:00:00.000Z,8,0,0.0,8,0.0
2020-03-30T00:00:00.000Z,13,0,5.0,13,0.0
2020-03-31T00:00:00.000Z,19,0,6.0,19,0.0
2020-04-01T00:00:00.000Z,25,0,6.0,25,0.0
2020-04-02T00:00:00.000Z,30,0,5.0,30,0.0
2020-04-03T00:00:00.000Z,31,0,1.0,31,0.0
2020-04-04T00:00:00.000Z,35,0,4.0,35,0.0
2020-04-05T00:00:00.000Z,35,0,0.0,35,0.0
2020-04-06T00:00:00.000Z,43,0,8.0,43,0.0
2020-04-07T00:00:00.000Z,50,1,7.0,50,1.0
2020-04-08T00:00:00.000Z,54,1,4.0,54,0.0
2020-04-09T00:00:00.000Z,60,1,6.0,51,0.0
2020-04-10T00:00:00.000Z,61,1,1.0,49,0.0
2020-04-11T00:00:00.000Z,73,1,12.0,59,0.0
2020-04-12T00:00:00.000Z,77,1,4.0,62,0.0
2020-04-13T00:00:00.000Z,86,1,9.0,69,0.0
2020-04-14T00:00:00.000Z,92,1,6.0,70,0.0
2020-04-15T00:00:00.000Z,100,2,8.0,77,1.0
2020-04-16T00:00:00.000Z,103,2,3.0,79,0.0
2020-04-17T00:00:00.000Z,112,2,9.0,86,0.0
2020-04-18T00:00:00.000Z,115,2,3.0,81,0.0
2020-04-19T00:00:00.000Z,120,2,5.0,83,0.0
2020-04-20T00:00:00.000Z,125,2,5.0,87,0.0
2020-04-21T00:00:00.000Z,153,2,28.0,110,0.0
2020-04-22T00:00:00.000Z,163,2,10.0,114,0.0
2020-04-23T00:00:00.000Z,167,2,4.0,112,0.0
2020-04-24T00:00:00.000Z,180,2,13.0,118,0.0
2020-04-25T00:00:00.000Z,186,2,6.0,119,0.0
2020-04-26T00:00:00.000Z,209,2,23.0,140,0.0
2020-04-27T00:00:00.000Z,227,2,18.0,157,0.0
2020-04-28T00:00:00.000Z,245,3,18.0,168,1.0
2020-04-29T00:00:00.000Z,271,4,26.0,188,1.0
2020-04-30T00:00:00.000Z,297,4,26.0,209,0.0
2020-05-01T00:00:00.000Z,325,4,28.0,231,0.0
2020-05-02T00:00:00.000Z,355,4,30.0,257,0.0
2020-05-03T00:00:00.000Z,373,4,18.0,271,0.0
2020-05-04T00:00:00.000Z,407,4,34.0,302,0.0
2020-05-05T00:00:00.000Z,450,4,43.0,325,0.0
2020-05-06T00:00:00.000Z,499,4,49.0,366,0.0
2020-05-07T00:00:00.000Z,518,4,19.0,374,0.0
2020-05-08T00:00:00.000Z,548,4,30.0,386,0.0
2020-05-09T00:00:00.000Z,570,5,22.0,399,1.0
2020-05-10T00:00:00.000Z,620,5,50.0,443,0.0
2020-05-11T00:00:00.000Z,659,5,39.0,468,0.0
2020-05-12T00:00:00.000Z,687,5,28.0,486,0.0
2020-05-13T00:00:00.000Z,736,5,49.0,499,0.0
2020-05-14T00:00:00.000Z,824,6,88.0,568,1.0
2020-05-15T00:00:00.000Z,865,6,41.0,588,0.0
2020-05-16T00:00:00.000Z,892,6,27.0,590,0.0
2020-05-17T00:00:00.000Z,948,6,56.0,610,0.0
2020-05-18T00:00:00.000Z,973,6,25.0,612,0.0
2020-05-19T00:00:00.000Z,1015,6,42.0,626,0.0
2020-05-20T00:00:00.000Z,1015,6,0.0,612,0.0
2020-05-21T00:00:00.000Z,1090,6,75.0,646,0.0
2020-05-22T00:00:00.000Z,1124,6,34.0,644,0.0
2020-05-23T00:00:00.000Z,1143,6,19.0,611,0.0
2020-05-24T00:00:00.000Z,1209,7,66.0,651,1.0
2020-05-25T00:00:00.000Z,1254,7,45.0,683,0.0
2020-05-26T00:00:00.000Z,1313,8,59.0,695,1.0
2020-05-27T00:00:00.000Z,1364,9,51.0,720,1.0
2020-05-28T00:00:00.000Z,1411,10,47.0,717,1.0
2020-05-29T00:00:00.000Z,1438,10,27.0,697,0.0
2020-05-30T00:00:00.000Z,1467,10,29.0,673,0.0
2020-05-31T00:00:00.000Z,1467,10,0.0,671,0.0
2020-06-01T00:00:00.000Z,1563,10,96.0,709,0.0
2020-06-02T00:00:00.000Z,1587,10,24.0,682,0.0
2020-06-03T00:00:00.000Z,1633,10,46.0,686,0.0
2020-06-04T00:00:00.000Z,1681,10,48.0,674,0.0
2020-06-05T00:00:00.000Z,1733,11,52.0,702,1.0
2020-06-06T00:00:00.000Z,1785,11,52.0,719,0.0
2020-06-07T00:00:00.000Z,1833,11,48.0,749,0.0
2020-06-08T00:00:00.000Z,1877,11,44.0,765,0.0
2020-06-09T00:00:00.000Z,1956,11,79.0,802,0.0
2020-06-10T00:00:00.000Z,1956,11,0.0,802,0.0
2020-06-11T00:00:00.000Z,2120,12,164.0,903,1.0
2020-06-12T00:00:00.000Z,2153,13,33.0,887,1.0
2020-06-13T00:00:00.000Z,2153,13,0.0,863,0.0
2020-06-14T00:00:00.000Z,2203,13,50.0,884,0.0
2020-06-15T00:00:00.000Z,2303,13,100.0,918,0.0
2020-06-16T00:00:00.000Z,2341,13,38.0,889,0.0
2020-06-17T00:00:00.000Z,2392,14,51.0,885,1.0
2020-06-18T00:00:00.000Z,2446,14,54.0,885,0.0
2020-06-19T00:00:00.000Z,2501,15,55.0,899,1.0
2020-06-20T00:00:00.000Z,2549,17,48.0,907,2.0
2020-06-21T00:00:00.000Z,2549,17,0.0,900,0.0
2020-06-22T00:00:00.000Z,2634,18,85.0,920,1.0
2020-06-23T00:00:00.000Z,2682,18,48.0,883,0.0
2020-06-24T00:00:00.000Z,2731,19,49.0,878,1.0
2020-06-25T00:00:00.000Z,2775,19,44.0,890,0.0
2020-06-26T00:00:00.000Z,2831,19,56.0,874,0.0
2020-06-27T00:00:00.000Z,2831,19,0.0,874,0.0
2020-06-28T00:00:00.000Z,2857,19,26.0,900,0.0
2020-06-29T00:00:00.000Z,2886,19,29.0,921,0.0
2020-06-30T00:00:00.000Z,2957,21,71.0,872,2.0
2020-07-01T00:00:00.000Z,2991,21,34.0,856,0.0
2020-07-02T00:00:00.000Z,2991,21,0.0,856,0.0
2020-07-03T00:00:00.000Z,3034,21,43.0,899,0.0
2020-07-04T00:00:00.000Z,3071,21,37.0,908,0.0
2020-07-05T00:00:00.000Z,3100,21,29.0,903,0.0
2020-07-06T00:00:00.000Z,3141,22,41.0,917,1.0
2020-07-07T00:00:00.000Z,3175,22,34.0,886,0.0
2020-07-08T00:00:00.000Z,3219,22,44.0,884,0.0
2020-07-09T00:00:00.000Z,3257,24,38.0,886,2.0
2020-07-10T00:00:00.000Z,3298,24,41.0,873,0.0
2020-07-11T00:00:00.000Z,3341,25,43.0,868,1.0
2020-07-12T00:00:00.000Z,3378,25,37.0,865,0.0
2020-07-13T00:00:00.000Z,3414,25,36.0,872,0.0
2020-07-14T00:00:00.000Z,3449,26,35.0,830,1.0
2020-07-15T00:00:00.000Z,3481,27,32.0,805,1.0
2020-07-16T00:00:00.000Z,3522,29,41.0,802,2.0
2020-07-17T00:00:00.000Z,3566,32,44.0,813,3.0
2020-07-18T00:00:00.000Z,3608,32,42.0,827,0.0
2020-07-19T00:00:00.000Z,3651,32,43.0,847,0.0
2020-07-20T00:00:00.000Z,3692,32,41.0,872,0.0
2020-07-21T00:00:00.000Z,3729,35,37.0,869,3.0
2020-07-22T00:00:00.000Z,3767,36,38.0,863,1.0
2020-07-23T00:00:00.000Z,3786,36,19.0,834,0.0
2020-07-24T00:00:00.000Z,3824,37,38.0,830,1.0
2020-07-25T00:00:00.000Z,3864,37,40.0,838,0.0
2020-07-26T00:00:00.000Z,3902,37,38.0,847,0.0
2020-07-27T00:00:00.000Z,3934,37,32.0,846,0.0
2020-07-28T00:00:00.000Z,3969,39,35.0,827,2.0
2020-07-29T00:00:00.000Z,4007,39,38.0,807,0.0
2020-07-30T00:00:00.000Z,4046,39,39.0,768,0.0
2020-07-31T00:00:00.000Z,4081,40,35.0,766,1.0
2020-08-01T00:00:00.000Z,4123,40,42.0,760,0.0
2020-08-02T00:00:00.000Z,4159,40,36.0,781,0.0
2020-08-03T00:00:00.000Z,4199,40,40.0,799,0.0
2020-08-04T00:00:00.000Z,4238,40,39.0,772,0.0
2020-08-05T00:00:00.000Z,4263,42,25.0,764,2.0
2020-08-06T00:00:00.000Z,4287,42,24.0,756,0.0
2020-08-07T00:00:00.000Z,4316,42,29.0,731,0.0
2020-08-08T00:00:00.000Z,4345,42,29.0,706,0.0
2020-08-09T00:00:00.000Z,4379,42,34.0,732,0.0
2020-08-10T00:00:00.000Z,4409,42,30.0,750,0.0
2020-08-11T00:00:00.000Z,4444,42,35.0,725,0.0
2020-08-12T00:00:00.000Z,4475,42,31.0,667,0.0
2020-08-13T00:00:00.000Z,4507,42,32.0,626,0.0
2020-08-14T00:00:00.000Z,4537,42,30.0,602,0.0
2020-08-15T00:00:00.000Z,4566,42,29.0,593,0.0
2020-08-16T00:00:00.000Z,4600,42,34.0,609,0.0
2020-08-17T00:00:00.000Z,4630,42,30.0,628,0.0
2020-08-18T00:00:00.000Z,4663,42,33.0,613,0.0
2020-08-19T00:00:00.000Z,4699,42,36.0,601,0.0
2020-08-20T00:00:00.000Z,4731,43,32.0,596,1.0
2020-08-21T00:00:00.000Z,4769,43,38.0,594,0.0
2020-08-22T00:00:00.000Z,4804,43,35.0,596,0.0
2020-08-23T00:00:00.000Z,4860,44,56.0,636,1.0
2020-08-24T00:00:00.000Z,4906,45,46.0,665,1.0
2020-08-25T00:00:00.000Z,4954,46,48.0,664,1.0
2020-08-26T00:00:00.000Z,5001,46,47.0,678,0.0
2020-08-27T00:00:00.000Z,5042,46,41.0,687,0.0
2020-08-28T00:00:00.000Z,5087,46,45.0,715,0.0
2020-08-29T00:00:00.000Z,5136,46,49.0,734,0.0
2020-08-30T00:00:00.000Z,5190,47,54.0,764,1.0
2020-08-31T00:00:00.000Z,5243,47,53.0,817,0.0
2020-09-01T00:00:00.000Z,5291,50,48.0,835,3.0
2020-09-02T00:00:00.000Z,5331,53,40.0,829,3.0
2020-09-03T00:00:00.000Z,5380,54,49.0,834,1.0
2020-09-04T00:00:00.000Z,5427,55,47.0,856,1.0
2020-09-05T00:00:00.000Z,5481,55,54.0,884,0.0
2020-09-06T00:00:00.000Z,5531,55,50.0,907,0.0
2020-09-07T00:00:00.000Z,5582,55,51.0,940,0.0
2020-09-08T00:00:00.000Z,5632,55,50.0,938,0.0
2020-09-09T00:00:00.000Z,5666,60,34.0,924,5.0
2020-09-10T00:00:00.000Z,5705,60,39.0,910,0.0
2020-09-11T00:00:00.000Z,5748,60,43.0,901,0.0
2020-09-12T00:00:00.000Z,5796,60,48.0,904,0.0
2020-09-13T00:00:00.000Z,5844,61,48.0,912,1.0
2020-09-14T00:00:00.000Z,5889,61,45.0,928,0.0
2020-09-15T00:00:00.000Z,5937,61,48.0,898,0.0
2020-09-16T00:00:00.000Z,5984,62,47.0,875,1.0
2020-09-17T00:00:00.000Z,6028,62,44.0,874,0.0
2020-09-18T00:00:00.000Z,6088,62,60.0,906,0.0
2020-09-19T00:00:00.000Z,6152,62,64.0,929,0.0
2020-09-20T00:00:00.000Z,6219,63,67.0,980,1.0
2020-09-21T00:00:00.000Z,6286,63,67.0,1040,0.0
2020-09-22T00:00:00.000Z,6352,65,66.0,1045,2.0
2020-09-23T00:00:00.000Z,6417,65,65.0,1042,0.0
2020-09-24T00:00:00.000Z,6483,65,66.0,967,0.0
2020-09-25T00:00:00.000Z,6551,65,68.0,1010,0.0
2020-09-26T00:00:00.000Z,6619,68,68.0,1005,3.0
2020-09-27T00:00:00.000Z,6687,68,68.0,1033,0.0
2020-09-28T00:00:00.000Z,6753,68,66.0,1071,0.0
2020-09-29T00:00:00.000Z,6821,68,68.0,1063,0.0
2020-09-30T00:00:00.000Z,6888,71,67.0,1045,3.0
2020-10-01T00:00:00.000Z,6963,71,75.0,1015,0.0
2020-10-02T00:00:00.000Z,7042,71,79.0,1043,0.0
2020-10-03T00:00:00.000Z,7126,72,84.0,1066,1.0
2020-10-04T00:00:00.000Z,7215,72,89.0,1118,0.0
2020-10-05T00:00:00.000Z,7313,75,98.0,1176,3.0
2020-10-06T00:00:00.000Z,7408,75,95.0,1193,0.0
2020-10-07T00:00:00.000Z,7503,77,95.0,1218,2.0
2020-10-08T00:00:00.000Z,7598,77,95.0,1219,0.0
2020-10-09T00:00:00.000Z,7694,81,96.0,1217,4.0
2020-10-10T00:00:00.000Z,7792,81,98.0,1231,0.0
2020-10-11T00:00:00.000Z,7889,81,97.0,1306,0.0
