date,total_cases,total_death,daily_cases,total_currently_infected,death_per_day
2020-03-19,1,0,1,1,0
2020-03-20,1,0,0,1,0
2020-03-21,2,0,1,2,0
2020-03-22,2,0,0,2,0
2020-03-23,2,0,0,2,0
2020-03-24,2,0,0,2,0
2020-03-25,2,0,0,2,0
2020-03-26,2,0,0,2,0
2020-03-27,2,0,0,2,0
2020-03-28,3,0,1,3,0
2020-03-29,3,0,0,3,0
2020-03-30,5,0,2,5,0
2020-03-31,3,0,-2,3,0
2020-04-01,5,0,2,4,0
2020-04-02,5,0,0,4,0
2020-04-03,6,0,1,5,0
2020-04-04,12,0,6,10,0
2020-04-05,12,0,0,10,0
2020-04-06,17,0,5,15,0
2020-04-07,17,0,0,15,0
2020-04-08,32,0,15,30,0
2020-04-09,32,0,0,29,0
2020-04-10,38,0,6,35,0
2020-04-11,55,0,17,51,0
2020-04-12,71,0,16,67,0
2020-04-13,89,0,18,85,0
2020-04-14,116,0,27,112,0
2020-04-15,116,0,0,112,0
2020-04-16,154,0,38,150,0
2020-04-17,184,0,30,180,0
2020-04-18,225,0,41,216,0
2020-04-19,267,0,42,258,0
2020-04-20,289,0,22,280,0
2020-04-21,316,0,27,307,0
2020-04-22,392,0,76,377,0
2020-04-23,429,0,37,397,0
2020-04-24,475,0,46,443,0
2020-04-25,539,0,64,501,0
2020-04-26,602,0,63,555,0
2020-04-27,687,3,85,640,3
2020-04-28,788,3,101,741,0
2020-04-29,840,3,52,793,0
2020-04-30,880,3,40,833,0
2020-05-01,923,5,43,859,2
2020-05-02,1021,5,98,957,0
2020-05-03,1076,5,55,990,0
2020-05-04,1137,5,61,1049,0
2020-05-05,1226,5,89,1137,0
2020-05-06,1310,5,84,1221,0
2020-05-07,1396,5,86,1290,0
2020-05-08,1475,5,79,1322,0
2020-05-09,1560,5,85,1362,0
2020-05-10,1648,5,88,1433,0
2020-05-11,1744,5,96,1520,0
2020-05-12,1842,7,98,1603,2
2020-05-13,1939,7,97,1645,0
2020-05-14,2028,7,89,1711,0
2020-05-15,2123,7,95,1771,0
2020-05-16,2214,7,91,1821,0
2020-05-17,2300,7,86,1904,0
2020-05-18,2394,7,94,1996,0
2020-05-19,2485,7,91,2063,0
2020-05-20,2577,7,92,2125,0
2020-05-21,2673,7,96,2192,0
2020-05-22,2767,7,94,2263,0
2020-05-23,2865,7,98,2317,0
2020-05-24,2953,7,88,2387,0
2020-05-25,3040,7,87,2402,0
2020-05-26,3125,7,85,2423,0
2020-05-27,3206,7,81,2417,0
2020-05-28,3283,7,77,2435,0
2020-05-29,3358,7,75,2464,0
2020-05-30,3432,7,74,2487,0
2020-05-31,3508,7,76,2552,0
2020-06-01,3581,7,73,2608,0
2020-06-02,3653,9,72,2578,2
2020-06-03,3728,9,75,2559,0
2020-06-04,3801,10,73,2572,1
2020-06-05,3872,10,71,2542,0
2020-06-06,3940,10,68,2507,0
2020-06-07,4013,10,73,2565,0
2020-06-08,4088,10,75,2630,0
2020-06-09,4164,10,76,2553,0
2020-06-10,4228,10,64,2481,0
2020-06-11,4287,11,59,2412,1
2020-06-12,4345,11,58,2338,0
2020-06-13,4401,12,56,2376,1
2020-06-14,4458,12,57,2412,0
2020-06-15,4507,12,49,2416,0
2020-06-16,4557,12,50,2241,0
2020-06-17,4606,14,49,2153,2
2020-06-18,4656,14,50,2037,0
2020-06-19,4708,15,52,1906,1
2020-06-20,4759,16,51,1823,1
2020-06-21,4808,17,49,1857,1
2020-06-22,4855,17,47,1896,0
2020-06-23,4900,17,45,1753,0
2020-06-24,4943,17,43,1662,0
2020-06-25,4984,17,41,1690,0
2020-06-26,5027,18,43,1677,1
2020-06-27,5069,18,42,1674,0
2020-06-28,5113,19,44,1717,1
2020-06-29,5154,19,41,1756,0
2020-06-30,5197,19,43,1691,0
2020-07-01,5237,19,40,1589,0
2020-07-02,5277,19,40,1606,0
2020-07-03,5315,19,38,1543,0
2020-07-04,5354,20,39,1459,1
2020-07-05,5394,20,40,1479,0
2020-07-06,5433,21,39,1510,1
2020-07-07,5469,21,36,1443,0
2020-07-08,5507,21,38,1384,0
2020-07-09,5547,21,40,1329,0
2020-07-10,5585,21,38,1210,0
2020-07-11,5621,21,36,1111,0
2020-07-12,5656,21,35,1134,0
2020-07-13,5694,22,38,1166,1
2020-07-14,5731,22,37,1120,0
2020-07-15,5766,22,35,1031,0
2020-07-16,5804,22,38,960,0
2020-07-17,5843,23,39,897,1
2020-07-18,5883,23,40,848,0
2020-07-19,5921,24,38,881,1
2020-07-20,5957,24,36,908,0
2020-07-21,5992,24,35,822,0
2020-07-22,6024,26,32,711,2
2020-07-23,6058,26,34,586,0
2020-07-24,6094,27,36,486,1
2020-07-25,6126,27,32,357,0
2020-07-26,6155,27,29,371,0
2020-07-27,6183,27,28,395,0
2020-07-28,6213,28,30,410,1
2020-07-29,6240,28,27,420,0
2020-07-30,6266,29,26,433,1
2020-07-31,6295,30,29,449,1
2020-08-01,6323,30,28,464,0
2020-08-02,6352,30,29,488,0
2020-08-03,6382,30,30,518,0
2020-08-04,6411,30,29,529,0
2020-08-05,6437,31,26,546,1
2020-08-06,6464,32,27,557,1
2020-08-07,6489,32,25,569,0
2020-08-08,6518,34,29,585,2
2020-08-09,6546,34,28,613,0
2020-08-10,6570,34,24,637,0
2020-08-11,6597,34,27,650,0
2020-08-12,6625,34,28,665,0
2020-08-13,6655,36,30,679,2
2020-08-14,6684,37,29,690,1
2020-08-15,6715,37,31,700,0
2020-08-16,6742,38,27,727,1
2020-08-17,6772,38,30,757,0
2020-08-18,6798,38,26,765,0
2020-08-19,6827,39,29,778,1
2020-08-20,6855,39,28,780,0
2020-08-21,6880,40,25,782,1
2020-08-22,6907,41,27,784,1
2020-08-23,6937,41,30,814,0
2020-08-24,6966,41,29,843,0
2020-08-25,6993,42,27,847,1
2020-08-26,7019,42,26,852,0
2020-08-27,7047,43,28,855,1
2020-08-28,7078,43,31,859,0
2020-08-29,7105,44,27,854,1
2020-08-30,7135,44,30,884,0
2020-08-31,7161,44,26,910,0
2020-09-01,7190,44,29,912,0
2020-09-02,7217,44,27,921,0
2020-09-03,7246,45,29,934,1
2020-09-04,7278,46,32,945,1
2020-09-05,7308,46,30,957,0
2020-09-06,7341,46,33,990,0
2020-09-07,7372,46,31,1021,0
2020-09-08,7402,46,30,1032,0
2020-09-09,7431,47,29,1040,1
2020-09-10,7459,47,28,1045,0
2020-09-11,7490,47,31,1053,0
2020-09-12,7523,47,33,1065,0
2020-09-13,7552,47,29,1094,0
2020-09-14,7584,47,32,1126,0
2020-09-15,7614,47,30,1131,0
2020-09-16,7647,47,33,1141,0
2020-09-17,7678,47,31,1151,0
2020-09-18,7712,47,34,1165,0
2020-09-19,7747,47,35,1182,0
2020-09-20,7781,47,34,1216,0
2020-09-21,7816,47,35,1251,0
2020-09-22,7852,49,36,1263,2
2020-09-23,7891,49,39,1277,0
2020-09-24,7931,49,40,1293,0
2020-09-25,7973,49,42,1313,0
2020-09-26,8013,50,40,1332,1
2020-09-27,8052,50,39,1371,0
2020-09-28,8093,50,41,1412,0
2020-09-29,8133,50,40,1431,0
2020-09-30,8176,50,43,1454,0
2020-10-01,8221,51,45,1478,1
2020-10-02,8270,51,49,1505,0
2020-10-03,8319,52,49,1531,1
2020-10-04,8371,52,52,1579,0
2020-10-05,8422,52,51,1625,0
2020-10-06,8476,52,54,1657,0
2020-10-07,8531,52,55,1689,0
2020-10-08,8589,53,58,1725,1
2020-10-09,8654,53,65,1767,0
2020-10-10,8728,54,74,1818,1
2020-10-11,8811,54,83,1896,0
