date,total_cases,total_death,daily_cases,total_currently_infected,death_per_day
2020-03-15T00:00:00.000Z,6,0,6.0,6,0.0
2020-03-16T00:00:00.000Z,9,0,3.0,8,0.0
2020-03-17T00:00:00.000Z,9,0,0.0,8,0.0
2020-03-18T00:00:00.000Z,9,0,0.0,7,0.0
2020-03-19T00:00:00.000Z,10,0,1.0,8,0.0
2020-03-20T00:00:00.000Z,14,0,4.0,12,0.0
2020-03-21T00:00:00.000Z,16,0,2.0,14,0.0
2020-03-22T00:00:00.000Z,16,0,0.0,14,0.0
2020-03-23T00:00:00.000Z,16,0,0.0,14,0.0
2020-03-24T00:00:00.000Z,21,0,5.0,19,0.0
2020-03-25T00:00:00.000Z,21,0,0.0,19,0.0
2020-03-26T00:00:00.000Z,26,0,5.0,24,0.0
2020-03-27T00:00:00.000Z,26,0,0.0,21,0.0
2020-03-28T00:00:00.000Z,37,1,11.0,31,1.0
2020-03-29T00:00:00.000Z,42,1,5.0,37,0.0
2020-03-30T00:00:00.000Z,50,2,8.0,45,1.0
2020-03-31T00:00:00.000Z,98,2,48.0,91,0.0
2020-04-01T00:00:00.000Z,125,2,27.0,118,0.0
2020-04-02T00:00:00.000Z,147,2,22.0,140,0.0
2020-04-03T00:00:00.000Z,156,2,9.0,149,0.0
2020-04-04T00:00:00.000Z,171,2,15.0,164,0.0
2020-04-05T00:00:00.000Z,191,3,20.0,159,1.0
2020-04-06T00:00:00.000Z,226,3,35.0,194,0.0
2020-04-07T00:00:00.000Z,295,3,69.0,263,0.0
2020-04-08T00:00:00.000Z,329,3,34.0,286,0.0
2020-04-09T00:00:00.000Z,373,4,44.0,330,1.0
2020-04-10T00:00:00.000Z,408,4,35.0,365,0.0
2020-04-11T00:00:00.000Z,488,4,80.0,414,0.0
2020-04-12T00:00:00.000Z,557,4,69.0,483,0.0
2020-04-13T00:00:00.000Z,678,4,121.0,600,0.0
2020-04-14T00:00:00.000Z,799,4,121.0,721,0.0
2020-04-15T00:00:00.000Z,929,5,130.0,834,1.0
2020-04-16T00:00:00.000Z,1083,7,154.0,973,2.0
2020-04-17T00:00:00.000Z,1507,7,424.0,1376,0.0
2020-04-18T00:00:00.000Z,1646,8,139.0,1414,1.0
2020-04-19T00:00:00.000Z,1760,8,114.0,1521,0.0
2020-04-20T00:00:00.000Z,1846,8,86.0,1605,0.0
2020-04-21T00:00:00.000Z,1973,11,127.0,1693,3.0
2020-04-22T00:00:00.000Z,2267,14,294.0,1940,3.0
2020-04-23T00:00:00.000Z,2458,17,191.0,2090,3.0
2020-04-24T00:00:00.000Z,2711,20,253.0,2300,3.0
2020-04-25T00:00:00.000Z,2926,23,215.0,2466,3.0
2020-04-26T00:00:00.000Z,3077,27,151.0,2588,4.0
2020-04-27T00:00:00.000Z,3238,27,161.0,2749,0.0
2020-04-28T00:00:00.000Z,3436,27,198.0,2892,0.0
2020-04-29T00:00:00.000Z,3726,29,290.0,3018,2.0
2020-04-30T00:00:00.000Z,4062,29,336.0,3283,0.0
2020-05-01T00:00:00.000Z,4411,33,349.0,3632,4.0
2020-05-02T00:00:00.000Z,4734,33,323.0,3857,0.0
2020-05-03T00:00:00.000Z,5029,34,295.0,3968,1.0
2020-05-04T00:00:00.000Z,5346,37,317.0,4149,3.0
2020-05-05T00:00:00.000Z,5572,37,226.0,4104,0.0
2020-05-06T00:00:00.000Z,5884,40,312.0,4352,3.0
2020-05-07T00:00:00.000Z,6190,44,306.0,4638,4.0
2020-05-08T00:00:00.000Z,6565,48,375.0,4968,4.0
2020-05-09T00:00:00.000Z,6990,53,425.0,5328,5.0
2020-05-10T00:00:00.000Z,7404,53,414.0,5730,0.0
2020-05-11T00:00:00.000Z,7711,56,307.0,6030,3.0
2020-05-12T00:00:00.000Z,8050,58,339.0,6266,2.0
2020-05-13T00:00:00.000Z,8485,63,435.0,6637,5.0
2020-05-14T00:00:00.000Z,8945,69,460.0,7046,6.0
2020-05-15T00:00:00.000Z,9486,74,541.0,7481,5.0
2020-05-16T00:00:00.000Z,10011,80,525.0,7902,6.0
2020-05-17T00:00:00.000Z,10462,85,451.0,8287,5.0
2020-05-18T00:00:00.000Z,10887,90,425.0,8678,5.0
2020-05-19T00:00:00.000Z,11340,95,453.0,9068,5.0
2020-05-20T00:00:00.000Z,11795,99,455.0,9315,4.0
2020-05-21T00:00:00.000Z,12203,104,408.0,9542,5.0
2020-05-22T00:00:00.000Z,12592,107,389.0,9733,3.0
2020-05-23T00:00:00.000Z,12955,113,363.0,9831,6.0
2020-05-24T00:00:00.000Z,13339,133,384.0,9887,20.0
2020-05-25T00:00:00.000Z,13713,138,374.0,10123,5.0
2020-05-26T00:00:00.000Z,14076,150,363.0,10332,12.0
2020-05-27T00:00:00.000Z,14463,158,387.0,10005,8.0
2020-05-28T00:00:00.000Z,14846,167,383.0,10063,9.0
2020-05-29T00:00:00.000Z,15215,178,369.0,10102,11.0
2020-05-30T00:00:00.000Z,15580,191,365.0,10207,13.0
2020-05-31T00:00:00.000Z,15949,204,369.0,10269,13.0
2020-06-01T00:00:00.000Z,16313,213,364.0,10565,9.0
2020-06-02T00:00:00.000Z,16689,223,376.0,10681,10.0
2020-06-03T00:00:00.000Z,17069,240,380.0,10738,17.0
2020-06-04T00:00:00.000Z,17444,264,375.0,10749,24.0
2020-06-05T00:00:00.000Z,17822,291,378.0,10746,27.0
2020-06-06T00:00:00.000Z,18169,346,347.0,10707,55.0
2020-06-07T00:00:00.000Z,18509,377,340.0,10750,31.0
2020-06-08T00:00:00.000Z,18835,392,326.0,10920,15.0
2020-06-09T00:00:00.000Z,19153,433,318.0,11052,41.0
2020-06-10T00:00:00.000Z,19466,482,313.0,10945,49.0
2020-06-11T00:00:00.000Z,19769,520,303.0,10905,38.0
2020-06-12T00:00:00.000Z,20043,561,274.0,10767,41.0
2020-06-13T00:00:00.000Z,20305,569,262.0,10744,8.0
2020-06-14T00:00:00.000Z,20561,597,256.0,10884,28.0
2020-06-15T00:00:00.000Z,20813,635,252.0,11074,38.0
2020-06-16T00:00:00.000Z,21047,689,234.0,11076,54.0
2020-06-17T00:00:00.000Z,21275,727,228.0,10588,38.0
2020-06-18T00:00:00.000Z,21506,756,231.0,10182,29.0
2020-06-19T00:00:00.000Z,21734,793,228.0,9563,37.0
2020-06-20T00:00:00.000Z,21966,814,232.0,9001,21.0
2020-06-21T00:00:00.000Z,22195,840,229.0,8732,26.0
2020-06-22T00:00:00.000Z,22412,869,217.0,8765,29.0
2020-06-23T00:00:00.000Z,22632,904,220.0,8764,35.0
2020-06-24T00:00:00.000Z,22850,942,218.0,8339,38.0
2020-06-25T00:00:00.000Z,23071,961,221.0,7971,19.0
2020-06-26T00:00:00.000Z,23294,1008,223.0,7799,47.0
2020-06-27T00:00:00.000Z,23518,1065,224.0,7307,57.0
2020-06-28T00:00:00.000Z,23735,1086,217.0,6926,21.0
2020-06-29T00:00:00.000Z,23954,1105,219.0,6898,19.0
2020-06-30T00:00:00.000Z,24207,1136,253.0,6897,31.0
2020-07-01T00:00:00.000Z,24469,1182,262.0,6314,46.0
2020-07-02T00:00:00.000Z,24727,1227,258.0,5723,45.0
2020-07-03T00:00:00.000Z,24990,1272,263.0,5495,45.0
2020-07-04T00:00:00.000Z,25261,1303,271.0,5515,31.0
2020-07-05T00:00:00.000Z,25536,1345,275.0,5542,42.0
2020-07-06T00:00:00.000Z,25816,1389,280.0,5642,44.0
2020-07-07T00:00:00.000Z,26094,1437,278.0,5735,48.0
2020-07-08T00:00:00.000Z,26389,1484,295.0,5837,47.0
2020-07-09T00:00:00.000Z,26681,1520,292.0,5947,36.0
2020-07-10T00:00:00.000Z,26981,1541,300.0,6091,21.0
2020-07-11T00:00:00.000Z,27277,1583,296.0,6206,42.0
2020-07-12T00:00:00.000Z,27570,1603,293.0,6337,20.0
2020-07-13T00:00:00.000Z,27861,1626,291.0,6476,23.0
2020-07-14T00:00:00.000Z,28142,1657,281.0,6563,31.0
2020-07-15T00:00:00.000Z,28406,1676,264.0,6660,19.0
2020-07-16T00:00:00.000Z,28662,1698,256.0,6767,22.0
2020-07-17T00:00:00.000Z,28906,1728,244.0,6855,30.0
2020-07-18T00:00:00.000Z,29144,1755,238.0,6932,27.0
2020-07-19T00:00:00.000Z,29346,1781,202.0,7033,26.0
2020-07-20T00:00:00.000Z,29541,1807,195.0,7116,26.0
2020-07-21T00:00:00.000Z,29730,1834,189.0,7212,27.0
2020-07-22T00:00:00.000Z,29916,1862,186.0,7303,28.0
2020-07-23T00:00:00.000Z,30100,1881,184.0,7386,19.0
2020-07-24T00:00:00.000Z,30281,1908,181.0,7474,27.0
2020-07-25T00:00:00.000Z,30460,1936,179.0,7571,28.0
2020-07-26T00:00:00.000Z,30635,1945,175.0,7667,9.0
2020-07-27T00:00:00.000Z,30807,1955,172.0,7764,10.0
2020-07-28T00:00:00.000Z,30975,1978,168.0,7851,23.0
2020-07-29T00:00:00.000Z,31140,2001,165.0,7941,23.0
2020-07-30T00:00:00.000Z,31302,2023,162.0,8010,22.0
2020-07-31T00:00:00.000Z,31461,2043,159.0,8091,20.0
2020-08-01T00:00:00.000Z,31622,2052,161.0,8156,9.0
2020-08-02T00:00:00.000Z,31785,2056,163.0,8233,4.0
2020-08-03T00:00:00.000Z,31945,2062,160.0,8318,6.0
2020-08-04T00:00:00.000Z,32103,2084,158.0,8391,22.0
2020-08-05T00:00:00.000Z,32259,2102,156.0,8510,18.0
2020-08-06T00:00:00.000Z,32418,2118,159.0,8585,16.0
2020-08-07T00:00:00.000Z,32575,2136,157.0,8649,18.0
2020-08-08T00:00:00.000Z,32730,2146,155.0,8721,10.0
2020-08-09T00:00:00.000Z,32890,2149,160.0,8848,3.0
2020-08-10T00:00:00.000Z,33047,2156,157.0,8960,7.0
2020-08-11T00:00:00.000Z,33204,2176,157.0,9039,20.0
2020-08-12T00:00:00.000Z,33365,2188,161.0,9107,12.0
2020-08-13T00:00:00.000Z,33525,2203,160.0,9171,15.0
2020-08-14T00:00:00.000Z,33684,2225,159.0,9258,22.0
2020-08-15T00:00:00.000Z,33846,2245,162.0,9344,20.0
2020-08-16T00:00:00.000Z,34009,2255,163.0,9454,10.0
2020-08-17T00:00:00.000Z,34168,2257,159.0,9544,2.0
2020-08-18T00:00:00.000Z,34325,2276,157.0,9618,19.0
2020-08-19T00:00:00.000Z,34487,2293,162.0,9694,17.0
2020-08-20T00:00:00.000Z,34647,2308,160.0,9771,15.0
2020-08-21T00:00:00.000Z,34828,2314,181.0,9851,6.0
2020-08-22T00:00:00.000Z,35011,2332,183.0,9924,18.0
2020-08-23T00:00:00.000Z,35191,2342,180.0,10041,10.0
2020-08-24T00:00:00.000Z,35373,2342,182.0,10158,0.0
2020-08-25T00:00:00.000Z,35552,2357,179.0,10248,15.0
2020-08-26T00:00:00.000Z,35733,2375,181.0,10354,18.0
2020-08-27T00:00:00.000Z,35917,2392,184.0,10473,17.0
2020-08-28T00:00:00.000Z,36104,2401,187.0,10574,9.0
2020-08-29T00:00:00.000Z,36293,2416,189.0,10668,15.0
2020-08-30T00:00:00.000Z,36479,2421,186.0,10786,5.0
2020-08-31T00:00:00.000Z,36667,2421,188.0,10878,0.0
2020-09-01T00:00:00.000Z,36852,2440,185.0,10977,19.0
2020-09-02T00:00:00.000Z,37041,2461,189.0,11060,21.0
2020-09-03T00:00:00.000Z,37232,2483,191.0,11139,22.0
2020-09-04T00:00:00.000Z,37425,2503,193.0,11231,20.0
2020-09-05T00:00:00.000Z,37620,2522,195.0,11330,19.0
2020-09-06T00:00:00.000Z,37812,2532,192.0,11447,10.0
2020-09-07T00:00:00.000Z,38008,2532,196.0,11578,0.0
2020-09-08T00:00:00.000Z,38218,2552,210.0,11665,20.0
2020-09-09T00:00:00.000Z,38436,2574,218.0,11772,22.0
2020-09-10T00:00:00.000Z,38651,2590,215.0,11875,16.0
2020-09-11T00:00:00.000Z,38867,2607,216.0,11986,17.0
2020-09-12T00:00:00.000Z,39070,2630,203.0,12084,23.0
2020-09-13T00:00:00.000Z,39276,2650,206.0,12186,20.0
2020-09-14T00:00:00.000Z,39475,2650,199.0,12285,0.0
2020-09-15T00:00:00.000Z,39681,2676,206.0,12387,26.0
2020-09-16T00:00:00.000Z,39888,2701,207.0,12489,25.0
2020-09-17T00:00:00.000Z,40099,2725,211.0,12593,24.0
2020-09-18T00:00:00.000Z,40305,2744,206.0,12695,19.0
2020-09-19T00:00:00.000Z,40517,2762,212.0,12800,18.0
2020-09-20T00:00:00.000Z,40731,2777,214.0,12906,15.0
2020-09-21T00:00:00.000Z,40940,2777,209.0,13010,0.0
2020-09-22T00:00:00.000Z,41151,2802,211.0,13115,25.0
2020-09-23T00:00:00.000Z,41359,2817,208.0,13218,15.0
2020-09-24T00:00:00.000Z,41574,2839,215.0,13323,22.0
2020-09-25T00:00:00.000Z,41798,2858,224.0,13337,19.0
2020-09-26T00:00:00.000Z,42030,2885,232.0,13453,27.0
2020-09-27T00:00:00.000Z,42257,2894,227.0,13566,9.0
2020-09-28T00:00:00.000Z,42494,2894,237.0,13684,0.0
2020-09-29T00:00:00.000Z,42745,2924,251.0,13809,30.0
2020-09-30T00:00:00.000Z,43021,2950,276.0,13947,26.0
2020-10-01T00:00:00.000Z,43306,2972,285.0,14089,22.0
2020-10-02T00:00:00.000Z,43608,3004,302.0,14240,32.0
2020-10-03T00:00:00.000Z,43966,3034,358.0,14419,30.0
2020-10-04T00:00:00.000Z,44358,3059,392.0,14615,25.0
2020-10-05T00:00:00.000Z,44765,3073,407.0,14818,14.0
2020-10-06T00:00:00.000Z,45176,3107,411.0,15023,34.0
2020-10-07T00:00:00.000Z,45632,3137,456.0,15251,30.0
2020-10-08T00:00:00.000Z,46093,3162,461.0,15481,25.0
2020-10-09T00:00:00.000Z,46562,3184,469.0,15715,22.0
2020-10-10T00:00:00.000Z,47063,3220,501.0,15965,36.0
2020-10-11T00:00:00.000Z,47591,3241,528.0,16229,21.0
