date,total_cases,total_death,daily_cases,total_currently_infected,death_per_day
2020-03-19,1,0,1,1,0
2020-03-20,1,0,0,1,0
2020-03-21,1,0,0,1,0
2020-03-22,1,0,0,1,0
2020-03-23,1,0,0,1,0
2020-03-24,1,0,0,1,0
2020-03-25,1,0,0,1,0
2020-03-26,1,0,0,1,0
2020-03-27,1,0,0,1,0
2020-03-28,2,0,1,2,0
2020-03-29,2,0,0,2,0
2020-03-30,4,0,2,4,0
2020-03-31,4,0,0,4,0
2020-04-01,15,0,11,14,0
2020-04-02,15,0,0,14,0
2020-04-03,19,0,4,18,0
2020-04-04,19,0,0,18,0
2020-04-05,19,0,0,18,0
2020-04-06,19,0,0,18,0
2020-04-07,25,0,6,24,0
2020-04-08,26,0,1,25,0
2020-04-09,30,0,4,29,0
2020-04-10,34,0,4,32,0
2020-04-11,35,0,1,33,0
2020-04-12,42,0,7,40,0
2020-04-13,44,0,2,40,0
2020-04-14,49,0,5,43,0
2020-04-15,56,0,7,48,0
2020-04-16,70,0,14,62,0
2020-04-17,87,0,17,74,0
2020-04-18,98,0,11,85,0
2020-04-19,114,0,16,101,0
2020-04-20,142,0,28,129,0
2020-04-21,168,0,26,155,0
2020-04-22,190,0,22,171,0
2020-04-23,229,0,39,210,0
2020-04-24,245,0,16,215,0
2020-04-25,265,2,20,231,2
2020-04-26,305,2,40,267,0
2020-04-27,327,2,22,288,0
2020-04-28,359,2,32,320,0
2020-04-29,392,2,33,343,0
2020-04-30,438,2,46,389,0
2020-05-01,487,2,49,435,0
2020-05-02,535,3,48,462,1
2020-05-03,585,3,50,490,0
2020-05-04,659,3,74,560,0
2020-05-05,737,3,78,631,0
2020-05-06,835,3,98,702,0
2020-05-07,876,4,41,741,1
2020-05-08,950,4,74,793,0
2020-05-09,1007,4,57,811,0
2020-05-10,1076,4,69,843,0
2020-05-11,1168,5,92,931,1
2020-05-12,1232,5,64,990,0
2020-05-13,1317,6,85,1073,1
2020-05-14,1413,6,96,1136,0
2020-05-15,1526,7,113,1205,1
2020-05-16,1633,7,107,1274,0
2020-05-17,1754,8,121,1368,1
2020-05-18,1871,8,117,1450,0
2020-05-19,1980,11,109,1542,3
2020-05-20,2072,12,92,1586,1
2020-05-21,2139,15,67,1571,3
2020-05-22,2223,16,84,1584,1
2020-05-23,2321,18,98,1622,2
2020-05-24,2418,20,97,1657,2
2020-05-25,2516,22,98,1731,2
2020-05-26,2581,25,65,1769,3
2020-05-27,2649,30,68,1788,5
2020-05-28,2746,32,97,1804,2
2020-05-29,2840,34,94,1807,2
2020-05-30,2936,34,96,1818,0
2020-05-31,3078,34,142,1925,0
2020-06-01,3174,34,96,2016,0
2020-06-02,3269,34,95,2063,0
2020-06-03,3363,34,94,2075,0
2020-06-04,3457,35,94,2096,1
2020-06-05,3553,35,96,2149,0
2020-06-06,3651,36,98,2189,1
2020-06-07,3763,36,112,2216,0
2020-06-08,3900,37,137,2327,1
2020-06-09,4015,37,115,2419,0
2020-06-10,4132,37,117,2433,0
2020-06-11,4246,37,114,2435,0
2020-06-12,4362,37,116,2382,0
2020-06-13,4480,38,118,2466,1
2020-06-14,4606,38,126,2554,0
2020-06-15,4734,38,128,2663,0
2020-06-16,4857,39,123,2653,1
2020-06-17,4982,39,125,2665,0
2020-06-18,5101,40,119,2705,1
2020-06-19,5217,40,116,2710,0
2020-06-20,5335,41,118,2740,1
2020-06-21,5450,41,115,2832,0
2020-06-22,5562,41,112,2922,0
2020-06-23,5671,42,109,2882,1
2020-06-24,5782,42,111,2887,0
2020-06-25,5892,42,110,2970,0
2020-06-26,6003,42,111,2969,0
2020-06-27,6115,42,112,2957,0
2020-06-28,6225,43,110,3031,1
2020-06-29,6334,43,109,3128,0
2020-06-30,6444,43,110,3100,0
2020-07-01,6546,44,102,2996,1
2020-07-02,6645,44,99,3076,0
2020-07-03,6746,45,101,3066,1
2020-07-04,6844,45,98,3096,0
2020-07-05,6941,45,97,3182,0
2020-07-06,7040,45,99,3267,0
2020-07-07,7135,46,95,3254,1
2020-07-08,7231,47,96,3243,1
2020-07-09,7325,47,94,3281,0
2020-07-10,7417,47,92,3301,0
2020-07-11,7508,47,91,3288,0
2020-07-12,7600,47,92,3369,0
2020-07-13,7689,47,89,3448,0
2020-07-14,7782,47,93,3419,0
2020-07-15,7874,48,92,3411,1
2020-07-16,7969,49,95,3434,1
2020-07-17,8063,50,94,3443,1
2020-07-18,8159,51,96,3460,1
2020-07-19,8256,51,97,3535,0
2020-07-20,8349,51,93,3603,0
2020-07-21,8443,53,94,3609,2
2020-07-22,8536,54,93,3580,1
2020-07-23,8631,54,95,3574,0
2020-07-24,8725,55,94,3566,1
2020-07-25,8823,55,98,3603,0
2020-07-26,8920,55,97,3670,0
2020-07-27,9015,55,95,3745,0
2020-07-28,9111,56,96,3742,1
2020-07-29,9209,57,98,3740,1
2020-07-30,9308,58,99,3761,1
2020-07-31,9406,59,98,3764,1
2020-08-01,9502,59,96,3738,0
2020-08-02,9597,60,95,3784,1
2020-08-03,9691,60,94,3843,0
2020-08-04,9784,61,93,3851,1
2020-08-05,9878,61,94,3838,0
2020-08-06,9968,62,90,3848,1
2020-08-07,10062,62,94,3870,0
2020-08-08,10157,63,95,3879,1
2020-08-09,10253,63,96,3955,0
2020-08-10,10348,63,95,4009,0
2020-08-11,10442,63,94,4041,0
2020-08-12,10538,64,96,4017,1
2020-08-13,10633,64,95,4019,0
2020-08-14,10727,65,94,4032,1
2020-08-15,10824,66,97,4069,1
2020-08-16,10922,66,98,4148,0
2020-08-17,11018,66,96,4227,0
2020-08-18,11116,67,98,4167,1
2020-08-19,11211,67,95,4128,0
2020-08-20,11308,67,97,4112,0
2020-08-21,11399,68,91,4094,1
2020-08-22,11494,68,95,4079,0
2020-08-23,11587,68,93,4120,0
2020-08-24,11686,68,99,4188,0
2020-08-25,11782,69,96,4199,1
2020-08-26,11877,69,95,4217,0
2020-08-27,11974,69,97,4206,0
2020-08-28,12067,71,93,4216,2
2020-08-29,12163,71,96,4236,0
2020-08-30,12251,73,88,4297,2
2020-08-31,12345,75,94,4380,2
2020-09-01,12438,76,93,4400,1
2020-09-02,12550,76,112,4434,0
2020-09-03,12658,77,108,4471,1
2020-09-04,12760,79,102,4518,2
2020-09-05,12863,80,103,4519,1
2020-09-06,12967,80,104,4599,0
2020-09-07,13068,82,101,4682,2
2020-09-08,13166,82,98,4715,0
2020-09-09,13268,82,102,4736,0
2020-09-10,13371,84,103,4723,2
2020-09-11,13472,85,101,4725,1
2020-09-12,13573,85,101,4727,0
2020-09-13,13678,85,105,4781,0
2020-09-14,13788,85,110,4863,0
2020-09-15,13897,87,109,4842,2
2020-09-16,14008,88,111,4839,1
2020-09-17,14115,89,107,4846,1
2020-09-18,14222,91,107,4847,2
2020-09-19,14332,93,110,4855,2
2020-09-20,14440,93,108,4784,0
2020-09-21,14542,93,102,4851,0
2020-09-22,14647,93,105,4936,0
2020-09-23,14755,95,108,4966,2
2020-09-24,14859,95,104,4928,0
2020-09-25,14966,97,107,5002,2
2020-09-26,15072,98,106,4976,1
2020-09-27,15176,98,104,5057,0
2020-09-28,15279,98,103,5107,0
2020-09-29,15381,100,102,5126,2
2020-09-30,15486,103,105,5103,3
2020-10-01,15613,105,127,5212,2
2020-10-02,15742,107,129,5112,2
2020-10-03,15877,109,135,5155,2
2020-10-04,16005,111,128,5228,2
2020-10-05,16140,112,135,5291,1
2020-10-06,16279,115,139,5291,3
2020-10-07,16421,116,142,5276,1
2020-10-08,16560,118,139,5266,2
2020-10-09,16704,120,144,5316,2
2020-10-10,16853,121,149,5373,1
2020-10-11,16998,122,145,5486,1
