date,total_cases,total_death,daily_cases,total_currently_infected,death_per_day
2020-03-28T00:00:00.000Z,5,0,5.0,5,0.0
2020-03-29T00:00:00.000Z,5,0,0.0,5,0.0
2020-03-30T00:00:00.000Z,5,0,0.0,5,0.0
2020-03-31T00:00:00.000Z,5,0,0.0,5,0.0
2020-04-01T00:00:00.000Z,5,0,0.0,5,0.0
2020-04-02T00:00:00.000Z,5,0,0.0,5,0.0
2020-04-03T00:00:00.000Z,5,0,0.0,5,0.0
2020-04-04T00:00:00.000Z,5,0,0.0,5,0.0
2020-04-05T00:00:00.000Z,5,0,0.0,5,0.0
2020-04-06T00:00:00.000Z,5,0,0.0,5,0.0
2020-04-07T00:00:00.000Z,5,0,0.0,5,0.0
2020-04-08T00:00:00.000Z,5,0,0.0,3,0.0
2020-04-09T00:00:00.000Z,5,0,0.0,3,0.0
2020-04-10T00:00:00.000Z,6,0,1.0,2,0.0
2020-04-11T00:00:00.000Z,6,0,0.0,2,0.0
2020-04-12T00:00:00.000Z,6,0,0.0,2,0.0
2020-04-13T00:00:00.000Z,6,0,0.0,2,0.0
2020-04-14T00:00:00.000Z,7,0,1.0,3,0.0
2020-04-15T00:00:00.000Z,8,0,1.0,4,0.0
2020-04-16T00:00:00.000Z,8,0,0.0,4,0.0
2020-04-17T00:00:00.000Z,12,0,4.0,8,0.0
2020-04-18T00:00:00.000Z,12,0,0.0,8,0.0
2020-04-19T00:00:00.000Z,16,0,4.0,11,0.0
2020-04-20T00:00:00.000Z,18,0,2.0,13,0.0
2020-04-21T00:00:00.000Z,18,0,0.0,13,0.0
2020-04-22T00:00:00.000Z,19,0,1.0,14,0.0
2020-04-23T00:00:00.000Z,25,0,6.0,20,0.0
2020-04-24T00:00:00.000Z,25,0,0.0,20,0.0
2020-04-25T00:00:00.000Z,26,0,1.0,20,0.0
2020-04-26T00:00:00.000Z,31,0,5.0,25,0.0
2020-04-27T00:00:00.000Z,34,0,3.0,27,0.0
2020-04-28T00:00:00.000Z,37,0,3.0,30,0.0
2020-04-29T00:00:00.000Z,77,0,40.0,68,0.0
2020-04-30T00:00:00.000Z,78,0,1.0,69,0.0
2020-05-01T00:00:00.000Z,85,0,7.0,76,0.0
2020-05-02T00:00:00.000Z,86,1,1.0,76,1.0
2020-05-03T00:00:00.000Z,89,2,3.0,79,1.0
2020-05-04T00:00:00.000Z,91,2,2.0,80,0.0
2020-05-05T00:00:00.000Z,98,2,7.0,83,0.0
2020-05-06T00:00:00.000Z,104,2,6.0,89,0.0
2020-05-07T00:00:00.000Z,110,2,6.0,94,0.0
2020-05-08T00:00:00.000Z,118,2,8.0,100,0.0
2020-05-09T00:00:00.000Z,119,2,1.0,98,0.0
2020-05-10T00:00:00.000Z,122,2,3.0,98,0.0
2020-05-11T00:00:00.000Z,126,2,4.0,102,0.0
2020-05-12T00:00:00.000Z,129,2,3.0,101,0.0
2020-05-13T00:00:00.000Z,130,2,1.0,95,0.0
2020-05-14T00:00:00.000Z,132,2,2.0,76,0.0
2020-05-15T00:00:00.000Z,135,2,3.0,70,0.0
2020-05-16T00:00:00.000Z,135,2,0.0,61,0.0
2020-05-17T00:00:00.000Z,138,2,3.0,63,0.0
2020-05-18T00:00:00.000Z,139,2,1.0,64,0.0
2020-05-19T00:00:00.000Z,143,2,4.0,60,0.0
2020-05-20T00:00:00.000Z,147,2,4.0,46,0.0
2020-05-21T00:00:00.000Z,148,2,1.0,43,0.0
2020-05-22T00:00:00.000Z,149,2,1.0,44,0.0
2020-05-23T00:00:00.000Z,154,2,5.0,41,0.0
2020-05-24T00:00:00.000Z,155,2,1.0,41,0.0
2020-05-25T00:00:00.000Z,157,3,2.0,41,1.0
2020-05-26T00:00:00.000Z,158,3,1.0,39,0.0
2020-05-27T00:00:00.000Z,160,3,2.0,39,0.0
2020-05-28T00:00:00.000Z,161,3,1.0,37,0.0
2020-05-29T00:00:00.000Z,161,3,0.0,36,0.0
2020-05-30T00:00:00.000Z,161,3,0.0,32,0.0
2020-05-31T00:00:00.000Z,161,3,0.0,30,0.0
2020-06-01T00:00:00.000Z,165,3,4.0,31,0.0
2020-06-02T00:00:00.000Z,168,3,3.0,32,0.0
2020-06-03T00:00:00.000Z,170,3,2.0,31,0.0
2020-06-04T00:00:00.000Z,171,3,1.0,30,0.0
2020-06-05T00:00:00.000Z,173,3,2.0,28,0.0
2020-06-06T00:00:00.000Z,174,3,1.0,29,0.0
2020-06-07T00:00:00.000Z,176,3,2.0,31,0.0
2020-06-08T00:00:00.000Z,177,3,1.0,32,0.0
2020-06-09T00:00:00.000Z,177,3,0.0,27,0.0
2020-06-10T00:00:00.000Z,177,3,0.0,27,0.0
2020-06-11T00:00:00.000Z,178,3,1.0,27,0.0
2020-06-12T00:00:00.000Z,179,3,1.0,28,0.0
2020-06-13T00:00:00.000Z,181,3,2.0,29,0.0
2020-06-14T00:00:00.000Z,185,3,4.0,33,0.0
2020-06-15T00:00:00.000Z,187,3,2.0,32,0.0
2020-06-16T00:00:00.000Z,187,3,0.0,28,0.0
2020-06-17T00:00:00.000Z,191,3,4.0,30,0.0
2020-06-18T00:00:00.000Z,195,3,4.0,32,0.0
2020-06-19T00:00:00.000Z,196,3,1.0,33,0.0
2020-06-20T00:00:00.000Z,200,3,4.0,35,0.0
2020-06-21T00:00:00.000Z,206,3,6.0,40,0.0
2020-06-22T00:00:00.000Z,207,3,1.0,41,0.0
2020-06-23T00:00:00.000Z,214,3,7.0,48,0.0
2020-06-24T00:00:00.000Z,215,3,1.0,47,0.0
2020-06-25T00:00:00.000Z,215,3,0.0,45,0.0
2020-06-26T00:00:00.000Z,220,3,5.0,49,0.0
2020-06-27T00:00:00.000Z,223,3,3.0,50,0.0
2020-06-28T00:00:00.000Z,228,4,5.0,54,1.0
2020-06-29T00:00:00.000Z,229,4,1.0,55,0.0
2020-06-30T00:00:00.000Z,235,4,6.0,58,0.0
2020-07-01T00:00:00.000Z,235,4,0.0,56,0.0
2020-07-02T00:00:00.000Z,236,4,1.0,51,0.0
2020-07-03T00:00:00.000Z,236,4,0.0,51,0.0
2020-07-04T00:00:00.000Z,239,5,3.0,52,1.0
2020-07-05T00:00:00.000Z,245,5,6.0,58,0.0
2020-07-06T00:00:00.000Z,249,5,4.0,58,0.0
2020-07-07T00:00:00.000Z,254,5,5.0,58,0.0
2020-07-08T00:00:00.000Z,254,5,0.0,57,0.0
2020-07-09T00:00:00.000Z,257,5,3.0,59,0.0
2020-07-10T00:00:00.000Z,258,5,1.0,60,0.0
2020-07-11T00:00:00.000Z,267,5,9.0,60,0.0
2020-07-12T00:00:00.000Z,271,5,4.0,63,0.0
2020-07-13T00:00:00.000Z,281,5,10.0,73,0.0
2020-07-14T00:00:00.000Z,282,5,1.0,73,0.0
2020-07-15T00:00:00.000Z,283,5,1.0,73,0.0
2020-07-16T00:00:00.000Z,285,5,2.0,69,0.0
2020-07-17T00:00:00.000Z,285,5,0.0,63,0.0
2020-07-18T00:00:00.000Z,291,6,6.0,58,1.0
2020-07-19T00:00:00.000Z,292,6,1.0,56,0.0
2020-07-20T00:00:00.000Z,305,6,13.0,68,0.0
2020-07-21T00:00:00.000Z,305,6,0.0,67,0.0
2020-07-22T00:00:00.000Z,306,6,1.0,64,0.0
2020-07-23T00:00:00.000Z,306,6,0.0,63,0.0
2020-07-24T00:00:00.000Z,312,6,6.0,63,0.0
2020-07-25T00:00:00.000Z,332,6,20.0,83,0.0
2020-07-26T00:00:00.000Z,335,6,3.0,84,0.0
2020-07-27T00:00:00.000Z,336,6,1.0,83,0.0
2020-07-28T00:00:00.000Z,339,6,3.0,74,0.0
2020-07-29T00:00:00.000Z,342,8,3.0,74,2.0
2020-07-30T00:00:00.000Z,343,9,1.0,67,1.0
2020-07-31T00:00:00.000Z,344,9,1.0,63,0.0
2020-08-01T00:00:00.000Z,349,9,5.0,60,0.0
2020-08-02T00:00:00.000Z,352,9,3.0,63,0.0
2020-08-03T00:00:00.000Z,354,9,2.0,65,0.0
2020-08-04T00:00:00.000Z,356,9,2.0,65,0.0
2020-08-05T00:00:00.000Z,356,10,0.0,63,1.0
2020-08-06T00:00:00.000Z,360,11,4.0,63,1.0
2020-08-07T00:00:00.000Z,371,11,11.0,67,0.0
2020-08-08T00:00:00.000Z,374,11,3.0,64,0.0
2020-08-09T00:00:00.000Z,381,11,7.0,71,0.0
2020-08-10T00:00:00.000Z,386,11,5.0,76,0.0
2020-08-11T00:00:00.000Z,391,11,5.0,75,0.0
2020-08-12T00:00:00.000Z,399,11,8.0,78,0.0
2020-08-13T00:00:00.000Z,401,12,2.0,78,1.0
2020-08-14T00:00:00.000Z,408,12,7.0,84,0.0
2020-08-15T00:00:00.000Z,412,12,4.0,88,0.0
2020-08-16T00:00:00.000Z,419,12,7.0,90,0.0
2020-08-17T00:00:00.000Z,427,12,8.0,98,0.0
2020-08-18T00:00:00.000Z,433,13,6.0,95,1.0
2020-08-19T00:00:00.000Z,435,14,2.0,96,1.0
2020-08-20T00:00:00.000Z,440,15,5.0,100,1.0
2020-08-21T00:00:00.000Z,450,15,10.0,106,0.0
2020-08-22T00:00:00.000Z,456,15,6.0,105,0.0
2020-08-23T00:00:00.000Z,464,15,8.0,109,0.0
2020-08-24T00:00:00.000Z,468,15,4.0,108,0.0
2020-08-25T00:00:00.000Z,470,17,2.0,106,2.0
2020-08-26T00:00:00.000Z,471,18,1.0,100,1.0
2020-08-27T00:00:00.000Z,473,18,2.0,98,0.0
2020-08-28T00:00:00.000Z,488,18,15.0,105,0.0
2020-08-29T00:00:00.000Z,502,18,14.0,110,0.0
2020-08-30T00:00:00.000Z,509,18,7.0,116,0.0
2020-08-31T00:00:00.000Z,518,18,9.0,124,0.0
2020-09-01T00:00:00.000Z,523,18,5.0,119,0.0
2020-09-02T00:00:00.000Z,524,18,1.0,118,0.0
2020-09-03T00:00:00.000Z,530,18,6.0,122,0.0
2020-09-04T00:00:00.000Z,536,19,6.0,122,1.0
2020-09-05T00:00:00.000Z,554,19,18.0,133,0.0
2020-09-06T00:00:00.000Z,571,19,17.0,144,0.0
2020-09-07T00:00:00.000Z,578,19,7.0,151,0.0
2020-09-08T00:00:00.000Z,590,20,12.0,159,1.0
2020-09-09T00:00:00.000Z,590,20,0.0,148,0.0
2020-09-10T00:00:00.000Z,591,20,1.0,146,0.0
2020-09-11T00:00:00.000Z,607,20,16.0,156,0.0
2020-09-12T00:00:00.000Z,619,20,12.0,158,0.0
2020-09-13T00:00:00.000Z,638,20,19.0,177,0.0
2020-09-14T00:00:00.000Z,656,20,18.0,193,0.0
2020-09-15T00:00:00.000Z,675,20,19.0,204,0.0
2020-09-16T00:00:00.000Z,693,21,18.0,208,1.0
2020-09-17T00:00:00.000Z,713,21,20.0,216,0.0
2020-09-18T00:00:00.000Z,737,21,24.0,234,0.0
2020-09-19T00:00:00.000Z,763,22,26.0,246,1.0
2020-09-20T00:00:00.000Z,791,22,28.0,270,0.0
2020-09-21T00:00:00.000Z,818,22,27.0,277,0.0
2020-09-22T00:00:00.000Z,845,23,27.0,292,1.0
2020-09-23T00:00:00.000Z,865,25,20.0,300,2.0
2020-09-24T00:00:00.000Z,888,25,23.0,308,0.0
2020-09-25T00:00:00.000Z,907,25,19.0,319,0.0
2020-09-26T00:00:00.000Z,925,26,18.0,333,1.0
2020-09-27T00:00:00.000Z,946,26,21.0,341,0.0
2020-09-28T00:00:00.000Z,969,27,23.0,362,1.0
2020-09-29T00:00:00.000Z,990,27,21.0,362,0.0
2020-09-30T00:00:00.000Z,1013,27,23.0,381,0.0
2020-10-01T00:00:00.000Z,1033,28,20.0,383,1.0
2020-10-02T00:00:00.000Z,1058,29,25.0,388,1.0
2020-10-03T00:00:00.000Z,1084,29,26.0,405,0.0
2020-10-04T00:00:00.000Z,1107,29,23.0,424,0.0
2020-10-05T00:00:00.000Z,1135,29,28.0,433,0.0
2020-10-06T00:00:00.000Z,1164,32,29.0,446,3.0
2020-10-07T00:00:00.000Z,1191,33,27.0,447,1.0
2020-10-08T00:00:00.000Z,1221,35,30.0,446,2.0
2020-10-09T00:00:00.000Z,1253,36,32.0,433,1.0
2020-10-10T00:00:00.000Z,1286,38,33.0,445,2.0
2020-10-11T00:00:00.000Z,1321,39,35.0,456,1.0
