date,total_cases,total_death,daily_cases,total_currently_infected,death_per_day
2020-03-19T00:00:00.000Z,3,0,3.0,3,0.0
2020-03-20T00:00:00.000Z,3,0,0.0,3,0.0
2020-03-21T00:00:00.000Z,5,0,2.0,5,0.0
2020-03-22T00:00:00.000Z,5,0,0.0,5,0.0
2020-03-23T00:00:00.000Z,5,0,0.0,5,0.0
2020-03-24T00:00:00.000Z,5,0,0.0,5,0.0
2020-03-25T00:00:00.000Z,7,0,2.0,7,0.0
2020-03-26T00:00:00.000Z,7,0,0.0,7,0.0
2020-03-27T00:00:00.000Z,8,0,1.0,8,0.0
2020-03-28T00:00:00.000Z,11,0,3.0,11,0.0
2020-03-29T00:00:00.000Z,11,0,0.0,11,0.0
2020-03-30T00:00:00.000Z,12,0,1.0,12,0.0
2020-03-31T00:00:00.000Z,12,0,0.0,9,0.0
2020-04-01T00:00:00.000Z,17,0,5.0,14,0.0
2020-04-02T00:00:00.000Z,17,0,0.0,14,0.0
2020-04-03T00:00:00.000Z,17,0,0.0,14,0.0
2020-04-04T00:00:00.000Z,19,0,2.0,16,0.0
2020-04-05T00:00:00.000Z,29,0,10.0,26,0.0
2020-04-06T00:00:00.000Z,39,0,10.0,35,0.0
2020-04-07T00:00:00.000Z,49,0,10.0,44,0.0
2020-04-08T00:00:00.000Z,54,0,5.0,49,0.0
2020-04-09T00:00:00.000Z,66,0,12.0,60,0.0
2020-04-10T00:00:00.000Z,71,0,5.0,64,0.0
2020-04-11T00:00:00.000Z,71,0,0.0,62,0.0
2020-04-12T00:00:00.000Z,74,0,3.0,65,0.0
2020-04-13T00:00:00.000Z,85,0,11.0,72,0.0
2020-04-14T00:00:00.000Z,85,0,0.0,72,0.0
2020-04-15T00:00:00.000Z,130,0,45.0,113,0.0
2020-04-16T00:00:00.000Z,174,0,44.0,155,0.0
2020-04-17T00:00:00.000Z,199,0,25.0,175,0.0
2020-04-18T00:00:00.000Z,229,0,30.0,204,0.0
2020-04-19T00:00:00.000Z,287,0,58.0,248,0.0
2020-04-20T00:00:00.000Z,309,0,22.0,268,0.0
2020-04-21T00:00:00.000Z,384,1,75.0,338,1.0
2020-04-22T00:00:00.000Z,436,2,52.0,387,1.0
2020-04-23T00:00:00.000Z,461,3,25.0,408,1.0
2020-04-24T00:00:00.000Z,505,3,44.0,452,0.0
2020-04-25T00:00:00.000Z,578,4,73.0,521,1.0
2020-04-26T00:00:00.000Z,644,5,66.0,585,1.0
2020-04-27T00:00:00.000Z,713,5,69.0,654,0.0
2020-04-28T00:00:00.000Z,783,5,70.0,724,0.0
2020-04-29T00:00:00.000Z,873,6,90.0,794,1.0
2020-04-30T00:00:00.000Z,965,7,92.0,869,1.0
2020-05-01T00:00:00.000Z,1047,7,82.0,926,0.0
2020-05-02T00:00:00.000Z,1135,7,88.0,997,0.0
2020-05-03T00:00:00.000Z,1218,8,83.0,1075,1.0
2020-05-04T00:00:00.000Z,1293,8,75.0,1138,0.0
2020-05-05T00:00:00.000Z,1368,9,75.0,1211,1.0
2020-05-06T00:00:00.000Z,1445,9,77.0,1258,0.0
2020-05-07T00:00:00.000Z,1530,10,85.0,1312,1.0
2020-05-08T00:00:00.000Z,1620,11,90.0,1357,1.0
2020-05-09T00:00:00.000Z,1706,12,86.0,1440,1.0
2020-05-10T00:00:00.000Z,1795,12,89.0,1504,0.0
2020-05-11T00:00:00.000Z,1881,12,86.0,1557,0.0
2020-05-12T00:00:00.000Z,1971,14,90.0,1638,2.0
2020-05-13T00:00:00.000Z,2060,14,89.0,1667,0.0
2020-05-14T00:00:00.000Z,2158,16,98.0,1676,2.0
2020-05-15T00:00:00.000Z,2263,18,105.0,1707,2.0
2020-05-16T00:00:00.000Z,2364,19,101.0,1721,1.0
2020-05-17T00:00:00.000Z,2461,19,97.0,1791,0.0
2020-05-18T00:00:00.000Z,2545,19,84.0,1856,0.0
2020-05-19T00:00:00.000Z,2637,19,92.0,1795,0.0
2020-05-20T00:00:00.000Z,2735,20,98.0,1815,1.0
2020-05-21T00:00:00.000Z,2824,20,89.0,1798,0.0
2020-05-22T00:00:00.000Z,2915,20,91.0,1811,0.0
2020-05-23T00:00:00.000Z,3005,20,90.0,1816,0.0
2020-05-24T00:00:00.000Z,3102,20,97.0,1902,0.0
2020-05-25T00:00:00.000Z,3213,20,111.0,2005,0.0
2020-05-26T00:00:00.000Z,3318,20,105.0,2009,0.0
2020-05-27T00:00:00.000Z,3422,24,104.0,1965,4.0
2020-05-28T00:00:00.000Z,3532,30,110.0,1968,6.0
2020-05-29T00:00:00.000Z,3644,33,112.0,1971,3.0
2020-05-30T00:00:00.000Z,3751,36,107.0,1972,3.0
2020-05-31T00:00:00.000Z,3855,36,104.0,2052,0.0
2020-06-01T00:00:00.000Z,3968,36,113.0,2153,0.0
2020-06-02T00:00:00.000Z,4074,39,106.0,2153,3.0
2020-06-03T00:00:00.000Z,4183,42,109.0,2146,3.0
2020-06-04T00:00:00.000Z,4293,44,110.0,2129,2.0
2020-06-05T00:00:00.000Z,4398,47,105.0,2125,3.0
2020-06-06T00:00:00.000Z,4505,49,107.0,2096,2.0
2020-06-07T00:00:00.000Z,4620,49,115.0,2186,0.0
2020-06-08T00:00:00.000Z,4734,49,114.0,2293,0.0
2020-06-09T00:00:00.000Z,4843,51,109.0,2220,2.0
2020-06-10T00:00:00.000Z,4946,51,103.0,2159,0.0
2020-06-11T00:00:00.000Z,5047,53,101.0,2086,2.0
2020-06-12T00:00:00.000Z,5147,56,100.0,1977,3.0
2020-06-13T00:00:00.000Z,5245,56,98.0,2026,0.0
2020-06-14T00:00:00.000Z,5340,58,95.0,2085,2.0
2020-06-15T00:00:00.000Z,5436,60,96.0,2035,2.0
2020-06-16T00:00:00.000Z,5529,64,93.0,1920,4.0
2020-06-17T00:00:00.000Z,5620,67,91.0,1774,3.0
2020-06-18T00:00:00.000Z,5712,71,92.0,1655,4.0
2020-06-19T00:00:00.000Z,5802,75,90.0,1544,4.0
2020-06-20T00:00:00.000Z,5887,78,85.0,1402,3.0
2020-06-21T00:00:00.000Z,5973,81,86.0,1432,3.0
2020-06-22T00:00:00.000Z,6056,83,83.0,1498,2.0
2020-06-23T00:00:00.000Z,6137,86,81.0,1358,3.0
2020-06-24T00:00:00.000Z,6220,89,83.0,1201,3.0
2020-06-25T00:00:00.000Z,6302,90,82.0,1202,1.0
2020-06-26T00:00:00.000Z,6382,93,80.0,1123,3.0
2020-06-27T00:00:00.000Z,6460,97,78.0,1080,4.0
2020-06-28T00:00:00.000Z,6536,100,76.0,1110,3.0
2020-06-29T00:00:00.000Z,6613,103,77.0,1163,3.0
2020-06-30T00:00:00.000Z,6686,107,73.0,1184,4.0
2020-07-01T00:00:00.000Z,6762,111,76.0,1109,4.0
2020-07-02T00:00:00.000Z,6836,114,74.0,1031,3.0
2020-07-03T00:00:00.000Z,6908,118,72.0,1067,4.0
2020-07-04T00:00:00.000Z,6976,122,68.0,1101,4.0
2020-07-05T00:00:00.000Z,7046,125,70.0,1140,3.0
2020-07-06T00:00:00.000Z,7115,129,69.0,1185,4.0
2020-07-07T00:00:00.000Z,7182,133,67.0,1216,4.0
2020-07-08T00:00:00.000Z,7248,137,66.0,1243,4.0
2020-07-09T00:00:00.000Z,7312,141,64.0,1270,4.0
2020-07-10T00:00:00.000Z,7376,145,64.0,1297,4.0
2020-07-11T00:00:00.000Z,7439,150,63.0,1319,5.0
2020-07-12T00:00:00.000Z,7500,153,61.0,1341,3.0
2020-07-13T00:00:00.000Z,7568,156,68.0,1375,3.0
2020-07-14T00:00:00.000Z,7629,161,61.0,1394,5.0
2020-07-15T00:00:00.000Z,7688,166,59.0,1415,5.0
2020-07-16T00:00:00.000Z,7745,171,57.0,1429,5.0
2020-07-17T00:00:00.000Z,7796,175,51.0,1441,4.0
2020-07-18T00:00:00.000Z,7845,178,49.0,1449,3.0
2020-07-19T00:00:00.000Z,7890,182,45.0,1457,4.0
2020-07-20T00:00:00.000Z,7933,186,43.0,1456,4.0
2020-07-21T00:00:00.000Z,7977,191,44.0,1456,5.0
2020-07-22T00:00:00.000Z,8018,196,41.0,1451,5.0
2020-07-23T00:00:00.000Z,8056,200,38.0,1445,4.0
2020-07-24T00:00:00.000Z,8093,205,37.0,1446,5.0
2020-07-25T00:00:00.000Z,8130,209,37.0,1445,4.0
2020-07-26T00:00:00.000Z,8165,213,35.0,1443,4.0
2020-07-27T00:00:00.000Z,8198,216,33.0,1441,3.0
2020-07-28T00:00:00.000Z,8230,220,32.0,1436,4.0
2020-07-29T00:00:00.000Z,8261,226,31.0,1431,6.0
2020-07-30T00:00:00.000Z,8293,229,32.0,1423,3.0
2020-07-31T00:00:00.000Z,8323,234,30.0,1418,5.0
2020-08-01T00:00:00.000Z,8351,239,28.0,1410,5.0
2020-08-02T00:00:00.000Z,8379,243,28.0,1399,4.0
2020-08-03T00:00:00.000Z,8411,248,32.0,1394,5.0
2020-08-04T00:00:00.000Z,8444,250,33.0,1392,2.0
2020-08-05T00:00:00.000Z,8474,256,30.0,1381,6.0
2020-08-06T00:00:00.000Z,8506,261,32.0,1373,5.0
2020-08-07T00:00:00.000Z,8537,266,31.0,1363,5.0
2020-08-08T00:00:00.000Z,8570,270,33.0,1358,4.0
2020-08-09T00:00:00.000Z,8602,275,32.0,1353,5.0
2020-08-10T00:00:00.000Z,8633,277,31.0,1352,2.0
2020-08-11T00:00:00.000Z,8664,281,31.0,1342,4.0
2020-08-12T00:00:00.000Z,8698,284,34.0,1334,3.0
2020-08-13T00:00:00.000Z,8731,287,33.0,1329,3.0
2020-08-14T00:00:00.000Z,8765,290,34.0,1324,3.0
2020-08-15T00:00:00.000Z,8797,292,32.0,1316,2.0
2020-08-16T00:00:00.000Z,8827,293,30.0,1314,1.0
2020-08-17T00:00:00.000Z,8857,293,30.0,1324,0.0
2020-08-18T00:00:00.000Z,8885,295,28.0,1317,2.0
2020-08-19T00:00:00.000Z,8914,297,29.0,1303,2.0
2020-08-20T00:00:00.000Z,8941,301,27.0,1283,4.0
2020-08-21T00:00:00.000Z,8971,304,30.0,1274,3.0
2020-08-22T00:00:00.000Z,9000,307,29.0,1263,3.0
2020-08-23T00:00:00.000Z,9029,309,29.0,1257,2.0
2020-08-24T00:00:00.000Z,9059,311,30.0,1267,2.0
2020-08-25T00:00:00.000Z,9087,312,28.0,1248,1.0
2020-08-26T00:00:00.000Z,9114,313,27.0,1236,1.0
2020-08-27T00:00:00.000Z,9140,315,26.0,1231,2.0
2020-08-28T00:00:00.000Z,9167,317,27.0,1211,2.0
2020-08-29T00:00:00.000Z,9196,318,29.0,1196,1.0
2020-08-30T00:00:00.000Z,9226,320,30.0,1187,2.0
2020-08-31T00:00:00.000Z,9254,322,28.0,1184,2.0
2020-09-01T00:00:00.000Z,9283,324,29.0,1171,2.0
2020-09-02T00:00:00.000Z,9313,325,30.0,1156,1.0
2020-09-03T00:00:00.000Z,9341,327,28.0,1142,2.0
2020-09-04T00:00:00.000Z,9368,329,27.0,1126,2.0
2020-09-05T00:00:00.000Z,9398,331,30.0,1107,2.0
2020-09-06T00:00:00.000Z,9427,333,29.0,1108,2.0
2020-09-07T00:00:00.000Z,9454,335,27.0,1110,2.0
2020-09-08T00:00:00.000Z,9482,337,28.0,1099,2.0
2020-09-09T00:00:00.000Z,9513,339,31.0,1083,2.0
2020-09-10T00:00:00.000Z,9542,341,29.0,1072,2.0
2020-09-11T00:00:00.000Z,9569,343,27.0,1060,2.0
2020-09-12T00:00:00.000Z,9595,345,26.0,1041,2.0
2020-09-13T00:00:00.000Z,9623,347,28.0,1036,2.0
2020-09-14T00:00:00.000Z,9654,348,31.0,1038,1.0
2020-09-15T00:00:00.000Z,9686,350,32.0,1032,2.0
2020-09-16T00:00:00.000Z,9716,351,30.0,1027,1.0
2020-09-17T00:00:00.000Z,9748,353,32.0,1026,2.0
2020-09-18T00:00:00.000Z,9779,354,31.0,1020,1.0
2020-09-19T00:00:00.000Z,9808,356,29.0,1007,2.0
2020-09-20T00:00:00.000Z,9840,358,32.0,1013,2.0
2020-09-21T00:00:00.000Z,9872,359,32.0,1023,1.0
2020-09-22T00:00:00.000Z,9903,361,31.0,1013,2.0
2020-09-23T00:00:00.000Z,9935,363,32.0,1009,2.0
2020-09-24T00:00:00.000Z,9965,365,30.0,1000,2.0
2020-09-25T00:00:00.000Z,9997,367,32.0,1001,2.0
2020-09-26T00:00:00.000Z,10028,368,31.0,989,1.0
2020-09-27T00:00:00.000Z,10061,369,33.0,992,1.0
2020-09-28T00:00:00.000Z,10093,369,32.0,1003,0.0
2020-09-29T00:00:00.000Z,10127,370,34.0,995,1.0
2020-09-30T00:00:00.000Z,10161,371,34.0,990,1.0
2020-10-01T00:00:00.000Z,10196,374,35.0,987,3.0
2020-10-02T00:00:00.000Z,10230,375,34.0,978,1.0
2020-10-03T00:00:00.000Z,10266,377,36.0,967,2.0
2020-10-04T00:00:00.000Z,10304,379,38.0,974,2.0
2020-10-05T00:00:00.000Z,10347,381,43.0,1000,2.0
2020-10-06T00:00:00.000Z,10393,381,46.0,1002,0.0
2020-10-07T00:00:00.000Z,10440,384,47.0,1010,3.0
2020-10-08T00:00:00.000Z,10489,385,49.0,1014,1.0
2020-10-09T00:00:00.000Z,10542,385,53.0,1021,0.0
2020-10-10T00:00:00.000Z,10593,387,51.0,1031,2.0
2020-10-11T00:00:00.000Z,10645,389,52.0,1041,2.0
