date,total_cases,total_death,daily_cases,total_currently_infected,death_per_day
2020-03-19T00:00:00.000Z,1,0,1.0,1,0.0
2020-03-20T00:00:00.000Z,7,0,6.0,7,0.0
2020-03-21T00:00:00.000Z,7,0,0.0,7,0.0
2020-03-22T00:00:00.000Z,7,0,0.0,7,0.0
2020-03-23T00:00:00.000Z,7,0,0.0,7,0.0
2020-03-24T00:00:00.000Z,7,0,0.0,7,0.0
2020-03-25T00:00:00.000Z,10,0,3.0,10,0.0
2020-03-26T00:00:00.000Z,14,0,4.0,14,0.0
2020-03-27T00:00:00.000Z,14,0,0.0,14,0.0
2020-03-28T00:00:00.000Z,14,0,0.0,14,0.0
2020-03-29T00:00:00.000Z,15,0,1.0,15,0.0
2020-03-30T00:00:00.000Z,15,0,0.0,15,0.0
2020-03-31T00:00:00.000Z,15,0,0.0,15,0.0
2020-04-01T00:00:00.000Z,15,0,0.0,14,0.0
2020-04-02T00:00:00.000Z,15,0,0.0,11,0.0
2020-04-03T00:00:00.000Z,15,0,0.0,11,0.0
2020-04-04T00:00:00.000Z,15,0,0.0,11,0.0
2020-04-05T00:00:00.000Z,15,0,0.0,11,0.0
2020-04-06T00:00:00.000Z,15,0,0.0,11,0.0
2020-04-07T00:00:00.000Z,15,0,0.0,8,0.0
2020-04-08T00:00:00.000Z,16,0,1.0,9,0.0
2020-04-09T00:00:00.000Z,16,0,0.0,8,0.0
2020-04-10T00:00:00.000Z,16,0,0.0,6,0.0
2020-04-11T00:00:00.000Z,19,0,3.0,6,0.0
2020-04-12T00:00:00.000Z,22,0,3.0,9,0.0
2020-04-13T00:00:00.000Z,25,0,3.0,12,0.0
2020-04-14T00:00:00.000Z,26,0,1.0,13,0.0
2020-04-15T00:00:00.000Z,33,0,7.0,18,0.0
2020-04-16T00:00:00.000Z,35,0,2.0,20,0.0
2020-04-17T00:00:00.000Z,47,0,12.0,32,0.0
2020-04-18T00:00:00.000Z,47,0,0.0,31,0.0
2020-04-19T00:00:00.000Z,88,0,41.0,72,0.0
2020-04-20T00:00:00.000Z,107,0,19.0,91,0.0
2020-04-21T00:00:00.000Z,111,0,4.0,95,0.0
2020-04-22T00:00:00.000Z,126,0,15.0,110,0.0
2020-04-23T00:00:00.000Z,130,0,4.0,113,0.0
2020-04-24T00:00:00.000Z,137,0,7.0,119,0.0
2020-04-25T00:00:00.000Z,145,0,8.0,127,0.0
2020-04-26T00:00:00.000Z,157,1,12.0,139,1.0
2020-04-27T00:00:00.000Z,159,1,2.0,141,0.0
2020-04-28T00:00:00.000Z,170,1,11.0,148,0.0
2020-04-29T00:00:00.000Z,183,2,13.0,158,1.0
2020-04-30T00:00:00.000Z,212,3,29.0,179,1.0
2020-05-01T00:00:00.000Z,229,3,17.0,196,0.0
2020-05-02T00:00:00.000Z,263,3,34.0,228,0.0
2020-05-03T00:00:00.000Z,282,4,19.0,243,1.0
2020-05-04T00:00:00.000Z,311,4,29.0,268,0.0
2020-05-05T00:00:00.000Z,331,4,20.0,287,0.0
2020-05-06T00:00:00.000Z,348,4,17.0,302,0.0
2020-05-07T00:00:00.000Z,385,4,37.0,319,0.0
2020-05-08T00:00:00.000Z,437,4,52.0,371,0.0
2020-05-09T00:00:00.000Z,477,4,40.0,394,0.0
2020-05-10T00:00:00.000Z,510,4,33.0,404,0.0
2020-05-11T00:00:00.000Z,551,4,41.0,431,0.0
2020-05-12T00:00:00.000Z,606,4,55.0,467,0.0
2020-05-13T00:00:00.000Z,652,4,46.0,463,0.0
2020-05-14T00:00:00.000Z,687,4,35.0,476,0.0
2020-05-15T00:00:00.000Z,722,4,35.0,476,0.0
2020-05-16T00:00:00.000Z,785,4,63.0,507,0.0
2020-05-17T00:00:00.000Z,828,4,43.0,515,0.0
2020-05-18T00:00:00.000Z,869,4,41.0,549,0.0
2020-05-19T00:00:00.000Z,914,4,45.0,559,0.0
2020-05-20T00:00:00.000Z,960,5,46.0,588,1.0
2020-05-21T00:00:00.000Z,997,6,37.0,548,1.0
2020-05-22T00:00:00.000Z,1077,6,80.0,581,0.0
2020-05-23T00:00:00.000Z,1177,6,100.0,636,0.0
2020-05-24T00:00:00.000Z,1276,7,99.0,699,1.0
2020-05-25T00:00:00.000Z,1357,7,81.0,770,0.0
2020-05-26T00:00:00.000Z,1445,7,88.0,812,0.0
2020-05-27T00:00:00.000Z,1529,7,84.0,871,0.0
2020-05-28T00:00:00.000Z,1623,7,94.0,919,0.0
2020-05-29T00:00:00.000Z,1705,8,82.0,935,1.0
2020-05-30T00:00:00.000Z,1819,8,114.0,995,0.0
2020-05-31T00:00:00.000Z,1930,8,111.0,1073,0.0
2020-06-01T00:00:00.000Z,2042,8,112.0,1139,0.0
2020-06-02T00:00:00.000Z,2116,8,74.0,1173,0.0
2020-06-03T00:00:00.000Z,2214,9,98.0,1199,1.0
2020-06-04T00:00:00.000Z,2308,11,94.0,1237,2.0
2020-06-05T00:00:00.000Z,2380,14,72.0,1203,3.0
2020-06-06T00:00:00.000Z,2453,15,73.0,1211,1.0
2020-06-07T00:00:00.000Z,2531,15,78.0,1220,0.0
2020-06-08T00:00:00.000Z,2611,15,80.0,1268,0.0
2020-06-09T00:00:00.000Z,2686,15,75.0,1258,0.0
2020-06-10T00:00:00.000Z,2753,19,67.0,1193,4.0
2020-06-11T00:00:00.000Z,2822,20,69.0,1188,1.0
2020-06-12T00:00:00.000Z,2898,20,76.0,1147,0.0
2020-06-13T00:00:00.000Z,2968,20,70.0,1142,0.0
2020-06-14T00:00:00.000Z,3037,20,69.0,1175,0.0
2020-06-15T00:00:00.000Z,3122,23,85.0,1223,3.0
2020-06-16T00:00:00.000Z,3199,23,77.0,1171,0.0
2020-06-17T00:00:00.000Z,3290,23,91.0,1142,0.0
2020-06-18T00:00:00.000Z,3389,23,99.0,1137,0.0
2020-06-19T00:00:00.000Z,3486,23,97.0,1158,0.0
2020-06-20T00:00:00.000Z,3570,23,84.0,1154,0.0
2020-06-21T00:00:00.000Z,3657,23,87.0,1205,0.0
2020-06-22T00:00:00.000Z,3742,24,85.0,1216,1.0
2020-06-23T00:00:00.000Z,3817,24,75.0,1230,0.0
2020-06-24T00:00:00.000Z,3891,24,74.0,1202,0.0
2020-06-25T00:00:00.000Z,3963,25,72.0,1206,1.0
2020-06-26T00:00:00.000Z,4013,27,50.0,1211,2.0
2020-06-27T00:00:00.000Z,4075,28,62.0,1231,1.0
2020-06-28T00:00:00.000Z,4128,28,53.0,1267,0.0
2020-06-29T00:00:00.000Z,4178,29,50.0,1312,1.0
2020-06-30T00:00:00.000Z,4223,30,45.0,1262,1.0
2020-07-01T00:00:00.000Z,4267,32,44.0,1234,2.0
2020-07-02T00:00:00.000Z,4315,32,48.0,1231,0.0
2020-07-03T00:00:00.000Z,4365,32,50.0,1118,0.0
2020-07-04T00:00:00.000Z,4422,32,57.0,1089,0.0
2020-07-05T00:00:00.000Z,4467,32,45.0,1074,0.0
2020-07-06T00:00:00.000Z,4504,32,37.0,1031,0.0
2020-07-07T00:00:00.000Z,4550,34,46.0,924,2.0
2020-07-08T00:00:00.000Z,4598,34,48.0,868,0.0
2020-07-09T00:00:00.000Z,4656,34,58.0,773,0.0
2020-07-10T00:00:00.000Z,4710,35,54.0,711,1.0
2020-07-11T00:00:00.000Z,4757,35,47.0,688,0.0
2020-07-12T00:00:00.000Z,4799,35,42.0,684,0.0
2020-07-13T00:00:00.000Z,4844,35,45.0,639,0.0
2020-07-14T00:00:00.000Z,4904,35,60.0,584,0.0
2020-07-15T00:00:00.000Z,4976,37,72.0,548,2.0
2020-07-16T00:00:00.000Z,5034,38,58.0,509,1.0
2020-07-17T00:00:00.000Z,5089,39,55.0,466,1.0
2020-07-18T00:00:00.000Z,5142,39,53.0,440,0.0
2020-07-19T00:00:00.000Z,5193,40,51.0,458,1.0
2020-07-20T00:00:00.000Z,5239,40,46.0,460,0.0
2020-07-21T00:00:00.000Z,5283,40,44.0,399,0.0
2020-07-22T00:00:00.000Z,5324,40,41.0,360,0.0
2020-07-23T00:00:00.000Z,5375,44,51.0,353,4.0
2020-07-24T00:00:00.000Z,5424,47,49.0,319,3.0
2020-07-25T00:00:00.000Z,5474,48,50.0,302,1.0
2020-07-26T00:00:00.000Z,5521,50,47.0,289,2.0
2020-07-27T00:00:00.000Z,5565,50,44.0,312,0.0
2020-07-28T00:00:00.000Z,5614,50,49.0,338,0.0
2020-07-29T00:00:00.000Z,5671,54,57.0,377,4.0
2020-07-30T00:00:00.000Z,5727,57,56.0,410,3.0
2020-07-31T00:00:00.000Z,5787,58,60.0,439,1.0
2020-08-01T00:00:00.000Z,5845,58,58.0,464,0.0
2020-08-02T00:00:00.000Z,5899,59,54.0,510,1.0
2020-08-03T00:00:00.000Z,5950,59,51.0,558,0.0
2020-08-04T00:00:00.000Z,6003,60,53.0,590,1.0
2020-08-05T00:00:00.000Z,6058,60,55.0,634,0.0
2020-08-06T00:00:00.000Z,6116,61,58.0,678,1.0
2020-08-07T00:00:00.000Z,6172,62,56.0,711,1.0
2020-08-08T00:00:00.000Z,6229,63,57.0,750,1.0
2020-08-09T00:00:00.000Z,6294,63,65.0,792,0.0
2020-08-10T00:00:00.000Z,6358,63,64.0,840,0.0
2020-08-11T00:00:00.000Z,6413,64,55.0,869,1.0
2020-08-12T00:00:00.000Z,6469,66,56.0,902,2.0
2020-08-13T00:00:00.000Z,6531,66,62.0,935,0.0
2020-08-14T00:00:00.000Z,6596,66,65.0,974,0.0
2020-08-15T00:00:00.000Z,6651,66,55.0,1006,0.0
2020-08-16T00:00:00.000Z,6703,66,52.0,1046,0.0
2020-08-17T00:00:00.000Z,6752,66,49.0,1089,0.0
2020-08-18T00:00:00.000Z,6799,68,47.0,1120,2.0
2020-08-19T00:00:00.000Z,6847,69,48.0,1142,1.0
2020-08-20T00:00:00.000Z,6893,69,46.0,1167,0.0
2020-08-21T00:00:00.000Z,6938,69,45.0,1194,0.0
2020-08-22T00:00:00.000Z,6985,74,47.0,1219,5.0
2020-08-23T00:00:00.000Z,7031,74,46.0,1250,0.0
2020-08-24T00:00:00.000Z,7075,74,44.0,1287,0.0
2020-08-25T00:00:00.000Z,7120,79,45.0,1304,5.0
2020-08-26T00:00:00.000Z,7166,79,46.0,1327,0.0
2020-08-27T00:00:00.000Z,7210,79,44.0,1340,0.0
2020-08-28T00:00:00.000Z,7253,81,43.0,1345,2.0
2020-08-29T00:00:00.000Z,7295,81,42.0,1356,0.0
2020-08-30T00:00:00.000Z,7338,81,43.0,1387,0.0
2020-08-31T00:00:00.000Z,7379,83,41.0,1424,2.0
2020-09-01T00:00:00.000Z,7425,83,46.0,1438,0.0
2020-09-02T00:00:00.000Z,7473,83,48.0,1465,0.0
2020-09-03T00:00:00.000Z,7520,89,47.0,1474,6.0
2020-09-04T00:00:00.000Z,7572,90,52.0,1485,1.0
2020-09-05T00:00:00.000Z,7622,90,50.0,1496,0.0
2020-09-06T00:00:00.000Z,7681,90,59.0,1526,0.0
2020-09-07T00:00:00.000Z,7739,90,58.0,1576,0.0
2020-09-08T00:00:00.000Z,7797,90,58.0,1593,0.0
2020-09-09T00:00:00.000Z,7860,90,63.0,1611,0.0
2020-09-10T00:00:00.000Z,7925,90,65.0,1629,0.0
2020-09-11T00:00:00.000Z,7992,90,67.0,1651,0.0
2020-09-12T00:00:00.000Z,8061,90,69.0,1677,0.0
2020-09-13T00:00:00.000Z,8129,90,68.0,1725,0.0
2020-09-14T00:00:00.000Z,8198,90,69.0,1780,0.0
2020-09-15T00:00:00.000Z,8263,90,65.0,1805,0.0
2020-09-16T00:00:00.000Z,8331,90,68.0,1828,0.0
2020-09-17T00:00:00.000Z,8400,90,69.0,1851,0.0
2020-09-18T00:00:00.000Z,8467,90,67.0,1875,0.0
2020-09-19T00:00:00.000Z,8536,93,69.0,1904,3.0
2020-09-20T00:00:00.000Z,8604,93,68.0,1958,0.0
2020-09-21T00:00:00.000Z,8671,93,67.0,2013,0.0
2020-09-22T00:00:00.000Z,8737,93,66.0,2035,0.0
2020-09-23T00:00:00.000Z,8807,95,70.0,2059,2.0
2020-09-24T00:00:00.000Z,8882,95,75.0,2091,0.0
2020-09-25T00:00:00.000Z,8961,95,79.0,2129,0.0
2020-09-26T00:00:00.000Z,9044,95,83.0,2172,0.0
2020-09-27T00:00:00.000Z,9128,95,84.0,2253,0.0
2020-09-28T00:00:00.000Z,9215,95,87.0,2316,0.0
2020-09-29T00:00:00.000Z,9295,95,80.0,2338,0.0
2020-09-30T00:00:00.000Z,9380,95,85.0,2375,0.0
2020-10-01T00:00:00.000Z,9467,96,87.0,2415,1.0
2020-10-02T00:00:00.000Z,9557,97,90.0,2456,1.0
2020-10-03T00:00:00.000Z,9650,97,93.0,2499,0.0
2020-10-04T00:00:00.000Z,9745,97,95.0,2592,0.0
2020-10-05T00:00:00.000Z,9839,97,94.0,2661,0.0
2020-10-06T00:00:00.000Z,9936,99,97.0,2710,2.0
2020-10-07T00:00:00.000Z,10036,103,100.0,2760,4.0
2020-10-08T00:00:00.000Z,10142,105,106.0,2814,2.0
2020-10-09T00:00:00.000Z,10249,105,107.0,2868,0.0
2020-10-10T00:00:00.000Z,10359,105,110.0,2926,0.0
2020-10-11T00:00:00.000Z,10487,105,128.0,3051,0.0
