date,total_cases,total_death,daily_cases,total_currently_infected,death_per_day
2020-04-02,2,0,2,2,0
2020-04-03,12,0,10,12,0
2020-04-04,12,0,0,12,0
2020-04-05,12,0,0,12,0
2020-04-06,12,0,0,12,0
2020-04-07,30,0,18,30,0
2020-04-08,41,0,11,41,0
2020-04-09,41,0,0,41,0
2020-04-10,41,1,0,41,1
2020-04-11,50,1,9,50,0
2020-04-12,62,1,12,62,0
2020-04-13,66,1,4,66,0
2020-04-14,66,1,0,66,0
2020-04-15,73,1,7,73,0
2020-04-16,95,1,22,95,0
2020-04-17,101,1,6,96,0
2020-04-18,106,1,5,99,0
2020-04-19,116,1,10,109,0
2020-04-20,140,1,24,133,0
2020-04-21,146,1,6,139,0
2020-04-22,149,1,3,127,0
2020-04-23,243,1,94,221,0
2020-04-24,266,1,23,231,0
2020-04-25,303,1,37,268,0
2020-04-26,348,1,45,313,0
2020-04-27,375,1,27,340,0
2020-04-28,387,1,12,348,0
2020-04-29,409,1,22,308,0
2020-04-30,463,1,54,358,0
2020-05-01,514,1,51,398,0
2020-05-02,557,1,43,439,0
2020-05-03,608,3,51,479,2
2020-05-04,712,3,104,583,0
2020-05-05,820,3,108,689,0
2020-05-06,925,3,105,788,0
2020-05-07,1018,3,93,874,0
2020-05-08,1054,3,36,896,0
2020-05-09,1105,3,51,947,0
2020-05-10,1177,3,72,1011,0
2020-05-11,1239,3,62,1061,0
2020-05-12,1311,3,72,1132,0
2020-05-13,1360,3,49,1166,0
2020-05-14,1433,3,73,1235,0
2020-05-15,1548,3,115,1328,0
2020-05-16,1598,3,50,1364,0
2020-05-17,1689,3,91,1454,0
2020-05-18,1748,3,59,1502,0
2020-05-19,1806,3,58,1555,0
2020-05-20,1838,5,32,1557,2
2020-05-21,1902,5,64,1578,0
2020-05-22,1989,5,87,1591,0
2020-05-23,2025,5,36,1339,0
2020-05-24,2054,6,29,1334,1
2020-05-25,2092,6,38,1368,0
2020-05-26,2151,6,59,1393,0
2020-05-27,2202,6,51,1414,0
2020-05-28,2249,7,47,1393,1
2020-05-29,2280,9,31,1382,2
2020-05-30,2310,9,30,1357,0
2020-05-31,2375,9,65,1400,0
2020-06-01,2415,10,40,1431,1
2020-06-02,2466,10,51,1303,0
2020-06-03,2479,11,13,1272,1
2020-06-04,2534,11,55,1227,0
2020-06-05,2579,11,45,1239,0
2020-06-06,2621,11,42,1245,0
2020-06-07,2694,11,73,1265,0
2020-06-08,2777,11,83,1302,0
2020-06-09,2833,13,56,1358,2
2020-06-10,2887,13,54,1405,0
2020-06-11,2964,13,77,1479,0
2020-06-12,3086,15,122,1599,2
2020-06-13,3211,15,125,1720,0
2020-06-14,3325,16,114,1829,1
2020-06-15,3412,17,87,1913,1
2020-06-16,3505,18,93,1946,1
2020-06-17,3586,21,81,1943,3
2020-06-18,3713,21,127,2018,0
2020-06-19,3834,22,121,2101,1
2020-06-20,3966,25,132,2175,3
2020-06-21,4131,25,165,2313,0
2020-06-22,4271,27,140,2409,2
2020-06-23,4416,30,145,2512,3
2020-06-24,4553,33,137,2586,3
2020-06-25,4709,34,156,2703,1
2020-06-26,4858,34,149,2800,0
2020-06-27,5005,34,147,2852,0
2020-06-28,5159,37,154,2911,3
2020-06-29,5332,37,173,3050,0
2020-06-30,5580,37,248,3202,0
2020-07-01,5783,39,203,3349,2
2020-07-02,5980,40,197,3518,1
2020-07-03,6171,42,191,3658,2
2020-07-04,6368,43,197,3771,1
2020-07-05,6555,44,187,3920,1
2020-07-06,6752,45,197,4098,1
2020-07-07,6941,47,189,4252,2
2020-07-08,7143,47,202,4386,0
2020-07-09,7339,51,196,4499,4
2020-07-10,7547,52,208,4617,1
2020-07-11,7742,56,195,4774,4
2020-07-12,7954,56,212,4926,0
2020-07-13,8159,56,205,5106,0
2020-07-14,8370,57,211,5094,1
2020-07-15,8572,57,202,5037,0
2020-07-16,8759,59,187,5054,2
2020-07-17,8965,59,206,4987,0
2020-07-18,9147,60,182,5050,1
2020-07-19,9323,60,176,5169,0
2020-07-20,9478,60,155,5102,0
2020-07-21,9656,64,178,5067,4
2020-07-22,9831,68,175,4900,4
2020-07-23,10001,70,170,4796,2
2020-07-24,10159,70,158,4485,0
2020-07-25,10289,72,130,4378,2
2020-07-26,10414,73,125,4280,1
2020-07-27,10537,73,123,4289,0
2020-07-28,10673,74,136,4010,1
2020-07-29,10788,76,115,3666,2
2020-07-30,10904,77,116,3273,1
2020-07-31,11016,77,112,2993,0
2020-08-01,11127,78,111,2831,1
2020-08-02,11235,79,108,2782,1
2020-08-03,11339,79,104,2739,0
2020-08-04,11431,79,92,2427,0
2020-08-05,11525,79,94,2059,0
2020-08-06,11621,79,96,1812,0
2020-08-07,11712,79,91,1574,0
2020-08-08,11800,79,88,1394,0
2020-08-09,11895,79,95,1343,0
2020-08-10,11988,79,93,1234,0
2020-08-11,12080,82,92,1080,3
2020-08-12,12168,82,88,937,0
2020-08-13,12259,82,91,979,0
2020-08-14,12346,82,87,958,0
2020-08-15,12436,82,90,924,0
2020-08-16,12528,82,92,973,0
2020-08-17,12612,82,84,974,0
2020-08-18,12688,83,76,916,1
2020-08-19,12760,84,72,810,1
2020-08-20,12829,85,69,698,1
2020-08-21,12894,85,65,612,0
2020-08-22,12957,87,63,537,2
2020-08-23,13019,87,62,552,0
2020-08-24,13080,87,61,554,0
2020-08-25,13135,88,55,465,1
2020-08-26,13180,90,45,442,2
2020-08-27,13222,90,42,418,0
2020-08-28,13269,90,47,339,0
2020-08-29,13315,90,46,350,0
2020-08-30,13364,90,49,375,0
2020-08-31,13411,90,47,419,0
2020-09-01,13457,90,46,454,0
2020-09-02,13503,90,46,484,0
2020-09-03,13547,91,44,515,1
2020-09-04,13594,92,47,552,1
2020-09-05,13640,93,46,586,1
2020-09-06,13695,93,55,635,0
2020-09-07,13739,93,44,674,0
2020-09-08,13792,94,53,710,1
2020-09-09,13840,94,48,743,0
2020-09-10,13894,95,54,780,1
2020-09-11,13944,95,50,815,0
2020-09-12,13992,95,48,847,0
2020-09-13,14042,97,50,880,2
2020-09-14,14101,97,59,931,0
2020-09-15,14162,97,61,974,0
2020-09-16,14220,97,58,1012,0
2020-09-17,14282,97,62,1058,0
2020-09-18,14341,98,59,1097,1
2020-09-19,14398,98,57,1139,0
2020-09-20,14461,99,63,1198,1
2020-09-21,14526,99,65,1257,0
2020-09-22,14594,99,68,1304,0
2020-09-23,14669,99,75,1354,0
2020-09-24,14750,99,81,1412,0
2020-09-25,14839,99,89,1476,0
2020-09-26,14935,99,96,1552,0
2020-09-27,15033,99,98,1645,0
2020-09-28,15142,99,109,1744,0
2020-09-29,15275,99,133,1857,0
2020-09-30,15404,99,129,1963,0
2020-10-01,15536,99,132,2070,0
2020-10-02,15669,100,133,2180,1
2020-10-03,15803,101,134,2292,1
2020-10-04,15944,101,141,2428,0
2020-10-05,16089,101,145,2561,0
2020-10-06,16238,102,149,2685,1
2020-10-07,16386,103,148,2807,1
2020-10-08,16534,104,148,2930,1
2020-10-09,16683,105,149,3053,1
2020-10-10,16834,112,151,3177,7
2020-10-11,16986,112,152,3324,0
