date,total_cases,total_death,daily_cases,total_currently_infected,death_per_day
2020-04-17T00:00:00.000Z,2,0,2.0,2,0.0
2020-04-18T00:00:00.000Z,2,0,0.0,2,0.0
2020-04-19T00:00:00.000Z,2,0,0.0,2,0.0
2020-04-20T00:00:00.000Z,4,0,2.0,4,0.0
2020-04-21T00:00:00.000Z,8,0,4.0,8,0.0
2020-04-22T00:00:00.000Z,8,0,0.0,8,0.0
2020-04-23T00:00:00.000Z,9,0,1.0,9,0.0
2020-04-24T00:00:00.000Z,9,0,0.0,9,0.0
2020-04-25T00:00:00.000Z,14,0,5.0,14,0.0
2020-04-26T00:00:00.000Z,15,0,1.0,15,0.0
2020-04-27T00:00:00.000Z,27,0,12.0,27,0.0
2020-04-28T00:00:00.000Z,27,0,0.0,27,0.0
2020-04-29T00:00:00.000Z,30,0,3.0,30,0.0
2020-04-30T00:00:00.000Z,32,0,2.0,32,0.0
2020-05-01T00:00:00.000Z,33,0,1.0,33,0.0
2020-05-02T00:00:00.000Z,35,0,2.0,34,0.0
2020-05-03T00:00:00.000Z,36,0,1.0,35,0.0
2020-05-04T00:00:00.000Z,36,0,0.0,34,0.0
2020-05-05T00:00:00.000Z,37,0,1.0,35,0.0
2020-05-06T00:00:00.000Z,38,0,1.0,35,0.0
2020-05-07T00:00:00.000Z,40,0,2.0,35,0.0
2020-05-08T00:00:00.000Z,41,0,1.0,36,0.0
2020-05-09T00:00:00.000Z,51,0,10.0,39,0.0
2020-05-10T00:00:00.000Z,52,0,1.0,35,0.0
2020-05-11T00:00:00.000Z,54,0,2.0,36,0.0
2020-05-12T00:00:00.000Z,56,0,2.0,31,0.0
2020-05-13T00:00:00.000Z,60,0,4.0,34,0.0
2020-05-14T00:00:00.000Z,63,0,3.0,33,0.0
2020-05-15T00:00:00.000Z,65,0,2.0,35,0.0
2020-05-16T00:00:00.000Z,69,0,4.0,36,0.0
2020-05-17T00:00:00.000Z,75,0,6.0,41,0.0
2020-05-18T00:00:00.000Z,78,0,3.0,44,0.0
2020-05-19T00:00:00.000Z,81,0,3.0,45,0.0
2020-05-20T00:00:00.000Z,82,0,1.0,45,0.0
2020-05-21T00:00:00.000Z,88,0,6.0,51,0.0
2020-05-22T00:00:00.000Z,92,0,4.0,51,0.0
2020-05-23T00:00:00.000Z,92,0,0.0,46,0.0
2020-05-24T00:00:00.000Z,95,0,3.0,48,0.0
2020-05-25T00:00:00.000Z,102,0,7.0,53,0.0
2020-05-26T00:00:00.000Z,104,0,2.0,52,0.0
2020-05-27T00:00:00.000Z,105,0,1.0,52,0.0
2020-05-28T00:00:00.000Z,109,0,4.0,50,0.0
2020-05-29T00:00:00.000Z,110,0,1.0,49,0.0
2020-05-30T00:00:00.000Z,116,0,6.0,45,0.0
2020-05-31T00:00:00.000Z,122,0,6.0,51,0.0
2020-06-01T00:00:00.000Z,132,0,10.0,58,0.0
2020-06-02T00:00:00.000Z,133,0,1.0,53,0.0
2020-06-03T00:00:00.000Z,138,0,5.0,54,0.0
2020-06-04T00:00:00.000Z,154,0,16.0,66,0.0
2020-06-05T00:00:00.000Z,156,0,2.0,65,0.0
2020-06-06T00:00:00.000Z,163,0,7.0,68,0.0
2020-06-07T00:00:00.000Z,172,0,9.0,72,0.0
2020-06-08T00:00:00.000Z,180,0,8.0,79,0.0
2020-06-09T00:00:00.000Z,190,0,10.0,86,0.0
2020-06-10T00:00:00.000Z,204,0,14.0,95,0.0
2020-06-11T00:00:00.000Z,212,0,8.0,101,0.0
2020-06-12T00:00:00.000Z,220,0,8.0,96,0.0
2020-06-13T00:00:00.000Z,243,0,23.0,117,0.0
2020-06-14T00:00:00.000Z,256,0,13.0,128,0.0
2020-06-15T00:00:00.000Z,275,0,19.0,140,0.0
2020-06-16T00:00:00.000Z,279,0,4.0,135,0.0
2020-06-17T00:00:00.000Z,300,0,21.0,155,0.0
2020-06-18T00:00:00.000Z,334,0,34.0,183,0.0
2020-06-19T00:00:00.000Z,336,0,2.0,174,0.0
2020-06-20T00:00:00.000Z,396,0,60.0,225,0.0
2020-06-21T00:00:00.000Z,421,0,25.0,243,0.0
2020-06-22T00:00:00.000Z,436,0,15.0,252,0.0
2020-06-23T00:00:00.000Z,466,0,30.0,276,0.0
2020-06-24T00:00:00.000Z,483,0,17.0,276,0.0
2020-06-25T00:00:00.000Z,511,0,28.0,296,0.0
2020-06-26T00:00:00.000Z,522,0,11.0,292,0.0
2020-06-27T00:00:00.000Z,561,0,39.0,314,0.0
2020-06-28T00:00:00.000Z,597,0,36.0,341,0.0
2020-06-29T00:00:00.000Z,617,0,20.0,338,0.0
2020-06-30T00:00:00.000Z,650,0,33.0,365,0.0
2020-07-01T00:00:00.000Z,681,1,31.0,375,1.0
2020-07-02T00:00:00.000Z,745,1,64.0,431,0.0
2020-07-03T00:00:00.000Z,777,1,32.0,449,0.0
2020-07-04T00:00:00.000Z,808,1,31.0,461,0.0
2020-07-05T00:00:00.000Z,849,1,41.0,482,0.0
2020-07-06T00:00:00.000Z,869,1,20.0,472,0.0
2020-07-07T00:00:00.000Z,891,1,22.0,474,0.0
2020-07-08T00:00:00.000Z,936,1,45.0,487,0.0
2020-07-09T00:00:00.000Z,962,1,26.0,500,0.0
2020-07-10T00:00:00.000Z,993,1,31.0,497,0.0
2020-07-11T00:00:00.000Z,1036,1,43.0,521,0.0
2020-07-12T00:00:00.000Z,1053,1,17.0,505,0.0
2020-07-13T00:00:00.000Z,1099,1,46.0,532,0.0
2020-07-14T00:00:00.000Z,1111,1,12.0,498,0.0
2020-07-15T00:00:00.000Z,1139,1,28.0,489,0.0
2020-07-16T00:00:00.000Z,1154,1,15.0,482,0.0
2020-07-17T00:00:00.000Z,1197,1,43.0,491,0.0
2020-07-18T00:00:00.000Z,1217,1,20.0,476,0.0
2020-07-19T00:00:00.000Z,1239,1,22.0,475,0.0
2020-07-20T00:00:00.000Z,1276,1,37.0,502,0.0
2020-07-21T00:00:00.000Z,1304,1,28.0,499,0.0
2020-07-22T00:00:00.000Z,1331,1,27.0,477,0.0
2020-07-23T00:00:00.000Z,1351,1,20.0,467,0.0
2020-07-24T00:00:00.000Z,1387,1,36.0,471,0.0
2020-07-25T00:00:00.000Z,1419,1,32.0,482,0.0
2020-07-26T00:00:00.000Z,1437,1,18.0,469,0.0
2020-07-27T00:00:00.000Z,1462,1,25.0,477,0.0
2020-07-28T00:00:00.000Z,1476,1,14.0,467,0.0
2020-07-29T00:00:00.000Z,1498,2,22.0,449,1.0
2020-07-30T00:00:00.000Z,1529,3,31.0,450,1.0
2020-07-31T00:00:00.000Z,1551,5,22.0,424,2.0
2020-08-01T00:00:00.000Z,1579,7,28.0,420,2.0
2020-08-02T00:00:00.000Z,1606,7,27.0,435,0.0
2020-08-03T00:00:00.000Z,1631,7,25.0,440,0.0
2020-08-04T00:00:00.000Z,1636,7,5.0,412,0.0
2020-08-05T00:00:00.000Z,1643,7,7.0,371,0.0
2020-08-06T00:00:00.000Z,1661,7,18.0,364,0.0
2020-08-07T00:00:00.000Z,1672,7,11.0,343,0.0
2020-08-08T00:00:00.000Z,1693,7,21.0,325,0.0
2020-08-09T00:00:00.000Z,1709,7,16.0,330,0.0
2020-08-10T00:00:00.000Z,1724,7,15.0,324,0.0
2020-08-11T00:00:00.000Z,1731,7,7.0,297,0.0
2020-08-12T00:00:00.000Z,1739,7,8.0,279,0.0
2020-08-13T00:00:00.000Z,1750,7,11.0,252,0.0
2020-08-14T00:00:00.000Z,1775,7,25.0,248,0.0
2020-08-15T00:00:00.000Z,1799,7,24.0,257,0.0
2020-08-16T00:00:00.000Z,1818,7,19.0,257,0.0
2020-08-17T00:00:00.000Z,1833,7,15.0,263,0.0
2020-08-18T00:00:00.000Z,1870,7,37.0,268,0.0
2020-08-19T00:00:00.000Z,1884,7,14.0,269,0.0
2020-08-20T00:00:00.000Z,1903,7,19.0,252,0.0
2020-08-21T00:00:00.000Z,1926,7,23.0,264,0.0
2020-08-22T00:00:00.000Z,1959,7,33.0,286,0.0
2020-08-23T00:00:00.000Z,1992,7,33.0,309,0.0
2020-08-24T00:00:00.000Z,2014,8,22.0,316,1.0
2020-08-25T00:00:00.000Z,2020,8,6.0,304,0.0
2020-08-26T00:00:00.000Z,2041,8,21.0,305,0.0
2020-08-27T00:00:00.000Z,2075,8,34.0,318,0.0
2020-08-28T00:00:00.000Z,2086,8,11.0,299,0.0
2020-08-29T00:00:00.000Z,2108,8,22.0,305,0.0
2020-08-30T00:00:00.000Z,2125,8,17.0,314,0.0
2020-08-31T00:00:00.000Z,2142,8,17.0,302,0.0
2020-09-01T00:00:00.000Z,2157,8,15.0,288,0.0
2020-09-02T00:00:00.000Z,2181,8,24.0,293,0.0
2020-09-03T00:00:00.000Z,2209,8,28.0,292,0.0
2020-09-04T00:00:00.000Z,2228,8,19.0,295,0.0
2020-09-05T00:00:00.000Z,2252,8,24.0,307,0.0
2020-09-06T00:00:00.000Z,2288,8,36.0,325,0.0
2020-09-07T00:00:00.000Z,2319,8,31.0,340,0.0
2020-09-08T00:00:00.000Z,2323,8,4.0,325,0.0
2020-09-09T00:00:00.000Z,2364,8,41.0,332,0.0
2020-09-10T00:00:00.000Z,2391,8,27.0,343,0.0
2020-09-11T00:00:00.000Z,2422,10,31.0,363,2.0
2020-09-12T00:00:00.000Z,2477,11,55.0,397,1.0
2020-09-13T00:00:00.000Z,2514,11,37.0,418,0.0
2020-09-14T00:00:00.000Z,2563,11,49.0,462,0.0
2020-09-15T00:00:00.000Z,2584,12,21.0,456,1.0
2020-09-16T00:00:00.000Z,2640,12,56.0,481,0.0
2020-09-17T00:00:00.000Z,2681,12,41.0,505,0.0
2020-09-18T00:00:00.000Z,2746,12,65.0,532,0.0
2020-09-19T00:00:00.000Z,2798,12,52.0,563,0.0
2020-09-20T00:00:00.000Z,2868,12,70.0,617,0.0
2020-09-21T00:00:00.000Z,2946,12,78.0,674,0.0
2020-09-22T00:00:00.000Z,2978,12,32.0,680,0.0
2020-09-23T00:00:00.000Z,3048,12,70.0,713,0.0
2020-09-24T00:00:00.000Z,3113,12,65.0,741,0.0
2020-09-25T00:00:00.000Z,3177,12,64.0,791,0.0
2020-09-26T00:00:00.000Z,3242,12,65.0,820,0.0
2020-09-27T00:00:00.000Z,3320,12,78.0,866,0.0
2020-09-28T00:00:00.000Z,3427,12,107.0,938,0.0
2020-09-29T00:00:00.000Z,3478,12,51.0,943,0.0
2020-09-30T00:00:00.000Z,3532,12,54.0,937,0.0
2020-10-01T00:00:00.000Z,3598,12,66.0,915,0.0
2020-10-02T00:00:00.000Z,3682,12,84.0,947,0.0
2020-10-03T00:00:00.000Z,3769,12,87.0,978,0.0
2020-10-04T00:00:00.000Z,3854,12,85.0,1026,0.0
2020-10-05T00:00:00.000Z,3940,12,86.0,1056,0.0
2020-10-06T00:00:00.000Z,4007,12,67.0,1055,0.0
2020-10-07T00:00:00.000Z,4095,12,88.0,1084,0.0
2020-10-08T00:00:00.000Z,4193,12,98.0,1095,0.0
2020-10-09T00:00:00.000Z,4296,12,103.0,1136,0.0
2020-10-10T00:00:00.000Z,4407,12,111.0,1179,0.0
2020-10-11T00:00:00.000Z,4514,12,107.0,1240,0.0
