date,total_cases,total_death,daily_cases,total_currently_infected,death_per_day
2020-03-19T00:00:00.000Z,1,0,1.0,1,0.0
2020-03-20T00:00:00.000Z,1,0,0.0,1,0.0
2020-03-21T00:00:00.000Z,1,0,0.0,1,0.0
2020-03-22T00:00:00.000Z,1,0,0.0,1,0.0
2020-03-23T00:00:00.000Z,1,0,0.0,1,0.0
2020-03-24T00:00:00.000Z,1,0,0.0,1,0.0
2020-03-25T00:00:00.000Z,1,0,0.0,1,0.0
2020-03-26T00:00:00.000Z,1,0,0.0,1,0.0
2020-03-27T00:00:00.000Z,2,0,1.0,2,0.0
2020-03-28T00:00:00.000Z,7,0,5.0,7,0.0
2020-03-29T00:00:00.000Z,7,0,0.0,7,0.0
2020-03-30T00:00:00.000Z,9,0,2.0,9,0.0
2020-03-31T00:00:00.000Z,9,0,0.0,9,0.0
2020-04-01T00:00:00.000Z,11,0,2.0,11,0.0
2020-04-02T00:00:00.000Z,11,0,0.0,10,0.0
2020-04-03T00:00:00.000Z,13,0,2.0,12,0.0
2020-04-04T00:00:00.000Z,23,0,10.0,22,0.0
2020-04-05T00:00:00.000Z,23,0,0.0,22,0.0
2020-04-06T00:00:00.000Z,33,0,10.0,32,0.0
2020-04-07T00:00:00.000Z,47,0,14.0,46,0.0
2020-04-08T00:00:00.000Z,47,0,0.0,46,0.0
2020-04-09T00:00:00.000Z,60,0,13.0,53,0.0
2020-04-10T00:00:00.000Z,60,0,0.0,53,0.0
2020-04-11T00:00:00.000Z,62,0,2.0,55,0.0
2020-04-12T00:00:00.000Z,80,0,18.0,73,0.0
2020-04-13T00:00:00.000Z,86,0,6.0,79,0.0
2020-04-14T00:00:00.000Z,96,0,10.0,88,0.0
2020-04-15T00:00:00.000Z,121,0,25.0,113,0.0
2020-04-16T00:00:00.000Z,136,0,15.0,128,0.0
2020-04-17T00:00:00.000Z,149,0,13.0,139,0.0
2020-04-18T00:00:00.000Z,164,1,15.0,152,1.0
2020-04-19T00:00:00.000Z,183,1,19.0,171,0.0
2020-04-20T00:00:00.000Z,203,2,20.0,191,1.0
2020-04-21T00:00:00.000Z,213,2,10.0,201,0.0
2020-04-22T00:00:00.000Z,225,2,12.0,213,0.0
2020-04-23T00:00:00.000Z,239,2,14.0,227,0.0
2020-04-24T00:00:00.000Z,247,2,8.0,206,0.0
2020-04-25T00:00:00.000Z,263,2,16.0,222,0.0
2020-04-26T00:00:00.000Z,274,2,11.0,204,0.0
2020-04-27T00:00:00.000Z,282,2,8.0,212,0.0
2020-04-28T00:00:00.000Z,296,2,14.0,226,0.0
2020-04-29T00:00:00.000Z,327,2,31.0,257,0.0
2020-04-30T00:00:00.000Z,359,3,32.0,280,1.0
2020-05-01T00:00:00.000Z,403,3,44.0,324,0.0
2020-05-02T00:00:00.000Z,434,3,31.0,349,0.0
2020-05-03T00:00:00.000Z,456,4,22.0,369,1.0
2020-05-04T00:00:00.000Z,485,5,29.0,393,1.0
2020-05-05T00:00:00.000Z,517,6,32.0,418,1.0
2020-05-06T00:00:00.000Z,537,7,20.0,435,1.0
2020-05-07T00:00:00.000Z,595,7,58.0,476,0.0
2020-05-08T00:00:00.000Z,653,7,58.0,520,0.0
2020-05-09T00:00:00.000Z,679,10,26.0,515,3.0
2020-05-10T00:00:00.000Z,758,10,79.0,581,0.0
2020-05-11T00:00:00.000Z,843,11,85.0,663,1.0
2020-05-12T00:00:00.000Z,911,12,68.0,725,1.0
2020-05-13T00:00:00.000Z,921,12,10.0,689,0.0
2020-05-14T00:00:00.000Z,1023,12,102.0,751,0.0
2020-05-15T00:00:00.000Z,1124,13,101.0,817,1.0
2020-05-16T00:00:00.000Z,1192,13,68.0,859,0.0
2020-05-17T00:00:00.000Z,1245,13,53.0,911,0.0
2020-05-18T00:00:00.000Z,1291,13,46.0,948,0.0
2020-05-19T00:00:00.000Z,1313,15,22.0,916,2.0
2020-05-20T00:00:00.000Z,1360,16,47.0,934,1.0
2020-05-21T00:00:00.000Z,1415,16,55.0,971,0.0
2020-05-22T00:00:00.000Z,1463,16,48.0,985,0.0
2020-05-23T00:00:00.000Z,1505,17,42.0,996,1.0
2020-05-24T00:00:00.000Z,1566,17,61.0,1052,0.0
2020-05-25T00:00:00.000Z,1602,17,36.0,1086,0.0
2020-05-26T00:00:00.000Z,1639,18,37.0,1088,1.0
2020-05-27T00:00:00.000Z,1686,18,47.0,1087,0.0
2020-05-28T00:00:00.000Z,1745,18,59.0,1099,0.0
2020-05-29T00:00:00.000Z,1813,18,68.0,1106,0.0
2020-05-30T00:00:00.000Z,1900,18,87.0,1117,0.0
2020-05-31T00:00:00.000Z,1977,18,77.0,1194,0.0
2020-06-01T00:00:00.000Z,2057,18,80.0,1271,0.0
2020-06-02T00:00:00.000Z,2140,18,83.0,1276,0.0
2020-06-03T00:00:00.000Z,2205,18,65.0,1277,0.0
2020-06-04T00:00:00.000Z,2322,20,117.0,1359,2.0
2020-06-05T00:00:00.000Z,2447,20,125.0,1450,0.0
2020-06-06T00:00:00.000Z,2577,22,130.0,1514,2.0
2020-06-07T00:00:00.000Z,2705,22,128.0,1641,0.0
2020-06-08T00:00:00.000Z,2822,22,117.0,1731,0.0
2020-06-09T00:00:00.000Z,2930,25,108.0,1734,3.0
2020-06-10T00:00:00.000Z,3031,25,101.0,1793,0.0
2020-06-11T00:00:00.000Z,3130,25,99.0,1823,0.0
2020-06-12T00:00:00.000Z,3228,27,98.0,1880,2.0
2020-06-13T00:00:00.000Z,3323,27,95.0,1972,0.0
2020-06-14T00:00:00.000Z,3417,27,94.0,2039,0.0
2020-06-15T00:00:00.000Z,3508,27,91.0,2120,0.0
2020-06-16T00:00:00.000Z,3599,30,91.0,2088,3.0
2020-06-17T00:00:00.000Z,3685,31,86.0,2009,1.0
2020-06-18T00:00:00.000Z,3768,32,83.0,2012,1.0
2020-06-19T00:00:00.000Z,3853,34,85.0,1818,2.0
2020-06-20T00:00:00.000Z,3934,35,81.0,1659,1.0
2020-06-21T00:00:00.000Z,4017,35,83.0,1741,0.0
2020-06-22T00:00:00.000Z,4098,35,81.0,1758,0.0
2020-06-23T00:00:00.000Z,4176,35,78.0,1678,0.0
2020-06-24T00:00:00.000Z,4253,37,77.0,1623,2.0
2020-06-25T00:00:00.000Z,4330,39,77.0,1687,2.0
2020-06-26T00:00:00.000Z,4405,40,75.0,1642,1.0
2020-06-27T00:00:00.000Z,4479,40,74.0,1643,0.0
2020-06-28T00:00:00.000Z,4550,43,71.0,1712,3.0
2020-06-29T00:00:00.000Z,4621,43,71.0,1752,0.0
2020-06-30T00:00:00.000Z,4691,44,70.0,1768,1.0
2020-07-01T00:00:00.000Z,4761,45,70.0,1794,1.0
2020-07-02T00:00:00.000Z,4829,45,68.0,1856,0.0
2020-07-03T00:00:00.000Z,4898,48,69.0,1825,3.0
2020-07-04T00:00:00.000Z,4965,49,67.0,1852,1.0
2020-07-05T00:00:00.000Z,5034,49,69.0,1918,0.0
2020-07-06T00:00:00.000Z,5102,49,68.0,1971,0.0
2020-07-07T00:00:00.000Z,5168,49,66.0,1991,0.0
2020-07-08T00:00:00.000Z,5232,51,64.0,1977,2.0
2020-07-09T00:00:00.000Z,5304,53,72.0,1973,2.0
2020-07-10T00:00:00.000Z,5371,55,67.0,2021,2.0
2020-07-11T00:00:00.000Z,5436,57,65.0,2000,2.0
2020-07-12T00:00:00.000Z,5501,58,65.0,2063,1.0
2020-07-13T00:00:00.000Z,5565,59,64.0,2101,1.0
2020-07-14T00:00:00.000Z,5629,59,64.0,2001,0.0
2020-07-15T00:00:00.000Z,5691,59,62.0,1676,0.0
2020-07-16T00:00:00.000Z,5752,61,61.0,1664,2.0
2020-07-17T00:00:00.000Z,5813,63,61.0,1660,2.0
2020-07-18T00:00:00.000Z,5876,64,63.0,1644,1.0
2020-07-19T00:00:00.000Z,5938,64,62.0,1697,0.0
2020-07-20T00:00:00.000Z,5998,64,60.0,1736,0.0
2020-07-21T00:00:00.000Z,6059,65,61.0,1672,1.0
2020-07-22T00:00:00.000Z,6116,65,57.0,1646,0.0
2020-07-23T00:00:00.000Z,6172,69,56.0,1662,4.0
2020-07-24T00:00:00.000Z,6222,74,50.0,1604,5.0
2020-07-25T00:00:00.000Z,6265,79,43.0,1583,5.0
2020-07-26T00:00:00.000Z,6303,83,38.0,1613,4.0
2020-07-27T00:00:00.000Z,6330,86,27.0,1637,3.0
2020-07-28T00:00:00.000Z,6352,88,22.0,1599,2.0
2020-07-29T00:00:00.000Z,6377,90,25.0,1471,2.0
2020-07-30T00:00:00.000Z,6401,91,24.0,1411,1.0
2020-07-31T00:00:00.000Z,6426,94,25.0,1374,3.0
2020-08-01T00:00:00.000Z,6452,97,26.0,1327,3.0
2020-08-02T00:00:00.000Z,6479,99,27.0,1347,2.0
2020-08-03T00:00:00.000Z,6500,102,21.0,1364,3.0
2020-08-04T00:00:00.000Z,6522,104,22.0,1364,2.0
2020-08-05T00:00:00.000Z,6546,107,24.0,1322,3.0
2020-08-06T00:00:00.000Z,6572,107,26.0,1297,0.0
2020-08-07T00:00:00.000Z,6597,107,25.0,1276,0.0
2020-08-08T00:00:00.000Z,6623,107,26.0,1273,0.0
2020-08-09T00:00:00.000Z,6650,107,27.0,1277,0.0
2020-08-10T00:00:00.000Z,6676,107,26.0,1303,0.0
2020-08-11T00:00:00.000Z,6700,108,24.0,1299,1.0
2020-08-12T00:00:00.000Z,6756,108,56.0,1330,0.0
2020-08-13T00:00:00.000Z,6785,109,29.0,1310,1.0
2020-08-14T00:00:00.000Z,6813,110,28.0,1304,1.0
2020-08-15T00:00:00.000Z,6845,111,32.0,1280,1.0
2020-08-16T00:00:00.000Z,6876,111,31.0,1308,0.0
2020-08-17T00:00:00.000Z,6909,111,33.0,1329,0.0
2020-08-18T00:00:00.000Z,6941,112,32.0,1240,1.0
2020-08-19T00:00:00.000Z,6974,112,33.0,1240,0.0
2020-08-20T00:00:00.000Z,7009,112,35.0,1212,0.0
2020-08-21T00:00:00.000Z,7042,112,33.0,1184,0.0
2020-08-22T00:00:00.000Z,7075,112,33.0,1197,0.0
2020-08-23T00:00:00.000Z,7110,112,35.0,1221,0.0
2020-08-24T00:00:00.000Z,7143,114,33.0,1253,2.0
2020-08-25T00:00:00.000Z,7175,115,32.0,1244,1.0
2020-08-26T00:00:00.000Z,7210,115,35.0,1231,0.0
2020-08-27T00:00:00.000Z,7248,117,38.0,1244,2.0
2020-08-28T00:00:00.000Z,7285,117,37.0,1225,0.0
2020-08-29T00:00:00.000Z,7321,118,36.0,1216,1.0
2020-08-30T00:00:00.000Z,7360,118,39.0,1255,0.0
2020-08-31T00:00:00.000Z,7397,118,37.0,1287,0.0
2020-09-01T00:00:00.000Z,7433,119,36.0,1277,1.0
2020-09-02T00:00:00.000Z,7471,119,38.0,1287,0.0
2020-09-03T00:00:00.000Z,7509,119,38.0,1252,0.0
2020-09-04T00:00:00.000Z,7549,120,40.0,1256,1.0
2020-09-05T00:00:00.000Z,7591,121,42.0,1286,1.0
2020-09-06T00:00:00.000Z,7634,121,43.0,1329,0.0
2020-09-07T00:00:00.000Z,7675,122,41.0,1366,1.0
2020-09-08T00:00:00.000Z,7715,122,40.0,1299,0.0
2020-09-09T00:00:00.000Z,7757,123,42.0,1322,1.0
2020-09-10T00:00:00.000Z,7800,123,43.0,1341,0.0
2020-09-11T00:00:00.000Z,7842,123,42.0,1346,0.0
2020-09-12T00:00:00.000Z,7883,125,41.0,1374,2.0
2020-09-13T00:00:00.000Z,7925,125,42.0,1416,0.0
2020-09-14T00:00:00.000Z,7968,125,43.0,1453,0.0
2020-09-15T00:00:00.000Z,8009,126,41.0,1448,1.0
2020-09-16T00:00:00.000Z,8052,126,43.0,1440,0.0
2020-09-17T00:00:00.000Z,8096,128,44.0,1446,2.0
2020-09-18T00:00:00.000Z,8138,129,42.0,1454,1.0
2020-09-19T00:00:00.000Z,8184,130,46.0,1476,1.0
2020-09-20T00:00:00.000Z,8228,130,44.0,1517,0.0
2020-09-21T00:00:00.000Z,8271,130,43.0,1560,0.0
2020-09-22T00:00:00.000Z,8315,130,44.0,1562,0.0
2020-09-23T00:00:00.000Z,8360,132,45.0,1584,2.0
2020-09-24T00:00:00.000Z,8407,132,47.0,1562,0.0
2020-09-25T00:00:00.000Z,8452,132,45.0,1595,0.0
2020-09-26T00:00:00.000Z,8500,132,48.0,1609,0.0
2020-09-27T00:00:00.000Z,8550,134,50.0,1658,2.0
2020-09-28T00:00:00.000Z,8603,134,53.0,1711,0.0
2020-09-29T00:00:00.000Z,8654,134,51.0,1719,0.0
2020-09-30T00:00:00.000Z,8708,134,54.0,1738,0.0
2020-10-01T00:00:00.000Z,8764,134,56.0,1773,0.0
2020-10-02T00:00:00.000Z,8822,136,58.0,1796,2.0
2020-10-03T00:00:00.000Z,8881,137,59.0,1820,1.0
2020-10-04T00:00:00.000Z,8946,138,65.0,1868,1.0
2020-10-05T00:00:00.000Z,9014,138,68.0,1936,0.0
2020-10-06T00:00:00.000Z,9081,138,67.0,1954,0.0
2020-10-07T00:00:00.000Z,9151,141,70.0,1970,3.0
2020-10-08T00:00:00.000Z,9222,141,71.0,1950,0.0
2020-10-09T00:00:00.000Z,9295,143,73.0,1997,2.0
2020-10-10T00:00:00.000Z,9370,144,75.0,2053,1.0
2020-10-11T00:00:00.000Z,9448,144,78.0,2131,0.0
