date,total_cases,total_death,daily_cases,total_currently_infected,death_per_day
2020-03-19T00:00:00.000Z,1,0,1.0,1,0.0
2020-03-20T00:00:00.000Z,1,0,0.0,1,0.0
2020-03-21T00:00:00.000Z,2,0,1.0,2,0.0
2020-03-22T00:00:00.000Z,2,0,0.0,2,0.0
2020-03-23T00:00:00.000Z,2,0,0.0,2,0.0
2020-03-24T00:00:00.000Z,2,0,0.0,2,0.0
2020-03-25T00:00:00.000Z,2,0,0.0,2,0.0
2020-03-26T00:00:00.000Z,4,0,2.0,4,0.0
2020-03-27T00:00:00.000Z,4,0,0.0,4,0.0
2020-03-28T00:00:00.000Z,4,0,0.0,4,0.0
2020-03-29T00:00:00.000Z,5,0,1.0,5,0.0
2020-03-30T00:00:00.000Z,5,0,0.0,5,0.0
2020-03-31T00:00:00.000Z,7,0,2.0,7,0.0
2020-04-01T00:00:00.000Z,8,0,1.0,8,0.0
2020-04-02T00:00:00.000Z,8,0,0.0,6,0.0
2020-04-03T00:00:00.000Z,16,0,8.0,14,0.0
2020-04-04T00:00:00.000Z,16,0,0.0,14,0.0
2020-04-05T00:00:00.000Z,19,0,3.0,17,0.0
2020-04-06T00:00:00.000Z,19,0,0.0,17,0.0
2020-04-07T00:00:00.000Z,38,0,19.0,36,0.0
2020-04-08T00:00:00.000Z,41,0,3.0,38,0.0
2020-04-09T00:00:00.000Z,41,0,0.0,38,0.0
2020-04-10T00:00:00.000Z,41,0,0.0,37,0.0
2020-04-11T00:00:00.000Z,41,0,0.0,36,0.0
2020-04-12T00:00:00.000Z,41,0,0.0,36,0.0
2020-04-13T00:00:00.000Z,41,0,0.0,36,0.0
2020-04-14T00:00:00.000Z,56,0,15.0,51,0.0
2020-04-15T00:00:00.000Z,71,0,15.0,62,0.0
2020-04-16T00:00:00.000Z,110,0,39.0,95,0.0
2020-04-17T00:00:00.000Z,128,0,18.0,113,0.0
2020-04-18T00:00:00.000Z,161,0,33.0,142,0.0
2020-04-19T00:00:00.000Z,175,0,14.0,155,0.0
2020-04-20T00:00:00.000Z,188,0,13.0,167,0.0
2020-04-21T00:00:00.000Z,197,1,9.0,168,1.0
2020-04-22T00:00:00.000Z,203,1,6.0,174,0.0
2020-04-23T00:00:00.000Z,215,1,12.0,179,0.0
2020-04-24T00:00:00.000Z,217,1,2.0,178,0.0
2020-04-25T00:00:00.000Z,233,1,16.0,189,0.0
2020-04-26T00:00:00.000Z,274,1,41.0,221,0.0
2020-04-27T00:00:00.000Z,297,2,23.0,242,1.0
2020-04-28T00:00:00.000Z,338,2,41.0,279,0.0
2020-04-29T00:00:00.000Z,366,2,28.0,299,0.0
2020-04-30T00:00:00.000Z,387,3,21.0,307,1.0
2020-05-01T00:00:00.000Z,405,3,18.0,325,0.0
2020-05-02T00:00:00.000Z,414,3,9.0,302,0.0
2020-05-03T00:00:00.000Z,449,3,35.0,331,0.0
2020-05-04T00:00:00.000Z,467,4,18.0,332,1.0
2020-05-05T00:00:00.000Z,508,4,41.0,358,0.0
2020-05-06T00:00:00.000Z,537,4,29.0,376,0.0
2020-05-07T00:00:00.000Z,551,4,14.0,373,0.0
2020-05-08T00:00:00.000Z,583,4,32.0,381,0.0
2020-05-09T00:00:00.000Z,626,4,43.0,407,0.0
2020-05-10T00:00:00.000Z,693,4,67.0,446,0.0
2020-05-11T00:00:00.000Z,777,4,84.0,525,0.0
2020-05-12T00:00:00.000Z,822,6,45.0,557,2.0
2020-05-13T00:00:00.000Z,865,6,43.0,574,0.0
2020-05-14T00:00:00.000Z,926,6,61.0,584,0.0
2020-05-15T00:00:00.000Z,965,8,39.0,609,2.0
2020-05-16T00:00:00.000Z,1048,8,83.0,688,0.0
2020-05-17T00:00:00.000Z,1166,9,118.0,777,1.0
2020-05-18T00:00:00.000Z,1252,9,86.0,856,0.0
2020-05-19T00:00:00.000Z,1308,11,56.0,855,2.0
2020-05-20T00:00:00.000Z,1371,12,63.0,893,1.0
2020-05-21T00:00:00.000Z,1430,12,59.0,928,0.0
2020-05-22T00:00:00.000Z,1510,13,80.0,990,1.0
2020-05-23T00:00:00.000Z,1568,15,58.0,1023,2.0
2020-05-24T00:00:00.000Z,1670,17,102.0,1091,2.0
2020-05-25T00:00:00.000Z,1755,17,85.0,1165,0.0
2020-05-26T00:00:00.000Z,1849,17,94.0,1214,0.0
2020-05-27T00:00:00.000Z,1924,17,75.0,1255,0.0
2020-05-28T00:00:00.000Z,2028,17,104.0,1312,0.0
2020-05-29T00:00:00.000Z,2133,17,105.0,1405,0.0
2020-05-30T00:00:00.000Z,2300,18,167.0,1548,1.0
2020-05-31T00:00:00.000Z,2436,18,136.0,1654,0.0
2020-06-01T00:00:00.000Z,2587,18,151.0,1778,0.0
2020-06-02T00:00:00.000Z,2736,18,149.0,1866,0.0
2020-06-03T00:00:00.000Z,2847,18,111.0,1911,0.0
2020-06-04T00:00:00.000Z,2987,18,140.0,2008,0.0
2020-06-05T00:00:00.000Z,3104,18,117.0,2060,0.0
2020-06-06T00:00:00.000Z,3231,20,127.0,2119,2.0
2020-06-07T00:00:00.000Z,3346,20,115.0,2220,0.0
2020-06-08T00:00:00.000Z,3475,21,129.0,2289,1.0
2020-06-09T00:00:00.000Z,3624,21,149.0,2420,0.0
2020-06-10T00:00:00.000Z,3821,23,197.0,2353,2.0
2020-06-11T00:00:00.000Z,4007,24,186.0,2448,1.0
2020-06-12T00:00:00.000Z,4157,24,150.0,2500,0.0
2020-06-13T00:00:00.000Z,4340,26,183.0,2536,2.0
2020-06-14T00:00:00.000Z,4569,27,229.0,2623,1.0
2020-06-15T00:00:00.000Z,4753,27,184.0,2677,0.0
2020-06-16T00:00:00.000Z,4973,29,220.0,2731,2.0
2020-06-17T00:00:00.000Z,5210,30,237.0,2748,1.0
2020-06-18T00:00:00.000Z,5453,32,243.0,2790,2.0
2020-06-19T00:00:00.000Z,5712,32,259.0,2859,0.0
2020-06-20T00:00:00.000Z,5992,33,280.0,2995,1.0
2020-06-21T00:00:00.000Z,6286,34,294.0,3133,1.0
2020-06-22T00:00:00.000Z,6581,35,295.0,3294,1.0
2020-06-23T00:00:00.000Z,6900,37,319.0,3465,2.0
2020-06-24T00:00:00.000Z,7223,38,323.0,3605,1.0
2020-06-25T00:00:00.000Z,7542,38,319.0,3855,0.0
2020-06-26T00:00:00.000Z,7837,41,295.0,3975,3.0
2020-06-27T00:00:00.000Z,8117,44,280.0,4026,3.0
2020-06-28T00:00:00.000Z,8402,48,285.0,4210,4.0
2020-06-29T00:00:00.000Z,8679,52,277.0,4374,4.0
2020-06-30T00:00:00.000Z,8958,55,279.0,4457,3.0
2020-07-01T00:00:00.000Z,9219,56,261.0,4557,1.0
2020-07-02T00:00:00.000Z,9485,59,266.0,4723,3.0
2020-07-03T00:00:00.000Z,9756,63,271.0,4809,4.0
2020-07-04T00:00:00.000Z,10029,65,273.0,4878,2.0
2020-07-05T00:00:00.000Z,10301,69,272.0,4975,4.0
2020-07-06T00:00:00.000Z,10590,72,289.0,5114,3.0
2020-07-07T00:00:00.000Z,10873,75,283.0,5178,3.0
2020-07-08T00:00:00.000Z,11141,78,268.0,5223,3.0
2020-07-09T00:00:00.000Z,11406,81,265.0,5250,3.0
2020-07-10T00:00:00.000Z,11669,85,263.0,5271,4.0
2020-07-11T00:00:00.000Z,11937,89,268.0,5266,4.0
2020-07-12T00:00:00.000Z,12204,91,267.0,5343,2.0
2020-07-13T00:00:00.000Z,12474,93,270.0,5426,2.0
2020-07-14T00:00:00.000Z,12742,94,268.0,5463,1.0
2020-07-15T00:00:00.000Z,12993,96,251.0,5463,2.0
2020-07-16T00:00:00.000Z,13245,96,252.0,5414,0.0
2020-07-17T00:00:00.000Z,13494,97,249.0,5330,1.0
2020-07-18T00:00:00.000Z,13741,100,247.0,5087,3.0
2020-07-19T00:00:00.000Z,13978,103,237.0,5090,3.0
2020-07-20T00:00:00.000Z,14214,106,236.0,5156,3.0
2020-07-21T00:00:00.000Z,14442,106,228.0,4995,0.0
2020-07-22T00:00:00.000Z,14663,112,221.0,4711,6.0
2020-07-23T00:00:00.000Z,14861,115,198.0,4597,3.0
2020-07-24T00:00:00.000Z,15057,117,196.0,4382,2.0
2020-07-25T00:00:00.000Z,15250,120,193.0,4227,3.0
2020-07-26T00:00:00.000Z,15442,124,192.0,4187,4.0
2020-07-27T00:00:00.000Z,15630,128,188.0,4247,4.0
2020-07-28T00:00:00.000Z,15817,128,187.0,4130,0.0
2020-07-29T00:00:00.000Z,15990,128,173.0,3992,0.0
2020-07-30T00:00:00.000Z,16162,128,172.0,3710,0.0
2020-07-31T00:00:00.000Z,16333,128,171.0,3543,0.0
2020-08-01T00:00:00.000Z,16503,129,170.0,3447,1.0
2020-08-02T00:00:00.000Z,16671,130,168.0,3403,1.0
2020-08-03T00:00:00.000Z,16843,131,172.0,3370,1.0
2020-08-04T00:00:00.000Z,17020,133,177.0,3322,2.0
2020-08-05T00:00:00.000Z,17189,135,169.0,3137,2.0
2020-08-06T00:00:00.000Z,17349,136,160.0,2957,1.0
2020-08-07T00:00:00.000Z,17492,137,143.0,2697,1.0
2020-08-08T00:00:00.000Z,17619,139,127.0,2480,2.0
2020-08-09T00:00:00.000Z,17769,140,150.0,2492,1.0
2020-08-10T00:00:00.000Z,17886,141,117.0,2504,1.0
2020-08-11T00:00:00.000Z,17994,141,108.0,2510,0.0
2020-08-12T00:00:00.000Z,18111,143,117.0,2527,2.0
2020-08-13T00:00:00.000Z,18219,145,108.0,2570,2.0
2020-08-14T00:00:00.000Z,18325,146,106.0,2456,1.0
2020-08-15T00:00:00.000Z,18428,148,103.0,2350,2.0
2020-08-16T00:00:00.000Z,18518,149,90.0,2218,1.0
2020-08-17T00:00:00.000Z,18592,150,74.0,2075,1.0
2020-08-18T00:00:00.000Z,18664,151,72.0,2001,1.0
2020-08-19T00:00:00.000Z,18747,153,83.0,1932,2.0
2020-08-20T00:00:00.000Z,18831,154,84.0,1842,1.0
2020-08-21T00:00:00.000Z,18916,155,85.0,1759,1.0
2020-08-22T00:00:00.000Z,18999,156,83.0,1672,1.0
2020-08-23T00:00:00.000Z,19076,157,77.0,1599,1.0
2020-08-24T00:00:00.000Z,19152,158,76.0,1557,1.0
2020-08-25T00:00:00.000Z,19221,160,69.0,1472,2.0
2020-08-26T00:00:00.000Z,19285,161,64.0,1397,1.0
2020-08-27T00:00:00.000Z,19350,162,65.0,1355,1.0
2020-08-28T00:00:00.000Z,19414,163,64.0,1307,1.0
2020-08-29T00:00:00.000Z,19478,164,64.0,1265,1.0
2020-08-30T00:00:00.000Z,19543,165,65.0,1240,1.0
2020-08-31T00:00:00.000Z,19609,166,66.0,1221,1.0
2020-09-01T00:00:00.000Z,19676,167,67.0,1185,1.0
2020-09-02T00:00:00.000Z,19744,169,68.0,1143,2.0
2020-09-03T00:00:00.000Z,19816,170,72.0,1103,1.0
2020-09-04T00:00:00.000Z,19891,172,75.0,1049,2.0
2020-09-05T00:00:00.000Z,19967,174,76.0,1025,2.0
2020-09-06T00:00:00.000Z,20045,174,78.0,1024,0.0
2020-09-07T00:00:00.000Z,20121,175,76.0,976,1.0
2020-09-08T00:00:00.000Z,20193,175,72.0,932,0.0
2020-09-09T00:00:00.000Z,20270,176,77.0,902,1.0
2020-09-10T00:00:00.000Z,20350,176,80.0,874,0.0
2020-09-11T00:00:00.000Z,20430,177,80.0,843,1.0
2020-09-12T00:00:00.000Z,20505,177,75.0,826,0.0
2020-09-13T00:00:00.000Z,20583,177,78.0,825,0.0
2020-09-14T00:00:00.000Z,20665,177,82.0,826,0.0
2020-09-15T00:00:00.000Z,20748,178,83.0,817,1.0
2020-09-16T00:00:00.000Z,20831,179,83.0,814,1.0
2020-09-17T00:00:00.000Z,20907,179,76.0,800,0.0
2020-09-18T00:00:00.000Z,20988,179,81.0,791,0.0
2020-09-19T00:00:00.000Z,21077,179,89.0,788,0.0
2020-09-20T00:00:00.000Z,21175,179,98.0,786,0.0
2020-09-21T00:00:00.000Z,21273,181,98.0,812,2.0
2020-09-22T00:00:00.000Z,21391,181,118.0,865,0.0
2020-09-23T00:00:00.000Z,21516,182,125.0,913,1.0
2020-09-24T00:00:00.000Z,21646,183,130.0,942,1.0
2020-09-25T00:00:00.000Z,21787,184,141.0,1006,1.0
2020-09-26T00:00:00.000Z,21934,185,147.0,1061,1.0
2020-09-27T00:00:00.000Z,22078,185,144.0,1135,0.0
2020-09-28T00:00:00.000Z,22229,185,151.0,1222,0.0
2020-09-29T00:00:00.000Z,22372,186,143.0,1307,1.0
2020-09-30T00:00:00.000Z,22513,187,141.0,1388,1.0
2020-10-01T00:00:00.000Z,22660,188,147.0,1467,1.0
2020-10-02T00:00:00.000Z,22813,189,153.0,1560,1.0
2020-10-03T00:00:00.000Z,22966,190,153.0,1619,1.0
2020-10-04T00:00:00.000Z,23121,191,155.0,1714,1.0
2020-10-05T00:00:00.000Z,23280,192,159.0,1833,1.0
2020-10-06T00:00:00.000Z,23433,194,153.0,1913,2.0
2020-10-07T00:00:00.000Z,23602,196,169.0,2019,2.0
2020-10-08T00:00:00.000Z,23777,198,175.0,2100,2.0
2020-10-09T00:00:00.000Z,23952,200,175.0,2173,2.0
2020-10-10T00:00:00.000Z,24141,202,189.0,2259,2.0
2020-10-11T00:00:00.000Z,24340,203,199.0,2388,1.0
