date,total_cases,total_death,daily_cases,total_currently_infected,death_per_day
2020-03-16T00:00:00.000Z,1,0,1.0,1,0.0
2020-03-17T00:00:00.000Z,1,0,0.0,1,0.0
2020-03-18T00:00:00.000Z,1,0,0.0,1,0.0
2020-03-19T00:00:00.000Z,1,0,0.0,1,0.0
2020-03-20T00:00:00.000Z,1,0,0.0,1,0.0
2020-03-21T00:00:00.000Z,1,0,0.0,1,0.0
2020-03-22T00:00:00.000Z,1,0,0.0,1,0.0
2020-03-23T00:00:00.000Z,1,0,0.0,1,0.0
2020-03-24T00:00:00.000Z,1,0,0.0,1,0.0
2020-03-25T00:00:00.000Z,3,0,2.0,2,0.0
2020-03-26T00:00:00.000Z,3,0,0.0,2,0.0
2020-03-27T00:00:00.000Z,3,0,0.0,2,0.0
2020-03-28T00:00:00.000Z,3,0,0.0,2,0.0
2020-03-29T00:00:00.000Z,7,0,4.0,6,0.0
2020-03-30T00:00:00.000Z,22,0,15.0,21,0.0
2020-03-31T00:00:00.000Z,22,0,0.0,21,0.0
2020-04-01T00:00:00.000Z,54,0,32.0,53,0.0
2020-04-02T00:00:00.000Z,56,0,2.0,55,0.0
2020-04-03T00:00:00.000Z,56,2,0.0,55,2.0
2020-04-04T00:00:00.000Z,59,2,3.0,58,0.0
2020-04-05T00:00:00.000Z,59,2,0.0,58,0.0
2020-04-06T00:00:00.000Z,90,3,31.0,89,1.0
2020-04-07T00:00:00.000Z,101,3,11.0,100,0.0
2020-04-08T00:00:00.000Z,119,3,18.0,118,0.0
2020-04-09T00:00:00.000Z,150,3,31.0,149,0.0
2020-04-10T00:00:00.000Z,208,3,58.0,207,0.0
2020-04-11T00:00:00.000Z,208,3,0.0,207,0.0
2020-04-12T00:00:00.000Z,208,3,0.0,207,0.0
2020-04-13T00:00:00.000Z,208,3,0.0,207,0.0
2020-04-14T00:00:00.000Z,305,3,97.0,304,0.0
2020-04-15T00:00:00.000Z,402,3,97.0,401,0.0
2020-04-16T00:00:00.000Z,441,3,39.0,435,0.0
2020-04-17T00:00:00.000Z,455,3,14.0,449,0.0
2020-04-18T00:00:00.000Z,474,3,19.0,468,0.0
2020-04-19T00:00:00.000Z,481,3,7.0,471,0.0
2020-04-20T00:00:00.000Z,491,4,10.0,470,1.0
2020-04-21T00:00:00.000Z,507,4,16.0,486,0.0
2020-04-22T00:00:00.000Z,527,4,20.0,506,0.0
2020-04-23T00:00:00.000Z,542,4,15.0,519,0.0
2020-04-24T00:00:00.000Z,553,4,11.0,525,0.0
2020-04-25T00:00:00.000Z,561,4,8.0,533,0.0
2020-04-26T00:00:00.000Z,578,5,17.0,526,1.0
2020-04-27T00:00:00.000Z,590,6,12.0,538,1.0
2020-04-28T00:00:00.000Z,597,6,7.0,545,0.0
2020-04-29T00:00:00.000Z,611,6,14.0,548,0.0
2020-04-30T00:00:00.000Z,621,6,10.0,557,0.0
2020-05-01T00:00:00.000Z,649,6,28.0,585,0.0
2020-05-02T00:00:00.000Z,656,7,7.0,564,1.0
2020-05-03T00:00:00.000Z,676,7,20.0,569,0.0
2020-05-04T00:00:00.000Z,682,7,6.0,571,0.0
2020-05-05T00:00:00.000Z,698,7,16.0,569,0.0
2020-05-06T00:00:00.000Z,726,7,28.0,597,0.0
2020-05-07T00:00:00.000Z,782,11,56.0,638,4.0
2020-05-08T00:00:00.000Z,793,11,11.0,599,0.0
2020-05-09T00:00:00.000Z,803,14,10.0,589,3.0
2020-05-10T00:00:00.000Z,823,14,20.0,604,0.0
2020-05-11T00:00:00.000Z,844,15,21.0,592,1.0
2020-05-12T00:00:00.000Z,847,15,3.0,560,0.0
2020-05-13T00:00:00.000Z,859,16,12.0,529,1.0
2020-05-14T00:00:00.000Z,867,16,8.0,507,0.0
2020-05-15T00:00:00.000Z,882,16,15.0,495,0.0
2020-05-16T00:00:00.000Z,911,17,29.0,498,1.0
2020-05-17T00:00:00.000Z,931,17,20.0,516,0.0
2020-05-18T00:00:00.000Z,968,17,37.0,550,0.0
2020-05-19T00:00:00.000Z,1007,18,39.0,582,1.0
2020-05-20T00:00:00.000Z,1019,18,12.0,573,0.0
2020-05-21T00:00:00.000Z,1032,19,13.0,548,1.0
2020-05-22T00:00:00.000Z,1067,19,35.0,554,0.0
2020-05-23T00:00:00.000Z,1105,19,38.0,564,0.0
2020-05-24T00:00:00.000Z,1129,19,24.0,573,0.0
2020-05-25T00:00:00.000Z,1135,19,6.0,567,0.0
2020-05-26T00:00:00.000Z,1144,20,9.0,552,1.0
2020-05-27T00:00:00.000Z,1188,21,44.0,563,1.0
2020-05-28T00:00:00.000Z,1238,22,50.0,594,1.0
2020-05-29T00:00:00.000Z,1262,23,24.0,595,1.0
2020-05-30T00:00:00.000Z,1293,23,31.0,608,0.0
2020-05-31T00:00:00.000Z,1322,24,29.0,618,1.0
2020-06-01T00:00:00.000Z,1352,24,30.0,648,0.0
2020-06-02T00:00:00.000Z,1393,24,41.0,645,0.0
2020-06-03T00:00:00.000Z,1426,25,33.0,625,1.0
2020-06-04T00:00:00.000Z,1455,25,29.0,639,0.0
2020-06-05T00:00:00.000Z,1480,25,25.0,625,0.0
2020-06-06T00:00:00.000Z,1518,26,38.0,643,1.0
2020-06-07T00:00:00.000Z,1564,26,46.0,679,0.0
2020-06-08T00:00:00.000Z,1600,26,36.0,710,0.0
2020-06-09T00:00:00.000Z,1626,27,26.0,715,1.0
2020-06-10T00:00:00.000Z,1693,27,67.0,754,0.0
2020-06-11T00:00:00.000Z,1804,28,111.0,844,1.0
2020-06-12T00:00:00.000Z,1929,28,125.0,910,0.0
2020-06-13T00:00:00.000Z,2085,28,156.0,1061,0.0
2020-06-14T00:00:00.000Z,2266,28,181.0,1241,0.0
2020-06-15T00:00:00.000Z,2352,28,86.0,1326,0.0
2020-06-16T00:00:00.000Z,2437,28,85.0,1389,0.0
2020-06-17T00:00:00.000Z,2491,28,54.0,1390,0.0
2020-06-18T00:00:00.000Z,2573,28,82.0,1433,0.0
2020-06-19T00:00:00.000Z,2687,28,114.0,1498,0.0
2020-06-20T00:00:00.000Z,2744,28,57.0,1532,0.0
2020-06-21T00:00:00.000Z,2805,28,61.0,1589,0.0
2020-06-22T00:00:00.000Z,2864,29,59.0,1643,1.0
2020-06-23T00:00:00.000Z,2926,29,62.0,1672,0.0
2020-06-24T00:00:00.000Z,2986,29,60.0,1681,0.0
2020-06-25T00:00:00.000Z,3050,29,64.0,1707,0.0
2020-06-26T00:00:00.000Z,3108,29,58.0,1749,0.0
2020-06-27T00:00:00.000Z,3173,30,65.0,1672,1.0
2020-06-28T00:00:00.000Z,3287,30,114.0,1747,0.0
2020-06-29T00:00:00.000Z,3356,30,69.0,1807,0.0
2020-06-30T00:00:00.000Z,3409,30,53.0,1810,0.0
2020-07-01T00:00:00.000Z,3463,33,54.0,1732,3.0
2020-07-02T00:00:00.000Z,3513,33,50.0,1731,0.0
2020-07-03T00:00:00.000Z,3577,34,64.0,1707,1.0
2020-07-04T00:00:00.000Z,3640,35,63.0,1705,1.0
2020-07-05T00:00:00.000Z,3695,35,55.0,1723,0.0
2020-07-06T00:00:00.000Z,3762,35,67.0,1790,0.0
2020-07-07T00:00:00.000Z,3866,35,104.0,1844,0.0
2020-07-08T00:00:00.000Z,3949,35,83.0,1892,0.0
2020-07-09T00:00:00.000Z,4028,35,79.0,1904,0.0
2020-07-10T00:00:00.000Z,4107,35,79.0,1879,0.0
2020-07-11T00:00:00.000Z,4179,35,72.0,1891,0.0
2020-07-12T00:00:00.000Z,4249,36,70.0,1937,1.0
2020-07-13T00:00:00.000Z,4308,36,59.0,1989,0.0
2020-07-14T00:00:00.000Z,4366,38,58.0,2014,2.0
2020-07-15T00:00:00.000Z,4416,39,50.0,1972,1.0
2020-07-16T00:00:00.000Z,4469,39,53.0,1931,0.0
2020-07-17T00:00:00.000Z,4542,40,73.0,1903,1.0
2020-07-18T00:00:00.000Z,4610,40,68.0,1863,0.0
2020-07-19T00:00:00.000Z,4680,40,70.0,1921,0.0
2020-07-20T00:00:00.000Z,4761,40,81.0,2002,0.0
2020-07-21T00:00:00.000Z,4819,40,58.0,1953,0.0
2020-07-22T00:00:00.000Z,4866,40,47.0,1903,0.0
2020-07-23T00:00:00.000Z,4911,40,45.0,1876,0.0
2020-07-24T00:00:00.000Z,4964,40,53.0,1815,0.0
2020-07-25T00:00:00.000Z,5034,41,70.0,1744,1.0
2020-07-26T00:00:00.000Z,5100,41,66.0,1789,0.0
2020-07-27T00:00:00.000Z,5144,41,44.0,1828,0.0
2020-07-28T00:00:00.000Z,5185,45,41.0,1586,4.0
2020-07-29T00:00:00.000Z,5221,48,36.0,1401,3.0
2020-07-30T00:00:00.000Z,5259,50,38.0,1341,2.0
2020-07-31T00:00:00.000Z,5303,57,44.0,1280,7.0
2020-08-01T00:00:00.000Z,5351,58,48.0,1253,1.0
2020-08-02T00:00:00.000Z,5396,58,45.0,1259,0.0
2020-08-03T00:00:00.000Z,5447,58,51.0,1310,0.0
2020-08-04T00:00:00.000Z,5483,59,36.0,1239,1.0
2020-08-05T00:00:00.000Z,5530,61,47.0,1194,2.0
2020-08-06T00:00:00.000Z,5567,64,37.0,1110,3.0
2020-08-07T00:00:00.000Z,5619,64,52.0,1090,0.0
2020-08-08T00:00:00.000Z,5678,66,59.0,1092,2.0
2020-08-09T00:00:00.000Z,5738,69,60.0,1144,3.0
2020-08-10T00:00:00.000Z,5816,69,78.0,1184,0.0
2020-08-11T00:00:00.000Z,5871,71,55.0,1175,2.0
2020-08-12T00:00:00.000Z,5923,71,52.0,1159,0.0
2020-08-13T00:00:00.000Z,5968,73,45.0,1159,2.0
2020-08-14T00:00:00.000Z,6011,73,43.0,1167,0.0
2020-08-15T00:00:00.000Z,6052,76,41.0,1154,3.0
2020-08-16T00:00:00.000Z,6083,76,31.0,1185,0.0
2020-08-17T00:00:00.000Z,6117,76,34.0,1199,0.0
2020-08-18T00:00:00.000Z,6148,76,31.0,1156,0.0
2020-08-19T00:00:00.000Z,6191,76,43.0,1149,0.0
2020-08-20T00:00:00.000Z,6224,76,33.0,1108,0.0
2020-08-21T00:00:00.000Z,6261,77,37.0,1111,1.0
2020-08-22T00:00:00.000Z,6294,78,33.0,1057,1.0
2020-08-23T00:00:00.000Z,6330,79,36.0,1087,1.0
2020-08-24T00:00:00.000Z,6370,79,40.0,1127,0.0
2020-08-25T00:00:00.000Z,6407,79,37.0,1124,0.0
2020-08-26T00:00:00.000Z,6429,83,22.0,1088,4.0
2020-08-27T00:00:00.000Z,6453,83,24.0,1010,0.0
2020-08-28T00:00:00.000Z,6480,84,27.0,1003,1.0
2020-08-29T00:00:00.000Z,6504,85,24.0,952,1.0
2020-08-30T00:00:00.000Z,6533,85,29.0,981,0.0
2020-08-31T00:00:00.000Z,6563,85,30.0,988,0.0
2020-09-01T00:00:00.000Z,6592,85,29.0,949,0.0
2020-09-02T00:00:00.000Z,6620,85,28.0,917,0.0
2020-09-03T00:00:00.000Z,6644,85,24.0,893,0.0
2020-09-04T00:00:00.000Z,6679,85,35.0,875,0.0
2020-09-05T00:00:00.000Z,6716,85,37.0,862,0.0
2020-09-06T00:00:00.000Z,6754,85,38.0,899,0.0
2020-09-07T00:00:00.000Z,6787,85,33.0,913,0.0
2020-09-08T00:00:00.000Z,6816,86,29.0,907,1.0
2020-09-09T00:00:00.000Z,6852,88,36.0,878,2.0
2020-09-10T00:00:00.000Z,6898,89,46.0,884,1.0
2020-09-11T00:00:00.000Z,6942,90,44.0,882,1.0
2020-09-12T00:00:00.000Z,7003,91,61.0,911,1.0
2020-09-13T00:00:00.000Z,7061,91,58.0,967,0.0
2020-09-14T00:00:00.000Z,7114,91,53.0,1020,0.0
2020-09-15T00:00:00.000Z,7165,91,51.0,1018,0.0
2020-09-16T00:00:00.000Z,7223,92,58.0,1017,1.0
2020-09-17T00:00:00.000Z,7292,93,69.0,1019,1.0
2020-09-18T00:00:00.000Z,7359,96,67.0,1045,3.0
2020-09-19T00:00:00.000Z,7432,97,73.0,1056,1.0
2020-09-20T00:00:00.000Z,7507,97,75.0,1118,0.0
2020-09-21T00:00:00.000Z,7583,97,76.0,1192,0.0
2020-09-22T00:00:00.000Z,7662,101,79.0,1214,4.0
2020-09-23T00:00:00.000Z,7740,104,78.0,1225,3.0
2020-09-24T00:00:00.000Z,7811,105,71.0,1274,1.0
2020-09-25T00:00:00.000Z,7885,106,74.0,1327,1.0
2020-09-26T00:00:00.000Z,7960,108,75.0,1340,2.0
2020-09-27T00:00:00.000Z,8037,108,77.0,1405,0.0
2020-09-28T00:00:00.000Z,8120,108,83.0,1466,0.0
2020-09-29T00:00:00.000Z,8205,112,85.0,1450,4.0
2020-09-30T00:00:00.000Z,8296,112,91.0,1431,0.0
2020-10-01T00:00:00.000Z,8435,114,139.0,1484,2.0
2020-10-02T00:00:00.000Z,8533,118,98.0,1472,4.0
2020-10-03T00:00:00.000Z,8632,120,99.0,1464,2.0
2020-10-04T00:00:00.000Z,8738,120,106.0,1539,0.0
2020-10-05T00:00:00.000Z,8848,120,110.0,1641,0.0
2020-10-06T00:00:00.000Z,8961,121,113.0,1725,1.0
2020-10-07T00:00:00.000Z,9080,126,119.0,1744,5.0
2020-10-08T00:00:00.000Z,9207,129,127.0,1731,3.0
2020-10-09T00:00:00.000Z,9342,131,135.0,1688,2.0
2020-10-10T00:00:00.000Z,9481,136,139.0,1697,5.0
2020-10-11T00:00:00.000Z,9625,136,144.0,1797,0.0
