date,total_cases,total_death,daily_cases,total_currently_infected,death_per_day
2020-03-15T00:00:00.000Z,1,0,1.0,1,0.0
2020-03-16T00:00:00.000Z,1,0,0.0,1,0.0
2020-03-17T00:00:00.000Z,1,0,0.0,1,0.0
2020-03-18T00:00:00.000Z,1,0,0.0,1,0.0
2020-03-19T00:00:00.000Z,3,0,2.0,3,0.0
2020-03-20T00:00:00.000Z,3,0,0.0,3,0.0
2020-03-21T00:00:00.000Z,5,0,2.0,5,0.0
2020-03-22T00:00:00.000Z,5,0,0.0,5,0.0
2020-03-23T00:00:00.000Z,5,0,0.0,5,0.0
2020-03-24T00:00:00.000Z,5,0,0.0,5,0.0
2020-03-25T00:00:00.000Z,9,0,4.0,9,0.0
2020-03-26T00:00:00.000Z,9,0,0.0,9,0.0
2020-03-27T00:00:00.000Z,9,0,0.0,9,0.0
2020-03-28T00:00:00.000Z,17,0,8.0,17,0.0
2020-03-29T00:00:00.000Z,17,0,0.0,16,0.0
2020-03-30T00:00:00.000Z,17,0,0.0,16,0.0
2020-03-31T00:00:00.000Z,17,0,0.0,15,0.0
2020-04-01T00:00:00.000Z,22,0,5.0,19,0.0
2020-04-02T00:00:00.000Z,22,0,0.0,18,0.0
2020-04-03T00:00:00.000Z,39,0,17.0,35,0.0
2020-04-04T00:00:00.000Z,39,0,0.0,35,0.0
2020-04-05T00:00:00.000Z,39,0,0.0,35,0.0
2020-04-06T00:00:00.000Z,50,0,11.0,42,0.0
2020-04-07T00:00:00.000Z,61,1,11.0,52,1.0
2020-04-08T00:00:00.000Z,85,1,24.0,70,0.0
2020-04-09T00:00:00.000Z,105,1,20.0,90,0.0
2020-04-10T00:00:00.000Z,125,3,20.0,110,2.0
2020-04-11T00:00:00.000Z,138,3,13.0,113,0.0
2020-04-12T00:00:00.000Z,169,3,31.0,144,0.0
2020-04-13T00:00:00.000Z,210,3,41.0,182,0.0
2020-04-14T00:00:00.000Z,215,3,5.0,183,0.0
2020-04-15T00:00:00.000Z,239,3,24.0,199,0.0
2020-04-16T00:00:00.000Z,260,3,21.0,220,0.0
2020-04-17T00:00:00.000Z,290,3,30.0,242,0.0
2020-04-18T00:00:00.000Z,335,4,45.0,286,1.0
2020-04-19T00:00:00.000Z,383,5,48.0,329,1.0
2020-04-20T00:00:00.000Z,417,8,34.0,358,3.0
2020-04-21T00:00:00.000Z,461,8,44.0,391,0.0
2020-04-22T00:00:00.000Z,481,11,20.0,409,3.0
2020-04-23T00:00:00.000Z,539,14,58.0,451,3.0
2020-04-24T00:00:00.000Z,623,16,84.0,519,2.0
2020-04-25T00:00:00.000Z,707,18,84.0,589,2.0
2020-04-26T00:00:00.000Z,780,19,73.0,658,1.0
2020-04-27T00:00:00.000Z,837,19,57.0,712,0.0
2020-04-28T00:00:00.000Z,888,19,51.0,756,0.0
2020-04-29T00:00:00.000Z,951,20,63.0,743,1.0
2020-04-30T00:00:00.000Z,1017,20,66.0,766,0.0
2020-05-01T00:00:00.000Z,1083,20,66.0,806,0.0
2020-05-02T00:00:00.000Z,1162,20,79.0,843,0.0
2020-05-03T00:00:00.000Z,1244,20,82.0,872,0.0
2020-05-04T00:00:00.000Z,1340,21,96.0,931,1.0
2020-05-05T00:00:00.000Z,1437,21,97.0,994,0.0
2020-05-06T00:00:00.000Z,1534,21,97.0,1067,0.0
2020-05-07T00:00:00.000Z,1633,21,99.0,1110,0.0
2020-05-08T00:00:00.000Z,1732,21,99.0,1178,0.0
2020-05-09T00:00:00.000Z,1830,21,98.0,1235,0.0
2020-05-10T00:00:00.000Z,1929,22,99.0,1307,1.0
2020-05-11T00:00:00.000Z,2027,22,98.0,1365,0.0
2020-05-12T00:00:00.000Z,2126,22,99.0,1429,0.0
2020-05-13T00:00:00.000Z,2222,22,96.0,1481,0.0
2020-05-14T00:00:00.000Z,2319,24,97.0,1461,2.0
2020-05-15T00:00:00.000Z,2418,24,99.0,1439,0.0
2020-05-16T00:00:00.000Z,2510,24,92.0,1371,0.0
2020-05-17T00:00:00.000Z,2605,25,95.0,1344,1.0
2020-05-18T00:00:00.000Z,2699,26,94.0,1376,1.0
2020-05-19T00:00:00.000Z,2792,26,93.0,1431,0.0
2020-05-20T00:00:00.000Z,2883,26,91.0,1343,0.0
2020-05-21T00:00:00.000Z,2974,26,91.0,1330,0.0
2020-05-22T00:00:00.000Z,3066,26,92.0,1302,0.0
2020-05-23T00:00:00.000Z,3155,27,89.0,1296,1.0
2020-05-24T00:00:00.000Z,3247,27,92.0,1347,0.0
2020-05-25T00:00:00.000Z,3337,28,90.0,1364,1.0
2020-05-26T00:00:00.000Z,3426,28,89.0,1345,0.0
2020-05-27T00:00:00.000Z,3506,29,80.0,1249,1.0
2020-05-28T00:00:00.000Z,3582,29,76.0,1189,0.0
2020-05-29T00:00:00.000Z,3662,31,80.0,1141,2.0
2020-05-30T00:00:00.000Z,3744,31,82.0,1108,0.0
2020-05-31T00:00:00.000Z,3824,32,80.0,1113,1.0
2020-06-01T00:00:00.000Z,3908,33,84.0,1160,1.0
2020-06-02T00:00:00.000Z,3987,36,79.0,1145,3.0
2020-06-03T00:00:00.000Z,4068,38,81.0,1151,2.0
2020-06-04T00:00:00.000Z,4148,40,80.0,1142,2.0
2020-06-05T00:00:00.000Z,4231,41,83.0,1122,1.0
2020-06-06T00:00:00.000Z,4312,42,81.0,1077,1.0
2020-06-07T00:00:00.000Z,4399,43,87.0,1110,1.0
2020-06-08T00:00:00.000Z,4485,44,86.0,1174,1.0
2020-06-09T00:00:00.000Z,4574,46,89.0,1191,2.0
2020-06-10T00:00:00.000Z,4655,47,81.0,1155,1.0
2020-06-11T00:00:00.000Z,4735,47,80.0,1181,0.0
2020-06-12T00:00:00.000Z,4815,49,80.0,1198,2.0
2020-06-13T00:00:00.000Z,4893,50,78.0,1251,1.0
2020-06-14T00:00:00.000Z,4970,52,77.0,1295,2.0
2020-06-15T00:00:00.000Z,5042,52,72.0,1317,0.0
2020-06-16T00:00:00.000Z,5112,53,70.0,1318,1.0
2020-06-17T00:00:00.000Z,5183,55,71.0,1299,2.0
2020-06-18T00:00:00.000Z,5252,57,69.0,1287,2.0
2020-06-19T00:00:00.000Z,5316,57,64.0,1275,0.0
2020-06-20T00:00:00.000Z,5376,60,60.0,1231,3.0
2020-06-21T00:00:00.000Z,5440,63,64.0,1259,3.0
2020-06-22T00:00:00.000Z,5501,65,61.0,1281,2.0
2020-06-23T00:00:00.000Z,5561,67,60.0,1284,2.0
2020-06-24T00:00:00.000Z,5624,69,63.0,1250,2.0
2020-06-25T00:00:00.000Z,5683,70,59.0,1280,1.0
2020-06-26T00:00:00.000Z,5743,71,60.0,1232,1.0
2020-06-27T00:00:00.000Z,5801,73,58.0,1237,2.0
2020-06-28T00:00:00.000Z,5860,74,59.0,1242,1.0
2020-06-29T00:00:00.000Z,5922,74,62.0,1286,0.0
2020-06-30T00:00:00.000Z,5982,76,60.0,1276,2.0
2020-07-01T00:00:00.000Z,6043,78,61.0,1250,2.0
2020-07-02T00:00:00.000Z,6102,79,59.0,1275,1.0
2020-07-03T00:00:00.000Z,6159,81,57.0,1248,2.0
2020-07-04T00:00:00.000Z,6218,81,59.0,1240,0.0
2020-07-05T00:00:00.000Z,6280,82,62.0,1266,1.0
2020-07-06T00:00:00.000Z,6340,82,60.0,1308,0.0
2020-07-07T00:00:00.000Z,6399,83,59.0,1201,1.0
2020-07-08T00:00:00.000Z,6460,83,61.0,1048,0.0
2020-07-09T00:00:00.000Z,6523,83,63.0,1011,0.0
2020-07-10T00:00:00.000Z,6589,83,66.0,1015,0.0
2020-07-11T00:00:00.000Z,6654,85,65.0,986,2.0
2020-07-12T00:00:00.000Z,6721,87,67.0,1037,2.0
2020-07-13T00:00:00.000Z,6785,88,64.0,1086,1.0
2020-07-14T00:00:00.000Z,6847,88,62.0,1091,0.0
2020-07-15T00:00:00.000Z,6912,89,65.0,1035,1.0
2020-07-16T00:00:00.000Z,6979,92,67.0,1044,3.0
2020-07-17T00:00:00.000Z,7045,93,66.0,1043,1.0
2020-07-18T00:00:00.000Z,7115,94,70.0,1037,1.0
2020-07-19T00:00:00.000Z,7190,96,75.0,1061,2.0
2020-07-20T00:00:00.000Z,7262,97,72.0,1108,1.0
2020-07-21T00:00:00.000Z,7340,98,78.0,1088,1.0
2020-07-22T00:00:00.000Z,7423,99,83.0,1046,1.0
2020-07-23T00:00:00.000Z,7508,100,85.0,1028,1.0
2020-07-24T00:00:00.000Z,7598,100,90.0,1035,0.0
2020-07-25T00:00:00.000Z,7690,102,92.0,1037,2.0
2020-07-26T00:00:00.000Z,7784,103,94.0,1083,1.0
2020-07-27T00:00:00.000Z,7880,104,96.0,1156,1.0
2020-07-28T00:00:00.000Z,7975,106,95.0,1164,2.0
2020-07-29T00:00:00.000Z,8072,108,97.0,1154,2.0
2020-07-30T00:00:00.000Z,8170,110,98.0,1170,2.0
2020-07-31T00:00:00.000Z,8266,113,96.0,1135,3.0
2020-08-01T00:00:00.000Z,8365,114,99.0,1100,1.0
2020-08-02T00:00:00.000Z,8472,116,107.0,1167,2.0
2020-08-03T00:00:00.000Z,8585,117,113.0,1232,1.0
2020-08-04T00:00:00.000Z,8704,119,119.0,1241,2.0
2020-08-05T00:00:00.000Z,8821,121,117.0,1254,2.0
2020-08-06T00:00:00.000Z,8946,123,125.0,1264,2.0
2020-08-07T00:00:00.000Z,9061,126,115.0,1285,3.0
2020-08-08T00:00:00.000Z,9173,128,112.0,1308,2.0
2020-08-09T00:00:00.000Z,9278,129,105.0,1224,1.0
2020-08-10T00:00:00.000Z,9375,131,97.0,1279,2.0
2020-08-11T00:00:00.000Z,9465,132,90.0,1307,1.0
2020-08-12T00:00:00.000Z,9552,134,87.0,1324,2.0
2020-08-13T00:00:00.000Z,9642,136,90.0,1373,2.0
2020-08-14T00:00:00.000Z,9730,138,88.0,1410,2.0
2020-08-15T00:00:00.000Z,9817,141,87.0,1419,3.0
2020-08-16T00:00:00.000Z,9903,143,86.0,1487,2.0
2020-08-17T00:00:00.000Z,9991,143,88.0,1555,0.0
2020-08-18T00:00:00.000Z,10075,145,84.0,1587,2.0
2020-08-19T00:00:00.000Z,10161,148,86.0,1605,3.0
2020-08-20T00:00:00.000Z,10245,151,84.0,1625,3.0
2020-08-21T00:00:00.000Z,10334,154,89.0,1671,3.0
2020-08-22T00:00:00.000Z,10422,157,88.0,1664,3.0
2020-08-23T00:00:00.000Z,10507,160,85.0,1656,3.0
2020-08-24T00:00:00.000Z,10595,163,88.0,1694,3.0
2020-08-25T00:00:00.000Z,10681,166,86.0,1715,3.0
2020-08-26T00:00:00.000Z,10771,169,90.0,1754,3.0
2020-08-27T00:00:00.000Z,10857,172,86.0,1772,3.0
2020-08-28T00:00:00.000Z,10941,174,84.0,1807,2.0
2020-08-29T00:00:00.000Z,11031,176,90.0,1823,2.0
2020-08-30T00:00:00.000Z,11121,177,90.0,1879,1.0
2020-08-31T00:00:00.000Z,11208,182,87.0,1938,5.0
2020-09-01T00:00:00.000Z,11294,185,86.0,1981,3.0
2020-09-02T00:00:00.000Z,11382,187,88.0,2005,2.0
2020-09-03T00:00:00.000Z,11472,187,90.0,2058,0.0
2020-09-04T00:00:00.000Z,11564,189,92.0,2080,2.0
2020-09-05T00:00:00.000Z,11654,191,90.0,2114,2.0
2020-09-06T00:00:00.000Z,11747,193,93.0,2177,2.0
2020-09-07T00:00:00.000Z,11838,194,91.0,2247,1.0
2020-09-08T00:00:00.000Z,11930,196,92.0,2271,2.0
2020-09-09T00:00:00.000Z,12020,202,90.0,2324,6.0
2020-09-10T00:00:00.000Z,12107,205,87.0,2364,3.0
2020-09-11T00:00:00.000Z,12195,209,88.0,2408,4.0
2020-09-12T00:00:00.000Z,12285,215,90.0,2446,6.0
2020-09-13T00:00:00.000Z,12377,220,92.0,2515,5.0
2020-09-14T00:00:00.000Z,12469,224,92.0,2575,4.0
2020-09-15T00:00:00.000Z,12563,228,94.0,2611,4.0
2020-09-16T00:00:00.000Z,12658,229,95.0,2641,1.0
2020-09-17T00:00:00.000Z,12751,231,93.0,2682,2.0
2020-09-18T00:00:00.000Z,12843,235,92.0,2723,4.0
2020-09-19T00:00:00.000Z,12937,241,94.0,2773,6.0
2020-09-20T00:00:00.000Z,13031,244,94.0,2845,3.0
2020-09-21T00:00:00.000Z,13123,246,92.0,2921,2.0
2020-09-22T00:00:00.000Z,13219,251,96.0,2972,5.0
2020-09-23T00:00:00.000Z,13313,256,94.0,3019,5.0
2020-09-24T00:00:00.000Z,13408,262,95.0,3078,6.0
2020-09-25T00:00:00.000Z,13501,265,93.0,3130,3.0
2020-09-26T00:00:00.000Z,13596,271,95.0,3190,6.0
2020-09-27T00:00:00.000Z,13694,272,98.0,3275,1.0
2020-09-28T00:00:00.000Z,13790,273,96.0,3347,1.0
2020-09-29T00:00:00.000Z,13888,277,98.0,3411,4.0
2020-09-30T00:00:00.000Z,13987,278,99.0,3468,1.0
2020-10-01T00:00:00.000Z,14083,282,96.0,3531,4.0
2020-10-02T00:00:00.000Z,14184,287,101.0,3594,5.0
2020-10-03T00:00:00.000Z,14290,289,106.0,3655,2.0
2020-10-04T00:00:00.000Z,14387,291,97.0,3735,2.0
2020-10-05T00:00:00.000Z,14482,293,95.0,3818,2.0
2020-10-06T00:00:00.000Z,14578,297,96.0,3882,4.0
2020-10-07T00:00:00.000Z,14676,301,98.0,3937,4.0
2020-10-08T00:00:00.000Z,14775,305,99.0,3998,4.0
2020-10-09T00:00:00.000Z,14877,309,102.0,4073,4.0
2020-10-10T00:00:00.000Z,14980,314,103.0,4128,5.0
2020-10-11T00:00:00.000Z,15085,318,105.0,4213,4.0
