date,total_cases,total_death,daily_cases,total_currently_infected,death_per_day
2020-03-15T00:00:00.000Z,2,0,2.0,2,0.0
2020-03-16T00:00:00.000Z,1,0,-1.0,1,0.0
2020-03-17T00:00:00.000Z,1,0,0.0,1,0.0
2020-03-18T00:00:00.000Z,1,0,0.0,1,0.0
2020-03-19T00:00:00.000Z,1,0,0.0,1,0.0
2020-03-20T00:00:00.000Z,1,0,0.0,1,0.0
2020-03-21T00:00:00.000Z,1,0,0.0,1,0.0
2020-03-22T00:00:00.000Z,1,0,0.0,1,0.0
2020-03-23T00:00:00.000Z,1,0,0.0,1,0.0
2020-03-24T00:00:00.000Z,3,0,2.0,3,0.0
2020-03-25T00:00:00.000Z,3,0,0.0,3,0.0
2020-03-26T00:00:00.000Z,3,0,0.0,3,0.0
2020-03-27T00:00:00.000Z,3,0,0.0,3,0.0
2020-03-28T00:00:00.000Z,7,0,4.0,7,0.0
2020-03-29T00:00:00.000Z,9,0,2.0,9,0.0
2020-03-30T00:00:00.000Z,11,0,2.0,11,0.0
2020-03-31T00:00:00.000Z,14,0,3.0,13,0.0
2020-04-01T00:00:00.000Z,20,0,6.0,19,0.0
2020-04-02T00:00:00.000Z,31,0,11.0,30,0.0
2020-04-03T00:00:00.000Z,41,0,10.0,40,0.0
2020-04-04T00:00:00.000Z,47,0,6.0,46,0.0
2020-04-05T00:00:00.000Z,57,0,10.0,56,0.0
2020-04-06T00:00:00.000Z,62,0,5.0,61,0.0
2020-04-07T00:00:00.000Z,62,0,0.0,59,0.0
2020-04-08T00:00:00.000Z,94,0,32.0,91,0.0
2020-04-09T00:00:00.000Z,112,0,18.0,109,0.0
2020-04-10T00:00:00.000Z,129,0,17.0,126,0.0
2020-04-11T00:00:00.000Z,134,0,5.0,131,0.0
2020-04-12T00:00:00.000Z,139,0,5.0,136,0.0
2020-04-13T00:00:00.000Z,155,0,16.0,152,0.0
2020-04-14T00:00:00.000Z,190,0,35.0,185,0.0
2020-04-15T00:00:00.000Z,298,0,108.0,293,0.0
2020-04-16T00:00:00.000Z,330,0,32.0,325,0.0
2020-04-17T00:00:00.000Z,354,0,24.0,345,0.0
2020-04-18T00:00:00.000Z,388,0,34.0,379,0.0
2020-04-19T00:00:00.000Z,417,0,29.0,408,0.0
2020-04-20T00:00:00.000Z,454,0,37.0,445,0.0
2020-04-21T00:00:00.000Z,496,0,42.0,487,0.0
2020-04-22T00:00:00.000Z,537,0,41.0,513,0.0
2020-04-23T00:00:00.000Z,576,0,39.0,540,0.0
2020-04-24T00:00:00.000Z,615,0,39.0,559,0.0
2020-04-25T00:00:00.000Z,658,0,43.0,602,0.0
2020-04-26T00:00:00.000Z,700,0,42.0,644,0.0
2020-04-27T00:00:00.000Z,743,0,43.0,663,0.0
2020-04-28T00:00:00.000Z,781,0,38.0,676,0.0
2020-04-29T00:00:00.000Z,834,1,53.0,719,1.0
2020-04-30T00:00:00.000Z,885,1,51.0,770,0.0
2020-05-01T00:00:00.000Z,929,3,44.0,803,2.0
2020-05-02T00:00:00.000Z,975,3,46.0,805,0.0
2020-05-03T00:00:00.000Z,1037,3,62.0,849,0.0
2020-05-04T00:00:00.000Z,1096,3,59.0,876,0.0
2020-05-05T00:00:00.000Z,1149,3,53.0,891,0.0
2020-05-06T00:00:00.000Z,1200,3,51.0,934,0.0
2020-05-07T00:00:00.000Z,1263,3,63.0,933,0.0
2020-05-08T00:00:00.000Z,1354,4,91.0,988,1.0
2020-05-09T00:00:00.000Z,1433,6,79.0,1040,2.0
2020-05-10T00:00:00.000Z,1500,6,67.0,1077,0.0
2020-05-11T00:00:00.000Z,1566,6,66.0,1116,0.0
2020-05-12T00:00:00.000Z,1640,6,74.0,1174,0.0
2020-05-13T00:00:00.000Z,1706,6,66.0,1204,0.0
2020-05-14T00:00:00.000Z,1775,6,69.0,1217,0.0
2020-05-15T00:00:00.000Z,1841,7,66.0,1248,1.0
2020-05-16T00:00:00.000Z,1913,8,72.0,1272,1.0
2020-05-17T00:00:00.000Z,1982,8,69.0,1329,0.0
2020-05-18T00:00:00.000Z,2052,8,70.0,1355,0.0
2020-05-19T00:00:00.000Z,2133,8,81.0,1405,0.0
2020-05-20T00:00:00.000Z,2208,8,75.0,1405,0.0
2020-05-21T00:00:00.000Z,2269,8,61.0,1424,0.0
2020-05-22T00:00:00.000Z,2323,8,54.0,1425,0.0
2020-05-23T00:00:00.000Z,2380,8,57.0,1407,0.0
2020-05-24T00:00:00.000Z,2437,8,57.0,1426,0.0
2020-05-25T00:00:00.000Z,2495,9,58.0,1469,1.0
2020-05-26T00:00:00.000Z,2553,11,58.0,1438,2.0
2020-05-27T00:00:00.000Z,2609,11,56.0,1423,0.0
2020-05-28T00:00:00.000Z,2660,11,51.0,1366,0.0
2020-05-29T00:00:00.000Z,2713,11,53.0,1311,0.0
2020-05-30T00:00:00.000Z,2768,11,55.0,1255,0.0
2020-05-31T00:00:00.000Z,2822,11,54.0,1261,0.0
2020-06-01T00:00:00.000Z,2875,11,53.0,1285,0.0
2020-06-02T00:00:00.000Z,2928,15,53.0,1254,4.0
2020-06-03T00:00:00.000Z,2982,15,54.0,1231,0.0
2020-06-04T00:00:00.000Z,3034,15,52.0,1205,0.0
2020-06-05T00:00:00.000Z,3086,17,52.0,1075,2.0
2020-06-06T00:00:00.000Z,3137,18,51.0,998,1.0
2020-06-07T00:00:00.000Z,3188,18,51.0,1034,0.0
2020-06-08T00:00:00.000Z,3238,18,50.0,1017,0.0
2020-06-09T00:00:00.000Z,3287,19,49.0,966,1.0
2020-06-10T00:00:00.000Z,3342,23,55.0,908,4.0
2020-06-11T00:00:00.000Z,3396,23,54.0,868,0.0
2020-06-12T00:00:00.000Z,3448,23,52.0,870,0.0
2020-06-13T00:00:00.000Z,3501,23,53.0,873,0.0
2020-06-14T00:00:00.000Z,3553,23,52.0,887,0.0
2020-06-15T00:00:00.000Z,3626,23,73.0,921,0.0
2020-06-16T00:00:00.000Z,3696,24,70.0,900,1.0
2020-06-17T00:00:00.000Z,3751,25,55.0,852,1.0
2020-06-18T00:00:00.000Z,3805,25,54.0,665,0.0
2020-06-19T00:00:00.000Z,3858,25,53.0,297,0.0
2020-06-20T00:00:00.000Z,3912,25,54.0,187,0.0
2020-06-21T00:00:00.000Z,3964,27,52.0,194,2.0
2020-06-22T00:00:00.000Z,4016,27,52.0,226,0.0
2020-06-23T00:00:00.000Z,4067,27,51.0,135,0.0
2020-06-24T00:00:00.000Z,4119,27,52.0,69,0.0
2020-06-25T00:00:00.000Z,4170,27,51.0,65,0.0
2020-06-26T00:00:00.000Z,4220,27,50.0,95,0.0
2020-06-27T00:00:00.000Z,4271,28,51.0,128,1.0
2020-06-28T00:00:00.000Z,4321,30,50.0,168,2.0
2020-06-29T00:00:00.000Z,4370,30,49.0,216,0.0
2020-06-30T00:00:00.000Z,4420,32,50.0,251,2.0
2020-07-01T00:00:00.000Z,4473,32,53.0,294,0.0
2020-07-02T00:00:00.000Z,4530,32,57.0,345,0.0
2020-07-03T00:00:00.000Z,4584,34,54.0,394,2.0
2020-07-04T00:00:00.000Z,4635,34,51.0,438,0.0
2020-07-05T00:00:00.000Z,4688,34,53.0,486,0.0
2020-07-06T00:00:00.000Z,4740,34,52.0,538,0.0
2020-07-07T00:00:00.000Z,4792,34,52.0,581,0.0
2020-07-08T00:00:00.000Z,4842,35,50.0,623,1.0
2020-07-09T00:00:00.000Z,4892,36,50.0,666,1.0
2020-07-10T00:00:00.000Z,4942,36,50.0,708,0.0
2020-07-11T00:00:00.000Z,4989,37,47.0,745,1.0
2020-07-12T00:00:00.000Z,5037,37,48.0,783,0.0
2020-07-13T00:00:00.000Z,5084,39,47.0,823,2.0
2020-07-14T00:00:00.000Z,5130,40,46.0,856,1.0
2020-07-15T00:00:00.000Z,5177,42,47.0,888,2.0
2020-07-16T00:00:00.000Z,5224,42,47.0,918,0.0
2020-07-17T00:00:00.000Z,5269,46,45.0,940,4.0
2020-07-18T00:00:00.000Z,5315,46,46.0,968,0.0
2020-07-19T00:00:00.000Z,5360,46,45.0,1005,0.0
2020-07-20T00:00:00.000Z,5405,46,45.0,1050,0.0
2020-07-21T00:00:00.000Z,5449,47,44.0,1078,1.0
2020-07-22T00:00:00.000Z,5493,48,44.0,1103,1.0
2020-07-23T00:00:00.000Z,5538,50,45.0,1126,2.0
2020-07-24T00:00:00.000Z,5583,50,45.0,1146,0.0
2020-07-25T00:00:00.000Z,5626,56,43.0,1175,6.0
2020-07-26T00:00:00.000Z,5669,56,43.0,1218,0.0
2020-07-27T00:00:00.000Z,5710,56,41.0,1259,0.0
2020-07-28T00:00:00.000Z,5757,56,47.0,1288,0.0
2020-07-29T00:00:00.000Z,5797,56,40.0,1302,0.0
2020-07-30T00:00:00.000Z,5837,56,40.0,1324,0.0
2020-07-31T00:00:00.000Z,5876,56,39.0,1347,0.0
2020-08-01T00:00:00.000Z,5916,56,40.0,1373,0.0
2020-08-02T00:00:00.000Z,5955,56,39.0,1412,0.0
2020-08-03T00:00:00.000Z,5990,56,35.0,1447,0.0
2020-08-04T00:00:00.000Z,6022,56,32.0,1467,0.0
2020-08-05T00:00:00.000Z,6055,56,33.0,1494,0.0
2020-08-06T00:00:00.000Z,6086,56,31.0,1509,0.0
2020-08-07T00:00:00.000Z,6116,56,30.0,1525,0.0
2020-08-08T00:00:00.000Z,6147,61,31.0,1538,5.0
2020-08-09T00:00:00.000Z,6177,61,30.0,1555,0.0
2020-08-10T00:00:00.000Z,6205,61,28.0,1583,0.0
2020-08-11T00:00:00.000Z,6234,62,29.0,1584,1.0
2020-08-12T00:00:00.000Z,6262,62,28.0,1590,0.0
2020-08-13T00:00:00.000Z,6291,66,29.0,1603,4.0
2020-08-14T00:00:00.000Z,6318,66,27.0,1610,0.0
2020-08-15T00:00:00.000Z,6345,66,27.0,1614,0.0
2020-08-16T00:00:00.000Z,6373,66,28.0,1642,0.0
2020-08-17T00:00:00.000Z,6401,68,28.0,1670,2.0
2020-08-18T00:00:00.000Z,6427,70,26.0,1671,2.0
2020-08-19T00:00:00.000Z,6455,70,28.0,1683,0.0
2020-08-20T00:00:00.000Z,6484,70,29.0,1697,0.0
2020-08-21T00:00:00.000Z,6513,70,29.0,1699,0.0
2020-08-22T00:00:00.000Z,6541,74,28.0,1701,4.0
2020-08-23T00:00:00.000Z,6569,74,28.0,1729,0.0
2020-08-24T00:00:00.000Z,6596,74,27.0,1756,0.0
2020-08-25T00:00:00.000Z,6626,74,30.0,1765,0.0
2020-08-26T00:00:00.000Z,6656,74,30.0,1767,0.0
2020-08-27T00:00:00.000Z,6685,79,29.0,1769,5.0
2020-08-28T00:00:00.000Z,6716,79,31.0,1770,0.0
2020-08-29T00:00:00.000Z,6747,79,31.0,1772,0.0
2020-08-30T00:00:00.000Z,6779,79,32.0,1804,0.0
2020-08-31T00:00:00.000Z,6811,79,32.0,1836,0.0
2020-09-01T00:00:00.000Z,6842,79,31.0,1839,0.0
2020-09-02T00:00:00.000Z,6877,80,35.0,1849,1.0
2020-09-03T00:00:00.000Z,6911,80,34.0,1852,0.0
2020-09-04T00:00:00.000Z,6944,82,33.0,1857,2.0
2020-09-05T00:00:00.000Z,6978,82,34.0,1867,0.0
2020-09-06T00:00:00.000Z,7013,83,35.0,1902,1.0
2020-09-07T00:00:00.000Z,7049,83,36.0,1938,0.0
2020-09-08T00:00:00.000Z,7086,85,37.0,1969,2.0
2020-09-09T00:00:00.000Z,7121,86,35.0,1972,1.0
2020-09-10T00:00:00.000Z,7156,86,35.0,1979,0.0
2020-09-11T00:00:00.000Z,7192,86,36.0,1989,0.0
2020-09-12T00:00:00.000Z,7228,86,36.0,2000,0.0
2020-09-13T00:00:00.000Z,7265,86,37.0,2037,0.0
2020-09-14T00:00:00.000Z,7301,87,36.0,2073,1.0
2020-09-15T00:00:00.000Z,7339,90,38.0,2086,3.0
2020-09-16T00:00:00.000Z,7378,91,39.0,2096,1.0
2020-09-17T00:00:00.000Z,7424,91,46.0,2115,0.0
2020-09-18T00:00:00.000Z,7468,91,44.0,2134,0.0
2020-09-19T00:00:00.000Z,7519,91,51.0,2161,0.0
2020-09-20T00:00:00.000Z,7569,91,50.0,2211,0.0
2020-09-21T00:00:00.000Z,7621,91,52.0,2263,0.0
2020-09-22T00:00:00.000Z,7677,95,56.0,2297,4.0
2020-09-23T00:00:00.000Z,7732,96,55.0,2324,1.0
2020-09-24T00:00:00.000Z,7789,98,57.0,2354,2.0
2020-09-25T00:00:00.000Z,7849,98,60.0,2386,0.0
2020-09-26T00:00:00.000Z,7908,98,59.0,2420,0.0
2020-09-27T00:00:00.000Z,7970,98,62.0,2482,0.0
2020-09-28T00:00:00.000Z,8033,98,63.0,2538,0.0
2020-09-29T00:00:00.000Z,8100,98,67.0,2576,0.0
2020-09-30T00:00:00.000Z,8174,98,74.0,2623,0.0
2020-10-01T00:00:00.000Z,8249,98,75.0,2672,0.0
2020-10-02T00:00:00.000Z,8326,98,77.0,2722,0.0
2020-10-03T00:00:00.000Z,8405,100,79.0,2774,2.0
2020-10-04T00:00:00.000Z,8483,100,78.0,2852,0.0
2020-10-05T00:00:00.000Z,8565,100,82.0,2925,0.0
2020-10-06T00:00:00.000Z,8652,100,87.0,2984,0.0
2020-10-07T00:00:00.000Z,8744,100,92.0,3048,0.0
2020-10-08T00:00:00.000Z,8835,100,91.0,3109,0.0
2020-10-09T00:00:00.000Z,8932,100,97.0,3177,0.0
2020-10-10T00:00:00.000Z,9028,100,96.0,3245,0.0
2020-10-11T00:00:00.000Z,9145,100,117.0,3361,0.0
