date,total_cases,total_death,daily_cases,total_currently_infected,death_per_day
2020-03-15T00:00:00.000Z,5,0,5.0,5,0.0
2020-03-16T00:00:00.000Z,8,0,3.0,8,0.0
2020-03-17T00:00:00.000Z,12,0,4.0,12,0.0
2020-03-18T00:00:00.000Z,12,0,0.0,12,0.0
2020-03-19T00:00:00.000Z,17,0,5.0,17,0.0
2020-03-20T00:00:00.000Z,18,0,1.0,18,0.0
2020-03-21T00:00:00.000Z,35,0,17.0,34,0.0
2020-03-22T00:00:00.000Z,35,0,0.0,34,0.0
2020-03-23T00:00:00.000Z,35,0,0.0,33,0.0
2020-03-24T00:00:00.000Z,35,0,0.0,33,0.0
2020-03-25T00:00:00.000Z,41,0,6.0,34,0.0
2020-03-26T00:00:00.000Z,41,0,0.0,34,0.0
2020-03-27T00:00:00.000Z,49,0,8.0,41,0.0
2020-03-28T00:00:00.000Z,85,0,36.0,77,0.0
2020-03-29T00:00:00.000Z,112,0,27.0,102,0.0
2020-03-30T00:00:00.000Z,119,1,7.0,105,1.0
2020-03-31T00:00:00.000Z,119,1,0.0,102,0.0
2020-04-01T00:00:00.000Z,134,2,15.0,117,1.0
2020-04-02T00:00:00.000Z,177,2,43.0,160,0.0
2020-04-03T00:00:00.000Z,211,2,34.0,194,0.0
2020-04-04T00:00:00.000Z,260,2,49.0,230,0.0
2020-04-05T00:00:00.000Z,305,3,45.0,266,1.0
2020-04-06T00:00:00.000Z,387,3,82.0,348,0.0
2020-04-07T00:00:00.000Z,454,8,67.0,407,5.0
2020-04-08T00:00:00.000Z,549,10,95.0,499,2.0
2020-04-09T00:00:00.000Z,748,13,199.0,696,3.0
2020-04-10T00:00:00.000Z,930,13,182.0,864,0.0
2020-04-11T00:00:00.000Z,1082,14,152.0,1013,1.0
2020-04-12T00:00:00.000Z,1360,18,278.0,1285,4.0
2020-04-13T00:00:00.000Z,1855,19,495.0,1780,1.0
2020-04-14T00:00:00.000Z,2315,24,460.0,2240,5.0
2020-04-15T00:00:00.000Z,2587,26,272.0,2512,2.0
2020-04-16T00:00:00.000Z,3054,33,467.0,2963,7.0
2020-04-17T00:00:00.000Z,3526,40,472.0,3421,7.0
2020-04-18T00:00:00.000Z,3954,40,428.0,3828,0.0
2020-04-19T00:00:00.000Z,4663,49,709.0,4501,9.0
2020-04-20T00:00:00.000Z,5241,49,578.0,5065,0.0
2020-04-21T00:00:00.000Z,5959,49,718.0,5780,0.0
2020-04-22T00:00:00.000Z,6590,56,631.0,6404,7.0
2020-04-23T00:00:00.000Z,7278,56,688.0,7092,0.0
2020-04-24T00:00:00.000Z,7889,66,611.0,7654,10.0
2020-04-25T00:00:00.000Z,8494,69,605.0,8232,3.0
2020-04-26T00:00:00.000Z,9070,71,576.0,8798,2.0
2020-04-27T00:00:00.000Z,9708,71,638.0,9422,0.0
2020-04-28T00:00:00.000Z,10231,74,523.0,9920,3.0
2020-04-29T00:00:00.000Z,10917,90,686.0,10528,16.0
2020-04-30T00:00:00.000Z,11710,93,793.0,11280,3.0
2020-05-01T00:00:00.000Z,12507,109,797.0,12049,16.0
2020-05-02T00:00:00.000Z,13314,109,807.0,12811,0.0
2020-05-03T00:00:00.000Z,14136,111,822.0,13629,2.0
2020-05-04T00:00:00.000Z,14939,111,803.0,14413,0.0
2020-05-05T00:00:00.000Z,15761,127,822.0,15185,16.0
2020-05-06T00:00:00.000Z,16590,141,829.0,15979,14.0
2020-05-07T00:00:00.000Z,17432,156,842.0,16663,15.0
2020-05-08T00:00:00.000Z,18350,175,918.0,17537,19.0
2020-05-09T00:00:00.000Z,19425,186,1075.0,18395,11.0
2020-05-10T00:00:00.000Z,20558,195,1133.0,19322,9.0
2020-05-11T00:00:00.000Z,21637,209,1079.0,20248,14.0
2020-05-12T00:00:00.000Z,22700,219,1063.0,21118,10.0
2020-05-13T00:00:00.000Z,23662,226,962.0,21917,7.0
2020-05-14T00:00:00.000Z,24580,240,918.0,22593,14.0
2020-05-15T00:00:00.000Z,25525,253,945.0,23057,13.0
2020-05-16T00:00:00.000Z,26462,262,937.0,23738,9.0
2020-05-17T00:00:00.000Z,27369,268,907.0,24281,6.0
2020-05-18T00:00:00.000Z,28290,268,921.0,24929,0.0
2020-05-19T00:00:00.000Z,29188,271,898.0,25574,3.0
2020-05-20T00:00:00.000Z,30091,285,903.0,26194,14.0
2020-05-21T00:00:00.000Z,30983,299,892.0,26702,14.0
2020-05-22T00:00:00.000Z,31807,312,824.0,27108,13.0
2020-05-23T00:00:00.000Z,32653,324,846.0,27490,12.0
2020-05-24T00:00:00.000Z,33515,329,862.0,27995,5.0
2020-05-25T00:00:00.000Z,34346,340,831.0,28438,11.0
2020-05-26T00:00:00.000Z,35163,349,817.0,29011,9.0
2020-05-27T00:00:00.000Z,35956,359,793.0,29516,10.0
2020-05-28T00:00:00.000Z,36730,380,774.0,29887,21.0
2020-05-29T00:00:00.000Z,37503,400,773.0,30170,20.0
2020-05-30T00:00:00.000Z,38238,424,735.0,30518,24.0
2020-05-31T00:00:00.000Z,38995,449,757.0,30904,25.0
2020-06-01T00:00:00.000Z,39723,473,728.0,31301,24.0
2020-06-02T00:00:00.000Z,40455,495,732.0,31646,22.0
2020-06-03T00:00:00.000Z,41191,515,736.0,31880,20.0
2020-06-04T00:00:00.000Z,41958,534,767.0,32081,19.0
2020-06-05T00:00:00.000Z,42720,539,762.0,32328,5.0
2020-06-06T00:00:00.000Z,43478,557,758.0,32554,18.0
2020-06-07T00:00:00.000Z,44232,567,754.0,32770,10.0
2020-06-08T00:00:00.000Z,44983,578,751.0,32952,11.0
2020-06-09T00:00:00.000Z,45722,590,739.0,33050,12.0
2020-06-10T00:00:00.000Z,46457,622,735.0,33038,32.0
2020-06-11T00:00:00.000Z,47181,644,724.0,32994,22.0
2020-06-12T00:00:00.000Z,47911,666,730.0,32956,22.0
2020-06-13T00:00:00.000Z,48636,678,725.0,32902,12.0
2020-06-14T00:00:00.000Z,49353,678,717.0,32780,0.0
2020-06-15T00:00:00.000Z,50042,690,689.0,32620,12.0
2020-06-16T00:00:00.000Z,50736,702,694.0,32396,12.0
2020-06-17T00:00:00.000Z,51416,728,680.0,32097,26.0
2020-06-18T00:00:00.000Z,52083,751,667.0,31728,23.0
2020-06-19T00:00:00.000Z,52729,755,646.0,31281,4.0
2020-06-20T00:00:00.000Z,53320,778,591.0,30724,23.0
2020-06-21T00:00:00.000Z,53869,783,549.0,30071,5.0
2020-06-22T00:00:00.000Z,54375,783,506.0,29339,0.0
2020-06-23T00:00:00.000Z,54879,798,504.0,28681,15.0
2020-06-24T00:00:00.000Z,55386,822,507.0,27798,24.0
2020-06-25T00:00:00.000Z,55853,832,467.0,26851,10.0
2020-06-26T00:00:00.000Z,56243,846,390.0,25752,14.0
2020-06-27T00:00:00.000Z,56609,858,366.0,24697,12.0
2020-06-28T00:00:00.000Z,56934,864,325.0,23703,6.0
2020-06-29T00:00:00.000Z,57269,875,335.0,22947,11.0
2020-06-30T00:00:00.000Z,57570,887,301.0,22330,12.0
2020-07-01T00:00:00.000Z,57876,911,306.0,21824,24.0
2020-07-02T00:00:00.000Z,58193,921,317.0,21391,10.0
2020-07-03T00:00:00.000Z,58491,928,298.0,21093,7.0
2020-07-04T00:00:00.000Z,58766,936,275.0,20910,8.0
2020-07-05T00:00:00.000Z,59053,947,287.0,20705,11.0
2020-07-06T00:00:00.000Z,59345,947,292.0,20591,0.0
2020-07-07T00:00:00.000Z,59522,965,177.0,20331,18.0
2020-07-08T00:00:00.000Z,59716,970,194.0,20166,5.0
2020-07-09T00:00:00.000Z,59908,979,192.0,19986,9.0
2020-07-10T00:00:00.000Z,60107,992,199.0,19808,13.0
2020-07-11T00:00:00.000Z,60295,996,188.0,19670,4.0
2020-07-12T00:00:00.000Z,60492,1002,197.0,19545,6.0
2020-07-13T00:00:00.000Z,60688,1009,196.0,19409,7.0
2020-07-14T00:00:00.000Z,60886,1015,198.0,19229,6.0
2020-07-15T00:00:00.000Z,61059,1022,173.0,19046,7.0
2020-07-16T00:00:00.000Z,61233,1033,174.0,18861,11.0
2020-07-17T00:00:00.000Z,61399,1043,166.0,18678,10.0
2020-07-18T00:00:00.000Z,61572,1048,173.0,18524,5.0
2020-07-19T00:00:00.000Z,61743,1058,171.0,18376,10.0
2020-07-20T00:00:00.000Z,61896,1061,153.0,18311,3.0
2020-07-21T00:00:00.000Z,62045,1067,149.0,18126,6.0
2020-07-22T00:00:00.000Z,62173,1072,128.0,18011,5.0
2020-07-23T00:00:00.000Z,62318,1075,145.0,17907,3.0
2020-07-24T00:00:00.000Z,62461,1085,143.0,17722,10.0
2020-07-25T00:00:00.000Z,62609,1089,148.0,17605,4.0
2020-07-26T00:00:00.000Z,62753,1089,144.0,17522,0.0
2020-07-27T00:00:00.000Z,62892,1098,139.0,17357,9.0
2020-07-28T00:00:00.000Z,63018,1100,126.0,17231,2.0
2020-07-29T00:00:00.000Z,63155,1102,137.0,17107,2.0
2020-07-30T00:00:00.000Z,63299,1105,144.0,16934,3.0
2020-07-31T00:00:00.000Z,63449,1106,150.0,16796,1.0
2020-08-01T00:00:00.000Z,63598,1109,149.0,16772,3.0
2020-08-02T00:00:00.000Z,63755,1113,157.0,16728,4.0
2020-08-03T00:00:00.000Z,63915,1114,160.0,16691,1.0
2020-08-04T00:00:00.000Z,64076,1117,161.0,16645,3.0
2020-08-05T00:00:00.000Z,64238,1119,162.0,16616,2.0
2020-08-06T00:00:00.000Z,64397,1120,159.0,16586,1.0
2020-08-07T00:00:00.000Z,64555,1120,158.0,16550,0.0
2020-08-08T00:00:00.000Z,64716,1122,161.0,16520,2.0
2020-08-09T00:00:00.000Z,64865,1123,149.0,16493,1.0
2020-08-10T00:00:00.000Z,65018,1124,153.0,16477,1.0
2020-08-11T00:00:00.000Z,65172,1127,154.0,16471,3.0
2020-08-12T00:00:00.000Z,65324,1132,152.0,16408,5.0
2020-08-13T00:00:00.000Z,65472,1136,148.0,16406,4.0
2020-08-14T00:00:00.000Z,65628,1139,156.0,16403,3.0
2020-08-15T00:00:00.000Z,65781,1141,153.0,16400,2.0
2020-08-16T00:00:00.000Z,65935,1144,154.0,16416,3.0
2020-08-17T00:00:00.000Z,66088,1146,153.0,16421,2.0
2020-08-18T00:00:00.000Z,66233,1151,145.0,16448,5.0
2020-08-19T00:00:00.000Z,66384,1155,151.0,16464,4.0
2020-08-20T00:00:00.000Z,66541,1157,157.0,16481,2.0
2020-08-21T00:00:00.000Z,66692,1160,151.0,16498,3.0
2020-08-22T00:00:00.000Z,66853,1161,161.0,16505,1.0
2020-08-23T00:00:00.000Z,67017,1166,164.0,16550,5.0
2020-08-24T00:00:00.000Z,67165,1169,148.0,16568,3.0
2020-08-25T00:00:00.000Z,67308,1171,143.0,16570,2.0
2020-08-26T00:00:00.000Z,67451,1174,143.0,16562,3.0
2020-08-27T00:00:00.000Z,67599,1174,148.0,16564,0.0
2020-08-28T00:00:00.000Z,67749,1178,150.0,16583,4.0
2020-08-29T00:00:00.000Z,67912,1182,163.0,16598,4.0
2020-08-30T00:00:00.000Z,68077,1185,165.0,16657,3.0
2020-08-31T00:00:00.000Z,68223,1187,146.0,16700,2.0
2020-09-01T00:00:00.000Z,68379,1193,156.0,16647,6.0
2020-09-02T00:00:00.000Z,68537,1198,158.0,16697,5.0
2020-09-03T00:00:00.000Z,68700,1204,163.0,16649,6.0
2020-09-04T00:00:00.000Z,68864,1209,164.0,16688,5.0
2020-09-05T00:00:00.000Z,69032,1213,168.0,16719,4.0
2020-09-06T00:00:00.000Z,69199,1216,167.0,16761,3.0
2020-09-07T00:00:00.000Z,69365,1218,166.0,16808,2.0
2020-09-08T00:00:00.000Z,69500,1223,135.0,16811,5.0
2020-09-09T00:00:00.000Z,69664,1226,164.0,16833,3.0
2020-09-10T00:00:00.000Z,69833,1232,169.0,16880,6.0
2020-09-11T00:00:00.000Z,70008,1237,175.0,16918,5.0
2020-09-12T00:00:00.000Z,70178,1241,170.0,16937,4.0
2020-09-13T00:00:00.000Z,70344,1244,166.0,16945,3.0
2020-09-14T00:00:00.000Z,70507,1249,163.0,16953,5.0
2020-09-15T00:00:00.000Z,70658,1255,151.0,16927,6.0
2020-09-16T00:00:00.000Z,70831,1261,173.0,16961,6.0
2020-09-17T00:00:00.000Z,71008,1267,177.0,16968,6.0
2020-09-18T00:00:00.000Z,71173,1272,165.0,16978,5.0
2020-09-19T00:00:00.000Z,71348,1278,175.0,16993,6.0
2020-09-20T00:00:00.000Z,71536,1281,188.0,17005,3.0
2020-09-21T00:00:00.000Z,71729,1285,193.0,17029,4.0
2020-09-22T00:00:00.000Z,71901,1292,172.0,17036,7.0
2020-09-23T00:00:00.000Z,72116,1298,215.0,17080,6.0
2020-09-24T00:00:00.000Z,72321,1304,205.0,17116,6.0
2020-09-25T00:00:00.000Z,72529,1311,208.0,17144,7.0
2020-09-26T00:00:00.000Z,72733,1315,204.0,17188,4.0
2020-09-27T00:00:00.000Z,72959,1319,226.0,17228,4.0
2020-09-28T00:00:00.000Z,73171,1324,212.0,17288,5.0
2020-09-29T00:00:00.000Z,73380,1331,209.0,17303,7.0
2020-09-30T00:00:00.000Z,73602,1338,222.0,17350,7.0
2020-10-01T00:00:00.000Z,73832,1344,230.0,17409,6.0
2020-10-02T00:00:00.000Z,74076,1351,244.0,17466,7.0
2020-10-03T00:00:00.000Z,74335,1358,259.0,17540,7.0
2020-10-04T00:00:00.000Z,74631,1364,296.0,17655,6.0
2020-10-05T00:00:00.000Z,74970,1369,339.0,17804,5.0
2020-10-06T00:00:00.000Z,75317,1376,347.0,17950,7.0
2020-10-07T00:00:00.000Z,75712,1384,395.0,18136,8.0
2020-10-08T00:00:00.000Z,76145,1390,433.0,18334,6.0
2020-10-09T00:00:00.000Z,76556,1397,411.0,18520,7.0
2020-10-10T00:00:00.000Z,76972,1406,416.0,18686,9.0
2020-10-11T00:00:00.000Z,77391,1412,419.0,18861,6.0
