date,total_cases,total_death,daily_cases,total_currently_infected,death_per_day
2020-03-24T00:00:00.000Z,2,0,2.0,2,0.0
2020-03-25T00:00:00.000Z,2,0,0.0,2,0.0
2020-03-26T00:00:00.000Z,2,0,0.0,2,0.0
2020-03-27T00:00:00.000Z,3,0,1.0,3,0.0
2020-03-28T00:00:00.000Z,3,0,0.0,3,0.0
2020-03-29T00:00:00.000Z,3,0,0.0,3,0.0
2020-03-30T00:00:00.000Z,3,0,0.0,3,0.0
2020-03-31T00:00:00.000Z,3,0,0.0,3,0.0
2020-04-01T00:00:00.000Z,3,0,0.0,3,0.0
2020-04-02T00:00:00.000Z,3,0,0.0,3,0.0
2020-04-03T00:00:00.000Z,3,0,0.0,3,0.0
2020-04-04T00:00:00.000Z,6,0,3.0,6,0.0
2020-04-05T00:00:00.000Z,6,0,0.0,6,0.0
2020-04-06T00:00:00.000Z,7,0,1.0,7,0.0
2020-04-07T00:00:00.000Z,12,0,5.0,9,0.0
2020-04-08T00:00:00.000Z,12,0,0.0,9,0.0
2020-04-09T00:00:00.000Z,17,0,5.0,14,0.0
2020-04-10T00:00:00.000Z,24,0,7.0,21,0.0
2020-04-11T00:00:00.000Z,29,0,5.0,26,0.0
2020-04-12T00:00:00.000Z,29,0,0.0,26,0.0
2020-04-13T00:00:00.000Z,34,0,5.0,31,0.0
2020-04-14T00:00:00.000Z,41,0,7.0,38,0.0
2020-04-15T00:00:00.000Z,41,0,0.0,38,0.0
2020-04-16T00:00:00.000Z,73,0,32.0,66,0.0
2020-04-17T00:00:00.000Z,85,0,12.0,78,0.0
2020-04-18T00:00:00.000Z,119,1,34.0,112,1.0
2020-04-19T00:00:00.000Z,132,1,13.0,122,0.0
2020-04-20T00:00:00.000Z,175,1,43.0,165,0.0
2020-04-21T00:00:00.000Z,198,1,23.0,188,0.0
2020-04-22T00:00:00.000Z,238,2,40.0,228,1.0
2020-04-23T00:00:00.000Z,249,2,11.0,239,0.0
2020-04-24T00:00:00.000Z,296,2,47.0,286,0.0
2020-04-25T00:00:00.000Z,321,2,25.0,311,0.0
2020-04-26T00:00:00.000Z,363,2,42.0,331,0.0
2020-04-27T00:00:00.000Z,407,2,44.0,375,0.0
2020-04-28T00:00:00.000Z,460,2,53.0,422,0.0
2020-04-29T00:00:00.000Z,498,3,38.0,439,1.0
2020-04-30T00:00:00.000Z,525,5,27.0,458,2.0
2020-05-01T00:00:00.000Z,562,5,37.0,480,0.0
2020-05-02T00:00:00.000Z,594,6,32.0,506,1.0
2020-05-03T00:00:00.000Z,662,7,68.0,551,1.0
2020-05-04T00:00:00.000Z,681,7,19.0,558,0.0
2020-05-05T00:00:00.000Z,756,7,75.0,621,0.0
2020-05-06T00:00:00.000Z,813,7,57.0,674,0.0
2020-05-07T00:00:00.000Z,865,7,52.0,672,0.0
2020-05-08T00:00:00.000Z,923,7,58.0,712,0.0
2020-05-09T00:00:00.000Z,973,7,50.0,729,0.0
2020-05-10T00:00:00.000Z,1023,9,50.0,774,2.0
2020-05-11T00:00:00.000Z,1087,9,64.0,830,0.0
2020-05-12T00:00:00.000Z,1148,10,61.0,886,1.0
2020-05-13T00:00:00.000Z,1207,10,59.0,913,0.0
2020-05-14T00:00:00.000Z,1264,10,57.0,937,0.0
2020-05-15T00:00:00.000Z,1329,10,65.0,967,0.0
2020-05-16T00:00:00.000Z,1381,10,52.0,969,0.0
2020-05-17T00:00:00.000Z,1449,10,68.0,1023,0.0
2020-05-18T00:00:00.000Z,1517,10,68.0,1087,0.0
2020-05-19T00:00:00.000Z,1549,10,32.0,1025,0.0
2020-05-20T00:00:00.000Z,1598,10,49.0,1022,0.0
2020-05-21T00:00:00.000Z,1647,10,49.0,993,0.0
2020-05-22T00:00:00.000Z,1679,10,32.0,962,0.0
2020-05-23T00:00:00.000Z,1740,10,61.0,936,0.0
2020-05-24T00:00:00.000Z,1808,12,68.0,967,2.0
2020-05-25T00:00:00.000Z,1867,12,59.0,1022,0.0
2020-05-26T00:00:00.000Z,1942,16,75.0,989,4.0
2020-05-27T00:00:00.000Z,2023,16,81.0,1024,0.0
2020-05-28T00:00:00.000Z,2082,18,59.0,1036,2.0
2020-05-29T00:00:00.000Z,2147,24,65.0,1053,6.0
2020-05-30T00:00:00.000Z,2225,24,78.0,1088,0.0
2020-05-31T00:00:00.000Z,2300,25,75.0,1148,1.0
2020-06-01T00:00:00.000Z,2341,25,41.0,1185,0.0
2020-06-02T00:00:00.000Z,2372,26,31.0,1141,1.0
2020-06-03T00:00:00.000Z,2443,27,71.0,1169,1.0
2020-06-04T00:00:00.000Z,2528,28,85.0,1165,1.0
2020-06-05T00:00:00.000Z,2649,31,121.0,1240,3.0
2020-06-06T00:00:00.000Z,2760,32,111.0,1298,1.0
2020-06-07T00:00:00.000Z,2870,32,110.0,1406,0.0
2020-06-08T00:00:00.000Z,2967,32,97.0,1493,0.0
2020-06-09T00:00:00.000Z,3092,32,125.0,1549,0.0
2020-06-10T00:00:00.000Z,3181,35,89.0,1613,3.0
2020-06-11T00:00:00.000Z,3283,35,102.0,1697,0.0
2020-06-12T00:00:00.000Z,3392,35,109.0,1737,0.0
2020-06-13T00:00:00.000Z,3473,35,81.0,1810,0.0
2020-06-14T00:00:00.000Z,3559,35,86.0,1870,0.0
2020-06-15T00:00:00.000Z,3681,36,122.0,1979,1.0
2020-06-16T00:00:00.000Z,3791,39,110.0,2008,3.0
2020-06-17T00:00:00.000Z,3858,44,67.0,1990,5.0
2020-06-18T00:00:00.000Z,3929,44,71.0,1984,0.0
2020-06-19T00:00:00.000Z,4003,45,74.0,1939,1.0
2020-06-20T00:00:00.000Z,4068,45,65.0,1940,0.0
2020-06-21T00:00:00.000Z,4128,45,60.0,1945,0.0
2020-06-22T00:00:00.000Z,4186,45,58.0,1993,0.0
2020-06-23T00:00:00.000Z,4241,46,55.0,1859,1.0
2020-06-24T00:00:00.000Z,4281,51,40.0,1758,5.0
2020-06-25T00:00:00.000Z,4318,51,37.0,1743,0.0
2020-06-26T00:00:00.000Z,4358,54,40.0,1738,3.0
2020-06-27T00:00:00.000Z,4396,57,38.0,1727,3.0
2020-06-28T00:00:00.000Z,4437,59,41.0,1759,2.0
2020-06-29T00:00:00.000Z,4480,59,43.0,1774,0.0
2020-06-30T00:00:00.000Z,4513,61,33.0,1690,2.0
2020-07-01T00:00:00.000Z,4544,66,31.0,1636,5.0
2020-07-02T00:00:00.000Z,4579,66,35.0,1668,0.0
2020-07-03T00:00:00.000Z,4610,69,31.0,1582,3.0
2020-07-04T00:00:00.000Z,4644,73,34.0,1494,4.0
2020-07-05T00:00:00.000Z,4684,73,40.0,1534,0.0
2020-07-06T00:00:00.000Z,4741,73,57.0,1575,0.0
2020-07-07T00:00:00.000Z,4795,73,54.0,1517,0.0
2020-07-08T00:00:00.000Z,4840,73,45.0,1434,0.0
2020-07-09T00:00:00.000Z,4883,75,43.0,1407,2.0
2020-07-10T00:00:00.000Z,4930,75,47.0,1384,0.0
2020-07-11T00:00:00.000Z,4974,75,44.0,1388,0.0
2020-07-12T00:00:00.000Z,5020,75,46.0,1424,0.0
2020-07-13T00:00:00.000Z,5069,75,49.0,1457,0.0
2020-07-14T00:00:00.000Z,5113,75,44.0,1435,0.0
2020-07-15T00:00:00.000Z,5153,75,40.0,1439,0.0
2020-07-16T00:00:00.000Z,5198,75,45.0,1439,0.0
2020-07-17T00:00:00.000Z,5240,77,42.0,1425,2.0
2020-07-18T00:00:00.000Z,5280,77,40.0,1420,0.0
2020-07-19T00:00:00.000Z,5318,77,38.0,1448,0.0
2020-07-20T00:00:00.000Z,5349,77,31.0,1469,0.0
2020-07-21T00:00:00.000Z,5378,78,29.0,1428,1.0
2020-07-22T00:00:00.000Z,5403,80,25.0,1389,2.0
2020-07-23T00:00:00.000Z,5425,80,22.0,1370,0.0
2020-07-24T00:00:00.000Z,5447,81,22.0,1345,1.0
2020-07-25T00:00:00.000Z,5468,87,21.0,1327,6.0
2020-07-26T00:00:00.000Z,5493,87,25.0,1347,0.0
2020-07-27T00:00:00.000Z,5523,87,30.0,1377,0.0
2020-07-28T00:00:00.000Z,5552,88,29.0,1367,1.0
2020-07-29T00:00:00.000Z,5582,89,30.0,1325,1.0
2020-07-30T00:00:00.000Z,5614,89,32.0,1319,0.0
2020-07-31T00:00:00.000Z,5645,89,31.0,1332,0.0
2020-08-01T00:00:00.000Z,5675,90,30.0,1292,1.0
2020-08-02T00:00:00.000Z,5707,91,32.0,1319,1.0
2020-08-03T00:00:00.000Z,5741,91,34.0,1353,0.0
2020-08-04T00:00:00.000Z,5776,93,35.0,1351,2.0
2020-08-05T00:00:00.000Z,5812,93,36.0,1362,0.0
2020-08-06T00:00:00.000Z,5848,93,36.0,1332,0.0
2020-08-07T00:00:00.000Z,5885,93,37.0,1323,0.0
2020-08-08T00:00:00.000Z,5923,94,38.0,1305,1.0
2020-08-09T00:00:00.000Z,5966,94,43.0,1333,0.0
2020-08-10T00:00:00.000Z,6016,94,50.0,1377,0.0
2020-08-11T00:00:00.000Z,6068,95,52.0,1382,1.0
2020-08-12T00:00:00.000Z,6170,96,102.0,1435,1.0
2020-08-13T00:00:00.000Z,6250,96,80.0,1451,0.0
2020-08-14T00:00:00.000Z,6310,97,60.0,1463,1.0
2020-08-15T00:00:00.000Z,6355,98,45.0,1468,1.0
2020-08-16T00:00:00.000Z,6396,98,41.0,1494,0.0
2020-08-17T00:00:00.000Z,6436,98,40.0,1523,0.0
2020-08-18T00:00:00.000Z,6479,99,43.0,1538,1.0
2020-08-19T00:00:00.000Z,6520,100,41.0,1534,1.0
2020-08-20T00:00:00.000Z,6558,101,38.0,1508,1.0
2020-08-21T00:00:00.000Z,6597,101,39.0,1498,0.0
2020-08-22T00:00:00.000Z,6636,101,39.0,1476,0.0
2020-08-23T00:00:00.000Z,6681,101,45.0,1489,0.0
2020-08-24T00:00:00.000Z,6727,101,46.0,1524,0.0
2020-08-25T00:00:00.000Z,6769,103,42.0,1474,2.0
2020-08-26T00:00:00.000Z,6808,104,39.0,1468,1.0
2020-08-27T00:00:00.000Z,6849,104,41.0,1430,0.0
2020-08-28T00:00:00.000Z,6889,105,40.0,1428,1.0
2020-08-29T00:00:00.000Z,6936,106,47.0,1406,1.0
2020-08-30T00:00:00.000Z,6982,106,46.0,1441,0.0
2020-08-31T00:00:00.000Z,7029,106,47.0,1448,0.0
2020-09-01T00:00:00.000Z,7080,108,51.0,1458,2.0
2020-09-02T00:00:00.000Z,7131,109,51.0,1475,1.0
2020-09-03T00:00:00.000Z,7179,110,48.0,1469,1.0
2020-09-04T00:00:00.000Z,7228,110,49.0,1470,0.0
2020-09-05T00:00:00.000Z,7278,110,50.0,1485,0.0
2020-09-06T00:00:00.000Z,7326,111,48.0,1518,1.0
2020-09-07T00:00:00.000Z,7377,111,51.0,1555,0.0
2020-09-08T00:00:00.000Z,7427,111,50.0,1538,0.0
2020-09-09T00:00:00.000Z,7476,113,49.0,1541,2.0
2020-09-10T00:00:00.000Z,7525,113,49.0,1537,0.0
2020-09-11T00:00:00.000Z,7575,114,50.0,1536,1.0
2020-09-12T00:00:00.000Z,7624,115,49.0,1526,1.0
2020-09-13T00:00:00.000Z,7675,115,51.0,1565,0.0
2020-09-14T00:00:00.000Z,7723,115,48.0,1607,0.0
2020-09-15T00:00:00.000Z,7774,116,51.0,1616,1.0
2020-09-16T00:00:00.000Z,7826,120,52.0,1601,4.0
2020-09-17T00:00:00.000Z,7874,120,48.0,1600,0.0
2020-09-18T00:00:00.000Z,7925,121,51.0,1604,1.0
2020-09-19T00:00:00.000Z,7975,122,50.0,1610,1.0
2020-09-20T00:00:00.000Z,8025,122,50.0,1658,0.0
2020-09-21T00:00:00.000Z,8076,122,51.0,1682,0.0
2020-09-22T00:00:00.000Z,8128,123,52.0,1653,1.0
2020-09-23T00:00:00.000Z,8181,125,53.0,1654,2.0
2020-09-24T00:00:00.000Z,8233,126,52.0,1593,1.0
2020-09-25T00:00:00.000Z,8290,126,57.0,1632,0.0
2020-09-26T00:00:00.000Z,8346,127,56.0,1587,1.0
2020-09-27T00:00:00.000Z,8403,127,57.0,1642,0.0
2020-09-28T00:00:00.000Z,8458,127,55.0,1667,0.0
2020-09-29T00:00:00.000Z,8518,128,60.0,1610,1.0
2020-09-30T00:00:00.000Z,8580,129,62.0,1586,1.0
2020-10-01T00:00:00.000Z,8642,129,62.0,1583,0.0
2020-10-02T00:00:00.000Z,8707,131,65.0,1601,2.0
2020-10-03T00:00:00.000Z,8777,132,70.0,1613,1.0
2020-10-04T00:00:00.000Z,8848,132,71.0,1679,0.0
2020-10-05T00:00:00.000Z,8933,132,85.0,1754,0.0
2020-10-06T00:00:00.000Z,9027,134,94.0,1787,2.0
2020-10-07T00:00:00.000Z,9126,134,99.0,1813,0.0
2020-10-08T00:00:00.000Z,9224,135,98.0,1871,1.0
2020-10-09T00:00:00.000Z,9324,136,100.0,1912,1.0
2020-10-10T00:00:00.000Z,9434,137,110.0,1961,1.0
2020-10-11T00:00:00.000Z,9553,137,119.0,2063,0.0
