date,total_cases,total_death,daily_cases,total_currently_infected,death_per_day
2020-03-30T00:00:00.000Z,1,0,1.0,1,0.0
2020-03-31T00:00:00.000Z,2,0,1.0,2,0.0
2020-04-01T00:00:00.000Z,2,0,0.0,2,0.0
2020-04-02T00:00:00.000Z,2,0,0.0,2,0.0
2020-04-03T00:00:00.000Z,7,0,5.0,7,0.0
2020-04-04T00:00:00.000Z,7,0,0.0,7,0.0
2020-04-05T00:00:00.000Z,7,0,0.0,7,0.0
2020-04-06T00:00:00.000Z,7,0,0.0,7,0.0
2020-04-07T00:00:00.000Z,11,0,4.0,11,0.0
2020-04-08T00:00:00.000Z,15,0,4.0,13,0.0
2020-04-09T00:00:00.000Z,23,0,8.0,18,0.0
2020-04-10T00:00:00.000Z,23,0,0.0,18,0.0
2020-04-11T00:00:00.000Z,32,0,9.0,27,0.0
2020-04-12T00:00:00.000Z,32,0,0.0,27,0.0
2020-04-13T00:00:00.000Z,32,0,0.0,27,0.0
2020-04-14T00:00:00.000Z,32,0,0.0,23,0.0
2020-04-15T00:00:00.000Z,35,2,3.0,26,2.0
2020-04-16T00:00:00.000Z,36,2,1.0,27,0.0
2020-04-17T00:00:00.000Z,53,3,17.0,44,1.0
2020-04-18T00:00:00.000Z,67,3,14.0,58,0.0
2020-04-19T00:00:00.000Z,74,3,7.0,65,0.0
2020-04-20T00:00:00.000Z,77,3,3.0,68,0.0
2020-04-21T00:00:00.000Z,77,3,0.0,68,0.0
2020-04-22T00:00:00.000Z,88,3,11.0,76,0.0
2020-04-23T00:00:00.000Z,94,3,6.0,80,0.0
2020-04-24T00:00:00.000Z,104,3,10.0,88,0.0
2020-04-25T00:00:00.000Z,122,3,18.0,103,0.0
2020-04-26T00:00:00.000Z,146,3,24.0,127,0.0
2020-04-27T00:00:00.000Z,158,3,12.0,139,0.0
2020-04-28T00:00:00.000Z,167,3,9.0,143,0.0
2020-04-29T00:00:00.000Z,183,3,16.0,146,0.0
2020-04-30T00:00:00.000Z,192,3,9.0,154,0.0
2020-05-01T00:00:00.000Z,231,3,39.0,192,0.0
2020-05-02T00:00:00.000Z,254,4,23.0,213,1.0
2020-05-03T00:00:00.000Z,283,5,29.0,230,1.0
2020-05-04T00:00:00.000Z,321,5,38.0,268,0.0
2020-05-05T00:00:00.000Z,322,5,1.0,269,0.0
2020-05-06T00:00:00.000Z,351,5,29.0,297,0.0
2020-05-07T00:00:00.000Z,379,5,28.0,310,0.0
2020-05-08T00:00:00.000Z,405,5,26.0,311,0.0
2020-05-09T00:00:00.000Z,455,5,50.0,353,0.0
2020-05-10T00:00:00.000Z,473,6,18.0,368,1.0
2020-05-11T00:00:00.000Z,494,6,21.0,365,0.0
2020-05-12T00:00:00.000Z,497,6,3.0,351,0.0
2020-05-13T00:00:00.000Z,532,6,35.0,364,0.0
2020-05-14T00:00:00.000Z,567,6,35.0,384,0.0
2020-05-15T00:00:00.000Z,618,6,51.0,423,0.0
2020-05-16T00:00:00.000Z,655,8,37.0,444,2.0
2020-05-17T00:00:00.000Z,693,8,38.0,465,0.0
2020-05-18T00:00:00.000Z,721,8,28.0,471,0.0
2020-05-19T00:00:00.000Z,721,8,0.0,463,0.0
2020-05-20T00:00:00.000Z,744,10,23.0,482,2.0
2020-05-21T00:00:00.000Z,776,10,32.0,493,0.0
2020-05-22T00:00:00.000Z,810,11,34.0,488,1.0
2020-05-23T00:00:00.000Z,856,11,46.0,512,0.0
2020-05-24T00:00:00.000Z,879,11,23.0,529,0.0
2020-05-25T00:00:00.000Z,903,11,24.0,549,0.0
2020-05-26T00:00:00.000Z,903,12,0.0,520,1.0
2020-05-27T00:00:00.000Z,944,12,41.0,543,0.0
2020-05-28T00:00:00.000Z,973,12,29.0,542,0.0
2020-05-29T00:00:00.000Z,999,14,26.0,549,2.0
2020-05-30T00:00:00.000Z,1019,14,20.0,542,0.0
2020-05-31T00:00:00.000Z,1054,15,35.0,570,1.0
2020-06-01T00:00:00.000Z,1074,15,20.0,564,0.0
2020-06-02T00:00:00.000Z,1085,15,11.0,567,0.0
2020-06-03T00:00:00.000Z,1108,16,23.0,552,1.0
2020-06-04T00:00:00.000Z,1127,16,19.0,550,0.0
2020-06-05T00:00:00.000Z,1136,16,9.0,527,0.0
2020-06-06T00:00:00.000Z,1149,16,13.0,535,0.0
2020-06-07T00:00:00.000Z,1168,16,19.0,544,0.0
2020-06-08T00:00:00.000Z,1179,16,11.0,548,0.0
2020-06-09T00:00:00.000Z,1180,16,1.0,483,0.0
2020-06-10T00:00:00.000Z,1203,16,23.0,469,0.0
2020-06-11T00:00:00.000Z,1215,16,12.0,464,0.0
2020-06-12T00:00:00.000Z,1233,18,18.0,457,2.0
2020-06-13T00:00:00.000Z,1247,18,14.0,443,0.0
2020-06-14T00:00:00.000Z,1263,18,16.0,442,0.0
2020-06-15T00:00:00.000Z,1272,18,9.0,432,0.0
2020-06-16T00:00:00.000Z,1272,18,0.0,404,0.0
2020-06-17T00:00:00.000Z,1288,18,16.0,398,0.0
2020-06-18T00:00:00.000Z,1292,18,4.0,388,0.0
2020-06-19T00:00:00.000Z,1300,18,8.0,380,0.0
2020-06-20T00:00:00.000Z,1314,18,14.0,382,0.0
2020-06-21T00:00:00.000Z,1327,18,13.0,387,0.0
2020-06-22T00:00:00.000Z,1339,18,12.0,397,0.0
2020-06-23T00:00:00.000Z,1340,18,1.0,384,0.0
2020-06-24T00:00:00.000Z,1362,21,22.0,366,3.0
2020-06-25T00:00:00.000Z,1392,21,30.0,378,0.0
2020-06-26T00:00:00.000Z,1410,21,18.0,379,0.0
2020-06-27T00:00:00.000Z,1442,22,32.0,401,1.0
2020-06-28T00:00:00.000Z,1462,22,20.0,421,0.0
2020-06-29T00:00:00.000Z,1481,23,19.0,440,1.0
2020-06-30T00:00:00.000Z,1483,23,2.0,429,0.0
2020-07-01T00:00:00.000Z,1523,23,40.0,456,0.0
2020-07-02T00:00:00.000Z,1717,23,194.0,642,0.0
2020-07-03T00:00:00.000Z,1839,24,122.0,757,1.0
2020-07-04T00:00:00.000Z,1878,25,39.0,781,1.0
2020-07-05T00:00:00.000Z,1915,25,37.0,805,0.0
2020-07-06T00:00:00.000Z,1947,26,32.0,829,1.0
2020-07-07T00:00:00.000Z,1947,26,0.0,804,0.0
2020-07-08T00:00:00.000Z,1987,26,40.0,811,0.0
2020-07-09T00:00:00.000Z,2028,26,41.0,820,0.0
2020-07-10T00:00:00.000Z,2073,27,45.0,848,1.0
2020-07-11T00:00:00.000Z,2107,27,34.0,872,0.0
2020-07-12T00:00:00.000Z,2149,27,42.0,906,0.0
2020-07-13T00:00:00.000Z,2182,27,33.0,927,0.0
2020-07-14T00:00:00.000Z,2182,27,0.0,888,0.0
2020-07-15T00:00:00.000Z,2220,27,38.0,908,0.0
2020-07-16T00:00:00.000Z,2275,27,55.0,945,0.0
2020-07-17T00:00:00.000Z,2315,30,40.0,976,3.0
2020-07-18T00:00:00.000Z,2346,33,31.0,928,3.0
2020-07-19T00:00:00.000Z,2363,34,17.0,933,1.0
2020-07-20T00:00:00.000Z,2371,34,8.0,901,0.0
2020-07-21T00:00:00.000Z,2371,34,0.0,876,0.0
2020-07-22T00:00:00.000Z,2405,34,34.0,893,0.0
2020-07-23T00:00:00.000Z,2410,34,5.0,824,0.0
2020-07-24T00:00:00.000Z,2439,36,29.0,810,2.0
2020-07-25T00:00:00.000Z,2476,37,37.0,807,1.0
2020-07-26T00:00:00.000Z,2495,37,19.0,823,0.0
2020-07-27T00:00:00.000Z,2510,37,15.0,751,0.0
2020-07-28T00:00:00.000Z,2512,37,2.0,727,0.0
2020-07-29T00:00:00.000Z,2561,37,49.0,741,0.0
2020-07-30T00:00:00.000Z,2589,38,28.0,706,1.0
2020-07-31T00:00:00.000Z,2621,38,32.0,676,0.0
2020-08-01T00:00:00.000Z,2640,38,19.0,660,0.0
2020-08-02T00:00:00.000Z,2659,38,19.0,657,0.0
2020-08-03T00:00:00.000Z,2705,38,46.0,691,0.0
2020-08-04T00:00:00.000Z,2725,40,20.0,661,2.0
2020-08-05T00:00:00.000Z,2788,40,63.0,716,0.0
2020-08-06T00:00:00.000Z,2839,41,51.0,739,1.0
2020-08-07T00:00:00.000Z,2897,42,58.0,754,1.0
2020-08-08T00:00:00.000Z,2952,42,55.0,799,0.0
2020-08-09T00:00:00.000Z,3005,42,53.0,844,0.0
2020-08-10T00:00:00.000Z,3047,42,42.0,882,0.0
2020-08-11T00:00:00.000Z,3052,42,5.0,866,0.0
2020-08-12T00:00:00.000Z,3121,42,69.0,899,0.0
2020-08-13T00:00:00.000Z,3173,42,52.0,935,0.0
2020-08-14T00:00:00.000Z,3237,42,64.0,932,0.0
2020-08-15T00:00:00.000Z,3289,42,52.0,964,0.0
2020-08-16T00:00:00.000Z,3360,42,71.0,1021,0.0
2020-08-17T00:00:00.000Z,3407,42,47.0,1052,0.0
2020-08-18T00:00:00.000Z,3413,43,6.0,1053,1.0
2020-08-19T00:00:00.000Z,3472,46,59.0,1070,3.0
2020-08-20T00:00:00.000Z,3530,48,58.0,1124,2.0
2020-08-21T00:00:00.000Z,3600,48,70.0,1175,0.0
2020-08-22T00:00:00.000Z,3669,48,69.0,1196,0.0
2020-08-23T00:00:00.000Z,3721,48,52.0,1238,0.0
2020-08-24T00:00:00.000Z,3775,48,54.0,1280,0.0
2020-08-25T00:00:00.000Z,3784,48,9.0,1250,0.0
2020-08-26T00:00:00.000Z,3856,50,72.0,1276,2.0
2020-08-27T00:00:00.000Z,3913,52,57.0,1321,2.0
2020-08-28T00:00:00.000Z,3981,55,68.0,1367,3.0
2020-08-29T00:00:00.000Z,4054,56,73.0,1403,1.0
2020-08-30T00:00:00.000Z,4137,56,83.0,1466,0.0
2020-08-31T00:00:00.000Z,4269,56,132.0,1598,0.0
2020-09-01T00:00:00.000Z,4326,56,57.0,1607,0.0
2020-09-02T00:00:00.000Z,4411,56,85.0,1667,0.0
2020-09-03T00:00:00.000Z,4490,56,79.0,1711,0.0
2020-09-04T00:00:00.000Z,4573,56,83.0,1771,0.0
2020-09-05T00:00:00.000Z,4655,56,82.0,1770,0.0
2020-09-06T00:00:00.000Z,4740,56,85.0,1843,0.0
2020-09-07T00:00:00.000Z,4823,56,83.0,1920,0.0
2020-09-08T00:00:00.000Z,4882,59,59.0,1925,3.0
2020-09-09T00:00:00.000Z,4966,61,84.0,1989,2.0
2020-09-10T00:00:00.000Z,5056,62,90.0,2012,1.0
2020-09-11T00:00:00.000Z,5159,65,103.0,2109,3.0
2020-09-12T00:00:00.000Z,5247,65,88.0,2107,0.0
2020-09-13T00:00:00.000Z,5315,65,68.0,2138,0.0
2020-09-14T00:00:00.000Z,5378,65,63.0,2193,0.0
2020-09-15T00:00:00.000Z,5451,65,73.0,2199,0.0
2020-09-16T00:00:00.000Z,5488,65,37.0,2223,0.0
2020-09-17T00:00:00.000Z,5551,65,63.0,2262,0.0
2020-09-18T00:00:00.000Z,5612,65,61.0,2307,0.0
2020-09-19T00:00:00.000Z,5681,65,69.0,2349,0.0
2020-09-20T00:00:00.000Z,5750,65,69.0,2413,0.0
2020-09-21T00:00:00.000Z,5823,65,73.0,2478,0.0
2020-09-22T00:00:00.000Z,5885,67,62.0,2511,2.0
2020-09-23T00:00:00.000Z,5954,69,69.0,2489,2.0
2020-09-24T00:00:00.000Z,6021,69,67.0,2469,0.0
2020-09-25T00:00:00.000Z,6090,69,69.0,2526,0.0
2020-09-26T00:00:00.000Z,6162,71,72.0,2513,2.0
2020-09-27T00:00:00.000Z,6232,71,70.0,2570,0.0
2020-09-28T00:00:00.000Z,6300,71,68.0,2622,0.0
2020-09-29T00:00:00.000Z,6359,71,59.0,2540,0.0
2020-09-30T00:00:00.000Z,6424,71,65.0,2592,0.0
2020-10-01T00:00:00.000Z,6503,73,79.0,2586,2.0
2020-10-02T00:00:00.000Z,6578,75,75.0,2595,2.0
2020-10-03T00:00:00.000Z,6657,75,79.0,2671,0.0
2020-10-04T00:00:00.000Z,6735,75,78.0,2728,0.0
2020-10-05T00:00:00.000Z,6811,75,76.0,2780,0.0
2020-10-06T00:00:00.000Z,6888,77,77.0,2816,2.0
2020-10-07T00:00:00.000Z,6965,77,77.0,2783,0.0
2020-10-08T00:00:00.000Z,7041,77,76.0,2797,0.0
2020-10-09T00:00:00.000Z,7119,77,78.0,2788,0.0
2020-10-10T00:00:00.000Z,7196,79,77.0,2785,2.0
2020-10-11T00:00:00.000Z,7279,79,83.0,2783,0.0
