date,total_cases,total_death,daily_cases,total_currently_infected,death_per_day
2020-04-05T00:00:00.000Z,2,0,2.0,2,0.0
2020-04-06T00:00:00.000Z,2,0,0.0,2,0.0
2020-04-07T00:00:00.000Z,2,0,0.0,2,0.0
2020-04-08T00:00:00.000Z,2,0,0.0,2,0.0
2020-04-09T00:00:00.000Z,2,0,0.0,2,0.0
2020-04-10T00:00:00.000Z,2,0,0.0,2,0.0
2020-04-11T00:00:00.000Z,2,0,0.0,2,0.0
2020-04-12T00:00:00.000Z,2,0,0.0,2,0.0
2020-04-13T00:00:00.000Z,3,0,1.0,3,0.0
2020-04-14T00:00:00.000Z,3,0,0.0,3,0.0
2020-04-15T00:00:00.000Z,7,0,4.0,7,0.0
2020-04-16T00:00:00.000Z,8,0,1.0,8,0.0
2020-04-17T00:00:00.000Z,9,0,1.0,9,0.0
2020-04-18T00:00:00.000Z,15,0,6.0,15,0.0
2020-04-19T00:00:00.000Z,19,0,4.0,19,0.0
2020-04-20T00:00:00.000Z,27,0,8.0,27,0.0
2020-04-21T00:00:00.000Z,30,0,3.0,30,0.0
2020-04-22T00:00:00.000Z,30,0,0.0,30,0.0
2020-04-23T00:00:00.000Z,35,0,5.0,34,0.0
2020-04-24T00:00:00.000Z,37,0,2.0,34,0.0
2020-04-25T00:00:00.000Z,42,0,5.0,38,0.0
2020-04-26T00:00:00.000Z,44,0,2.0,39,0.0
2020-04-27T00:00:00.000Z,56,0,12.0,51,0.0
2020-04-28T00:00:00.000Z,62,0,6.0,57,0.0
2020-04-29T00:00:00.000Z,63,0,1.0,56,0.0
2020-04-30T00:00:00.000Z,66,0,3.0,56,0.0
2020-05-01T00:00:00.000Z,74,0,8.0,63,0.0
2020-05-02T00:00:00.000Z,81,0,7.0,70,0.0
2020-05-03T00:00:00.000Z,85,0,4.0,72,0.0
2020-05-04T00:00:00.000Z,89,0,4.0,76,0.0
2020-05-05T00:00:00.000Z,91,0,2.0,74,0.0
2020-05-06T00:00:00.000Z,103,0,12.0,86,0.0
2020-05-07T00:00:00.000Z,112,0,9.0,93,0.0
2020-05-08T00:00:00.000Z,125,0,13.0,95,0.0
2020-05-09T00:00:00.000Z,128,0,3.0,97,0.0
2020-05-10T00:00:00.000Z,148,0,20.0,116,0.0
2020-05-11T00:00:00.000Z,160,0,12.0,125,0.0
2020-05-12T00:00:00.000Z,171,0,11.0,131,0.0
2020-05-13T00:00:00.000Z,176,1,5.0,133,1.0
2020-05-14T00:00:00.000Z,188,1,12.0,139,0.0
2020-05-15T00:00:00.000Z,194,1,6.0,145,0.0
2020-05-16T00:00:00.000Z,202,1,8.0,150,0.0
2020-05-17T00:00:00.000Z,215,1,13.0,163,0.0
2020-05-18T00:00:00.000Z,225,1,10.0,173,0.0
2020-05-19T00:00:00.000Z,233,1,8.0,170,0.0
2020-05-20T00:00:00.000Z,241,1,8.0,177,0.0
2020-05-21T00:00:00.000Z,260,1,19.0,194,0.0
2020-05-22T00:00:00.000Z,268,1,8.0,197,0.0
2020-05-23T00:00:00.000Z,284,1,16.0,209,0.0
2020-05-24T00:00:00.000Z,300,1,16.0,203,0.0
2020-05-25T00:00:00.000Z,316,1,16.0,195,0.0
2020-05-26T00:00:00.000Z,331,1,15.0,196,0.0
2020-05-27T00:00:00.000Z,353,1,22.0,218,0.0
2020-05-28T00:00:00.000Z,371,1,18.0,223,0.0
2020-05-29T00:00:00.000Z,382,1,11.0,226,0.0
2020-05-30T00:00:00.000Z,407,1,25.0,242,0.0
2020-05-31T00:00:00.000Z,430,1,23.0,262,0.0
2020-06-01T00:00:00.000Z,445,1,15.0,277,0.0
2020-06-02T00:00:00.000Z,453,1,8.0,262,0.0
2020-06-03T00:00:00.000Z,496,2,43.0,299,1.0
2020-06-04T00:00:00.000Z,520,2,24.0,315,0.0
2020-06-05T00:00:00.000Z,548,2,28.0,338,0.0
2020-06-06T00:00:00.000Z,573,2,25.0,358,0.0
2020-06-07T00:00:00.000Z,614,2,41.0,390,0.0
2020-06-08T00:00:00.000Z,633,2,19.0,407,0.0
2020-06-09T00:00:00.000Z,656,2,23.0,418,0.0
2020-06-10T00:00:00.000Z,676,2,20.0,431,0.0
2020-06-11T00:00:00.000Z,685,2,9.0,425,0.0
2020-06-12T00:00:00.000Z,702,2,17.0,423,0.0
2020-06-13T00:00:00.000Z,732,2,30.0,453,0.0
2020-06-14T00:00:00.000Z,784,2,52.0,497,0.0
2020-06-15T00:00:00.000Z,802,2,18.0,508,0.0
2020-06-16T00:00:00.000Z,809,2,7.0,501,0.0
2020-06-17T00:00:00.000Z,869,2,60.0,535,0.0
2020-06-18T00:00:00.000Z,912,2,43.0,553,0.0
2020-06-19T00:00:00.000Z,934,2,22.0,558,0.0
2020-06-20T00:00:00.000Z,960,2,26.0,565,0.0
2020-06-21T00:00:00.000Z,991,2,31.0,589,0.0
2020-06-22T00:00:00.000Z,1025,2,34.0,622,0.0
2020-06-23T00:00:00.000Z,1043,2,18.0,627,0.0
2020-06-24T00:00:00.000Z,1074,2,31.0,635,0.0
2020-06-25T00:00:00.000Z,1109,2,35.0,669,0.0
2020-06-26T00:00:00.000Z,1133,2,24.0,684,0.0
2020-06-27T00:00:00.000Z,1177,2,44.0,689,0.0
2020-06-28T00:00:00.000Z,1236,2,59.0,748,0.0
2020-06-29T00:00:00.000Z,1266,3,30.0,775,1.0
2020-06-30T00:00:00.000Z,1294,3,28.0,776,0.0
2020-07-01T00:00:00.000Z,1337,3,43.0,761,0.0
2020-07-02T00:00:00.000Z,1378,3,41.0,790,0.0
2020-07-03T00:00:00.000Z,1408,3,30.0,792,0.0
2020-07-04T00:00:00.000Z,1451,3,43.0,794,0.0
2020-07-05T00:00:00.000Z,1499,3,48.0,823,0.0
2020-07-06T00:00:00.000Z,1514,3,15.0,834,0.0
2020-07-07T00:00:00.000Z,1531,3,17.0,830,0.0
2020-07-08T00:00:00.000Z,1581,3,50.0,854,0.0
2020-07-09T00:00:00.000Z,1623,3,42.0,844,0.0
2020-07-10T00:00:00.000Z,1656,3,33.0,863,0.0
2020-07-11T00:00:00.000Z,1684,3,28.0,855,0.0
2020-07-12T00:00:00.000Z,1738,10,54.0,788,7.0
2020-07-13T00:00:00.000Z,1738,10,0.0,788,0.0
2020-07-14T00:00:00.000Z,1747,10,9.0,797,0.0
2020-07-15T00:00:00.000Z,1792,10,45.0,802,0.0
2020-07-16T00:00:00.000Z,1805,10,13.0,772,0.0
2020-07-17T00:00:00.000Z,1852,10,47.0,777,0.0
2020-07-18T00:00:00.000Z,1882,10,30.0,775,0.0
2020-07-19T00:00:00.000Z,1921,10,39.0,814,0.0
2020-07-20T00:00:00.000Z,1940,10,19.0,831,0.0
2020-07-21T00:00:00.000Z,1953,10,13.0,833,0.0
2020-07-22T00:00:00.000Z,1994,10,41.0,815,0.0
2020-07-23T00:00:00.000Z,2039,10,45.0,830,0.0
2020-07-24T00:00:00.000Z,2067,10,28.0,831,0.0
2020-07-25T00:00:00.000Z,2109,10,42.0,848,0.0
2020-07-26T00:00:00.000Z,2151,10,42.0,890,0.0
2020-07-27T00:00:00.000Z,2170,10,19.0,909,0.0
2020-07-28T00:00:00.000Z,2179,10,9.0,881,0.0
2020-07-29T00:00:00.000Z,2211,11,32.0,883,1.0
2020-07-30T00:00:00.000Z,2245,12,34.0,876,1.0
2020-07-31T00:00:00.000Z,2275,12,30.0,885,0.0
2020-08-01T00:00:00.000Z,2312,12,37.0,882,0.0
2020-08-02T00:00:00.000Z,2357,12,45.0,914,0.0
2020-08-03T00:00:00.000Z,2375,12,18.0,927,0.0
2020-08-04T00:00:00.000Z,2384,12,9.0,915,0.0
2020-08-05T00:00:00.000Z,2418,12,34.0,918,0.0
2020-08-06T00:00:00.000Z,2466,12,48.0,947,0.0
2020-08-07T00:00:00.000Z,2507,12,41.0,945,0.0
2020-08-08T00:00:00.000Z,2536,13,29.0,944,1.0
2020-08-09T00:00:00.000Z,2560,13,24.0,968,0.0
2020-08-10T00:00:00.000Z,2584,21,24.0,796,8.0
2020-08-11T00:00:00.000Z,2584,21,0.0,796,0.0
2020-08-12T00:00:00.000Z,2602,21,18.0,814,0.0
2020-08-13T00:00:00.000Z,2628,21,26.0,840,0.0
2020-08-14T00:00:00.000Z,2656,21,28.0,868,0.0
2020-08-15T00:00:00.000Z,2674,21,18.0,886,0.0
2020-08-16T00:00:00.000Z,2701,21,27.0,913,0.0
2020-08-17T00:00:00.000Z,2720,21,19.0,918,0.0
2020-08-18T00:00:00.000Z,2724,21,4.0,910,0.0
2020-08-19T00:00:00.000Z,2752,21,28.0,891,0.0
2020-08-20T00:00:00.000Z,2782,21,30.0,888,0.0
2020-08-21T00:00:00.000Z,2803,21,21.0,881,0.0
2020-08-22T00:00:00.000Z,2834,21,31.0,881,0.0
2020-08-23T00:00:00.000Z,2873,21,39.0,910,0.0
2020-08-24T00:00:00.000Z,2890,21,17.0,927,0.0
2020-08-25T00:00:00.000Z,2916,21,26.0,931,0.0
2020-08-26T00:00:00.000Z,2957,21,41.0,931,0.0
2020-08-27T00:00:00.000Z,2992,21,35.0,856,0.0
2020-08-28T00:00:00.000Z,3018,21,26.0,795,0.0
2020-08-29T00:00:00.000Z,3052,21,34.0,815,0.0
2020-08-30T00:00:00.000Z,3098,21,46.0,861,0.0
2020-08-31T00:00:00.000Z,3130,21,32.0,893,0.0
2020-09-01T00:00:00.000Z,3143,21,13.0,877,0.0
2020-09-02T00:00:00.000Z,3179,21,36.0,895,0.0
2020-09-03T00:00:00.000Z,3206,21,27.0,912,0.0
2020-09-04T00:00:00.000Z,3229,21,23.0,889,0.0
2020-09-05T00:00:00.000Z,3264,21,35.0,903,0.0
2020-09-06T00:00:00.000Z,3297,21,33.0,936,0.0
2020-09-07T00:00:00.000Z,3316,21,19.0,955,0.0
2020-09-08T00:00:00.000Z,3321,21,5.0,933,0.0
2020-09-09T00:00:00.000Z,3352,21,31.0,958,0.0
2020-09-10T00:00:00.000Z,3385,21,33.0,968,0.0
2020-09-11T00:00:00.000Z,3413,21,28.0,961,0.0
2020-09-12T00:00:00.000Z,3441,21,28.0,944,0.0
2020-09-13T00:00:00.000Z,3461,21,20.0,964,0.0
2020-09-14T00:00:00.000Z,3477,21,16.0,971,0.0
2020-09-15T00:00:00.000Z,3485,21,8.0,952,0.0
2020-09-16T00:00:00.000Z,3514,21,29.0,949,0.0
2020-09-17T00:00:00.000Z,3553,21,39.0,956,0.0
2020-09-18T00:00:00.000Z,3587,21,34.0,972,0.0
2020-09-19T00:00:00.000Z,3610,21,23.0,975,0.0
2020-09-20T00:00:00.000Z,3627,21,17.0,981,0.0
2020-09-21T00:00:00.000Z,3644,21,17.0,993,0.0
2020-09-22T00:00:00.000Z,3659,21,15.0,987,0.0
2020-09-23T00:00:00.000Z,3702,21,43.0,990,0.0
2020-09-24T00:00:00.000Z,3740,21,38.0,1006,0.0
2020-09-25T00:00:00.000Z,3788,21,48.0,1043,0.0
2020-09-26T00:00:00.000Z,3826,21,38.0,1042,0.0
2020-09-27T00:00:00.000Z,3866,21,40.0,1072,0.0
2020-09-28T00:00:00.000Z,3896,21,30.0,1100,0.0
2020-09-29T00:00:00.000Z,3914,22,18.0,1078,1.0
2020-09-30T00:00:00.000Z,3953,27,39.0,1092,5.0
2020-10-01T00:00:00.000Z,3997,32,44.0,1077,5.0
2020-10-02T00:00:00.000Z,4060,36,63.0,1118,4.0
2020-10-03T00:00:00.000Z,4132,38,72.0,1137,2.0
2020-10-04T00:00:00.000Z,4204,38,72.0,1209,0.0
2020-10-05T00:00:00.000Z,4231,38,27.0,1224,0.0
2020-10-06T00:00:00.000Z,4256,38,25.0,1215,0.0
2020-10-07T00:00:00.000Z,4326,38,70.0,1252,0.0
2020-10-08T00:00:00.000Z,4392,38,66.0,1279,0.0
2020-10-09T00:00:00.000Z,4464,38,72.0,1329,0.0
2020-10-10T00:00:00.000Z,4541,38,77.0,1356,0.0
2020-10-11T00:00:00.000Z,4613,38,72.0,1411,0.0
