date,total_cases,total_death,daily_cases,total_currently_infected,death_per_day
2020-03-19T00:00:00.000Z,1,0,1.0,1,0.0
2020-03-20T00:00:00.000Z,1,0,0.0,1,0.0
2020-03-21T00:00:00.000Z,2,0,1.0,2,0.0
2020-03-22T00:00:00.000Z,2,0,0.0,2,0.0
2020-03-23T00:00:00.000Z,2,0,0.0,2,0.0
2020-03-24T00:00:00.000Z,2,0,0.0,2,0.0
2020-03-25T00:00:00.000Z,2,0,0.0,2,0.0
2020-03-26T00:00:00.000Z,2,0,0.0,2,0.0
2020-03-27T00:00:00.000Z,2,0,0.0,2,0.0
2020-03-28T00:00:00.000Z,3,0,1.0,3,0.0
2020-03-29T00:00:00.000Z,3,0,0.0,3,0.0
2020-03-30T00:00:00.000Z,5,0,2.0,5,0.0
2020-03-31T00:00:00.000Z,3,0,-2.0,3,0.0
2020-04-01T00:00:00.000Z,5,0,2.0,4,0.0
2020-04-02T00:00:00.000Z,5,0,0.0,4,0.0
2020-04-03T00:00:00.000Z,6,0,1.0,5,0.0
2020-04-04T00:00:00.000Z,12,0,6.0,10,0.0
2020-04-05T00:00:00.000Z,12,0,0.0,10,0.0
2020-04-06T00:00:00.000Z,17,0,5.0,15,0.0
2020-04-07T00:00:00.000Z,17,0,0.0,15,0.0
2020-04-08T00:00:00.000Z,32,0,15.0,30,0.0
2020-04-09T00:00:00.000Z,32,0,0.0,29,0.0
2020-04-10T00:00:00.000Z,38,0,6.0,35,0.0
2020-04-11T00:00:00.000Z,55,0,17.0,51,0.0
2020-04-12T00:00:00.000Z,71,0,16.0,67,0.0
2020-04-13T00:00:00.000Z,89,0,18.0,85,0.0
2020-04-14T00:00:00.000Z,116,0,27.0,112,0.0
2020-04-15T00:00:00.000Z,116,0,0.0,112,0.0
2020-04-16T00:00:00.000Z,154,0,38.0,150,0.0
2020-04-17T00:00:00.000Z,184,0,30.0,180,0.0
2020-04-18T00:00:00.000Z,225,0,41.0,216,0.0
2020-04-19T00:00:00.000Z,267,0,42.0,258,0.0
2020-04-20T00:00:00.000Z,289,0,22.0,280,0.0
2020-04-21T00:00:00.000Z,316,0,27.0,307,0.0
2020-04-22T00:00:00.000Z,392,0,76.0,377,0.0
2020-04-23T00:00:00.000Z,429,0,37.0,397,0.0
2020-04-24T00:00:00.000Z,475,0,46.0,443,0.0
2020-04-25T00:00:00.000Z,539,0,64.0,501,0.0
2020-04-26T00:00:00.000Z,602,0,63.0,555,0.0
2020-04-27T00:00:00.000Z,687,3,85.0,640,3.0
2020-04-28T00:00:00.000Z,788,3,101.0,741,0.0
2020-04-29T00:00:00.000Z,840,3,52.0,793,0.0
2020-04-30T00:00:00.000Z,880,3,40.0,833,0.0
2020-05-01T00:00:00.000Z,923,5,43.0,859,2.0
2020-05-02T00:00:00.000Z,1021,5,98.0,957,0.0
2020-05-03T00:00:00.000Z,1076,5,55.0,990,0.0
2020-05-04T00:00:00.000Z,1137,5,61.0,1049,0.0
2020-05-05T00:00:00.000Z,1226,5,89.0,1137,0.0
2020-05-06T00:00:00.000Z,1310,5,84.0,1221,0.0
2020-05-07T00:00:00.000Z,1396,5,86.0,1290,0.0
2020-05-08T00:00:00.000Z,1475,5,79.0,1322,0.0
2020-05-09T00:00:00.000Z,1560,5,85.0,1362,0.0
2020-05-10T00:00:00.000Z,1648,5,88.0,1433,0.0
2020-05-11T00:00:00.000Z,1744,5,96.0,1520,0.0
2020-05-12T00:00:00.000Z,1842,7,98.0,1603,2.0
2020-05-13T00:00:00.000Z,1939,7,97.0,1645,0.0
2020-05-14T00:00:00.000Z,2028,7,89.0,1711,0.0
2020-05-15T00:00:00.000Z,2123,7,95.0,1771,0.0
2020-05-16T00:00:00.000Z,2214,7,91.0,1821,0.0
2020-05-17T00:00:00.000Z,2300,7,86.0,1904,0.0
2020-05-18T00:00:00.000Z,2394,7,94.0,1996,0.0
2020-05-19T00:00:00.000Z,2485,7,91.0,2063,0.0
2020-05-20T00:00:00.000Z,2577,7,92.0,2125,0.0
2020-05-21T00:00:00.000Z,2673,7,96.0,2192,0.0
2020-05-22T00:00:00.000Z,2767,7,94.0,2263,0.0
2020-05-23T00:00:00.000Z,2865,7,98.0,2317,0.0
2020-05-24T00:00:00.000Z,2953,7,88.0,2387,0.0
2020-05-25T00:00:00.000Z,3040,7,87.0,2402,0.0
2020-05-26T00:00:00.000Z,3125,7,85.0,2423,0.0
2020-05-27T00:00:00.000Z,3206,7,81.0,2417,0.0
2020-05-28T00:00:00.000Z,3283,7,77.0,2435,0.0
2020-05-29T00:00:00.000Z,3358,7,75.0,2464,0.0
2020-05-30T00:00:00.000Z,3432,7,74.0,2487,0.0
2020-05-31T00:00:00.000Z,3508,7,76.0,2552,0.0
2020-06-01T00:00:00.000Z,3581,7,73.0,2608,0.0
2020-06-02T00:00:00.000Z,3653,9,72.0,2578,2.0
2020-06-03T00:00:00.000Z,3728,9,75.0,2559,0.0
2020-06-04T00:00:00.000Z,3801,10,73.0,2572,1.0
2020-06-05T00:00:00.000Z,3872,10,71.0,2542,0.0
2020-06-06T00:00:00.000Z,3940,10,68.0,2507,0.0
2020-06-07T00:00:00.000Z,4013,10,73.0,2565,0.0
2020-06-08T00:00:00.000Z,4088,10,75.0,2630,0.0
2020-06-09T00:00:00.000Z,4164,10,76.0,2553,0.0
2020-06-10T00:00:00.000Z,4228,10,64.0,2481,0.0
2020-06-11T00:00:00.000Z,4287,11,59.0,2412,1.0
2020-06-12T00:00:00.000Z,4345,11,58.0,2338,0.0
2020-06-13T00:00:00.000Z,4401,12,56.0,2376,1.0
2020-06-14T00:00:00.000Z,4458,12,57.0,2412,0.0
2020-06-15T00:00:00.000Z,4507,12,49.0,2416,0.0
2020-06-16T00:00:00.000Z,4557,12,50.0,2241,0.0
2020-06-17T00:00:00.000Z,4606,14,49.0,2153,2.0
2020-06-18T00:00:00.000Z,4656,14,50.0,2037,0.0
2020-06-19T00:00:00.000Z,4708,15,52.0,1906,1.0
2020-06-20T00:00:00.000Z,4759,16,51.0,1823,1.0
2020-06-21T00:00:00.000Z,4808,17,49.0,1857,1.0
2020-06-22T00:00:00.000Z,4855,17,47.0,1896,0.0
2020-06-23T00:00:00.000Z,4900,17,45.0,1753,0.0
2020-06-24T00:00:00.000Z,4943,17,43.0,1662,0.0
2020-06-25T00:00:00.000Z,4984,17,41.0,1690,0.0
2020-06-26T00:00:00.000Z,5027,18,43.0,1677,1.0
2020-06-27T00:00:00.000Z,5069,18,42.0,1674,0.0
2020-06-28T00:00:00.000Z,5113,19,44.0,1717,1.0
2020-06-29T00:00:00.000Z,5154,19,41.0,1756,0.0
2020-06-30T00:00:00.000Z,5197,19,43.0,1691,0.0
2020-07-01T00:00:00.000Z,5237,19,40.0,1589,0.0
2020-07-02T00:00:00.000Z,5277,19,40.0,1606,0.0
2020-07-03T00:00:00.000Z,5315,19,38.0,1543,0.0
2020-07-04T00:00:00.000Z,5354,20,39.0,1459,1.0
2020-07-05T00:00:00.000Z,5394,20,40.0,1479,0.0
2020-07-06T00:00:00.000Z,5433,21,39.0,1510,1.0
2020-07-07T00:00:00.000Z,5469,21,36.0,1443,0.0
2020-07-08T00:00:00.000Z,5507,21,38.0,1384,0.0
2020-07-09T00:00:00.000Z,5547,21,40.0,1329,0.0
2020-07-10T00:00:00.000Z,5585,21,38.0,1210,0.0
2020-07-11T00:00:00.000Z,5621,21,36.0,1111,0.0
2020-07-12T00:00:00.000Z,5656,21,35.0,1134,0.0
2020-07-13T00:00:00.000Z,5694,22,38.0,1166,1.0
2020-07-14T00:00:00.000Z,5731,22,37.0,1120,0.0
2020-07-15T00:00:00.000Z,5766,22,35.0,1031,0.0
2020-07-16T00:00:00.000Z,5804,22,38.0,960,0.0
2020-07-17T00:00:00.000Z,5843,23,39.0,897,1.0
2020-07-18T00:00:00.000Z,5883,23,40.0,848,0.0
2020-07-19T00:00:00.000Z,5921,24,38.0,881,1.0
2020-07-20T00:00:00.000Z,5957,24,36.0,908,0.0
2020-07-21T00:00:00.000Z,5992,24,35.0,822,0.0
2020-07-22T00:00:00.000Z,6024,26,32.0,711,2.0
2020-07-23T00:00:00.000Z,6058,26,34.0,586,0.0
2020-07-24T00:00:00.000Z,6094,27,36.0,486,1.0
2020-07-25T00:00:00.000Z,6126,27,32.0,357,0.0
2020-07-26T00:00:00.000Z,6155,27,29.0,371,0.0
2020-07-27T00:00:00.000Z,6183,27,28.0,395,0.0
2020-07-28T00:00:00.000Z,6213,28,30.0,410,1.0
2020-07-29T00:00:00.000Z,6240,28,27.0,420,0.0
2020-07-30T00:00:00.000Z,6266,29,26.0,433,1.0
2020-07-31T00:00:00.000Z,6295,30,29.0,449,1.0
2020-08-01T00:00:00.000Z,6323,30,28.0,464,0.0
2020-08-02T00:00:00.000Z,6352,30,29.0,488,0.0
2020-08-03T00:00:00.000Z,6382,30,30.0,518,0.0
2020-08-04T00:00:00.000Z,6411,30,29.0,529,0.0
2020-08-05T00:00:00.000Z,6437,31,26.0,546,1.0
2020-08-06T00:00:00.000Z,6464,32,27.0,557,1.0
2020-08-07T00:00:00.000Z,6489,32,25.0,569,0.0
2020-08-08T00:00:00.000Z,6518,34,29.0,585,2.0
2020-08-09T00:00:00.000Z,6546,34,28.0,613,0.0
2020-08-10T00:00:00.000Z,6570,34,24.0,637,0.0
2020-08-11T00:00:00.000Z,6597,34,27.0,650,0.0
2020-08-12T00:00:00.000Z,6625,34,28.0,665,0.0
2020-08-13T00:00:00.000Z,6655,36,30.0,679,2.0
2020-08-14T00:00:00.000Z,6684,37,29.0,690,1.0
2020-08-15T00:00:00.000Z,6715,37,31.0,700,0.0
2020-08-16T00:00:00.000Z,6742,38,27.0,727,1.0
2020-08-17T00:00:00.000Z,6772,38,30.0,757,0.0
2020-08-18T00:00:00.000Z,6798,38,26.0,765,0.0
2020-08-19T00:00:00.000Z,6827,39,29.0,778,1.0
2020-08-20T00:00:00.000Z,6855,39,28.0,780,0.0
2020-08-21T00:00:00.000Z,6880,40,25.0,782,1.0
2020-08-22T00:00:00.000Z,6907,41,27.0,784,1.0
2020-08-23T00:00:00.000Z,6937,41,30.0,814,0.0
2020-08-24T00:00:00.000Z,6966,41,29.0,843,0.0
2020-08-25T00:00:00.000Z,6993,42,27.0,847,1.0
2020-08-26T00:00:00.000Z,7019,42,26.0,852,0.0
2020-08-27T00:00:00.000Z,7047,43,28.0,855,1.0
2020-08-28T00:00:00.000Z,7078,43,31.0,859,0.0
2020-08-29T00:00:00.000Z,7105,44,27.0,854,1.0
2020-08-30T00:00:00.000Z,7135,44,30.0,884,0.0
2020-08-31T00:00:00.000Z,7161,44,26.0,910,0.0
2020-09-01T00:00:00.000Z,7190,44,29.0,912,0.0
2020-09-02T00:00:00.000Z,7217,44,27.0,921,0.0
2020-09-03T00:00:00.000Z,7246,45,29.0,934,1.0
2020-09-04T00:00:00.000Z,7278,46,32.0,945,1.0
2020-09-05T00:00:00.000Z,7308,46,30.0,957,0.0
2020-09-06T00:00:00.000Z,7341,46,33.0,990,0.0
2020-09-07T00:00:00.000Z,7372,46,31.0,1021,0.0
2020-09-08T00:00:00.000Z,7402,46,30.0,1032,0.0
2020-09-09T00:00:00.000Z,7431,47,29.0,1040,1.0
2020-09-10T00:00:00.000Z,7459,47,28.0,1045,0.0
2020-09-11T00:00:00.000Z,7490,47,31.0,1053,0.0
2020-09-12T00:00:00.000Z,7523,47,33.0,1065,0.0
2020-09-13T00:00:00.000Z,7552,47,29.0,1094,0.0
2020-09-14T00:00:00.000Z,7584,47,32.0,1126,0.0
2020-09-15T00:00:00.000Z,7614,47,30.0,1131,0.0
2020-09-16T00:00:00.000Z,7647,47,33.0,1141,0.0
2020-09-17T00:00:00.000Z,7678,47,31.0,1151,0.0
2020-09-18T00:00:00.000Z,7712,47,34.0,1165,0.0
2020-09-19T00:00:00.000Z,7747,47,35.0,1182,0.0
2020-09-20T00:00:00.000Z,7781,47,34.0,1216,0.0
2020-09-21T00:00:00.000Z,7816,47,35.0,1251,0.0
2020-09-22T00:00:00.000Z,7852,49,36.0,1263,2.0
2020-09-23T00:00:00.000Z,7891,49,39.0,1277,0.0
2020-09-24T00:00:00.000Z,7931,49,40.0,1293,0.0
2020-09-25T00:00:00.000Z,7973,49,42.0,1313,0.0
2020-09-26T00:00:00.000Z,8013,50,40.0,1332,1.0
2020-09-27T00:00:00.000Z,8052,50,39.0,1371,0.0
2020-09-28T00:00:00.000Z,8093,50,41.0,1412,0.0
2020-09-29T00:00:00.000Z,8133,50,40.0,1431,0.0
2020-09-30T00:00:00.000Z,8176,50,43.0,1454,0.0
2020-10-01T00:00:00.000Z,8221,51,45.0,1478,1.0
2020-10-02T00:00:00.000Z,8270,51,49.0,1505,0.0
2020-10-03T00:00:00.000Z,8319,52,49.0,1531,1.0
2020-10-04T00:00:00.000Z,8371,52,52.0,1579,0.0
2020-10-05T00:00:00.000Z,8422,52,51.0,1625,0.0
2020-10-06T00:00:00.000Z,8476,52,54.0,1657,0.0
2020-10-07T00:00:00.000Z,8531,52,55.0,1689,0.0
2020-10-08T00:00:00.000Z,8589,53,58.0,1725,1.0
2020-10-09T00:00:00.000Z,8654,53,65.0,1767,0.0
2020-10-10T00:00:00.000Z,8728,54,74.0,1818,1.0
2020-10-11T00:00:00.000Z,8811,54,83.0,1896,0.0
