date,total_cases,total_death,daily_cases,total_currently_infected,death_per_day
2020-03-28T00:00:00.000Z,4,0,4.0,4,0.0
2020-03-29T00:00:00.000Z,4,0,0.0,4,0.0
2020-03-30T00:00:00.000Z,4,0,0.0,4,0.0
2020-03-31T00:00:00.000Z,4,0,0.0,4,0.0
2020-04-01T00:00:00.000Z,5,0,1.0,5,0.0
2020-04-02T00:00:00.000Z,5,0,0.0,5,0.0
2020-04-03T00:00:00.000Z,5,0,0.0,5,0.0
2020-04-04T00:00:00.000Z,6,0,1.0,6,0.0
2020-04-05T00:00:00.000Z,6,0,0.0,6,0.0
2020-04-06T00:00:00.000Z,6,0,0.0,6,0.0
2020-04-07T00:00:00.000Z,6,0,0.0,2,0.0
2020-04-08T00:00:00.000Z,11,0,5.0,7,0.0
2020-04-09T00:00:00.000Z,11,0,0.0,7,0.0
2020-04-10T00:00:00.000Z,11,0,0.0,7,0.0
2020-04-11T00:00:00.000Z,11,0,0.0,7,0.0
2020-04-12T00:00:00.000Z,11,0,0.0,7,0.0
2020-04-13T00:00:00.000Z,11,0,0.0,5,0.0
2020-04-14T00:00:00.000Z,11,0,0.0,5,0.0
2020-04-15T00:00:00.000Z,12,0,1.0,6,0.0
2020-04-16T00:00:00.000Z,12,0,0.0,6,0.0
2020-04-17T00:00:00.000Z,19,0,7.0,13,0.0
2020-04-18T00:00:00.000Z,19,0,0.0,13,0.0
2020-04-19T00:00:00.000Z,19,0,0.0,11,0.0
2020-04-20T00:00:00.000Z,19,0,0.0,11,0.0
2020-04-21T00:00:00.000Z,19,0,0.0,11,0.0
2020-04-22T00:00:00.000Z,19,0,0.0,11,0.0
2020-04-23T00:00:00.000Z,19,0,0.0,11,0.0
2020-04-24T00:00:00.000Z,20,0,1.0,12,0.0
2020-04-25T00:00:00.000Z,20,0,0.0,7,0.0
2020-04-26T00:00:00.000Z,20,0,0.0,7,0.0
2020-04-27T00:00:00.000Z,21,0,1.0,6,0.0
2020-04-28T00:00:00.000Z,22,0,1.0,5,0.0
2020-04-29T00:00:00.000Z,22,0,0.0,3,0.0
2020-04-30T00:00:00.000Z,23,0,1.0,4,0.0
2020-05-01T00:00:00.000Z,24,0,1.0,5,0.0
2020-05-02T00:00:00.000Z,24,0,0.0,5,0.0
2020-05-03T00:00:00.000Z,26,0,2.0,7,0.0
2020-05-04T00:00:00.000Z,28,0,2.0,9,0.0
2020-05-05T00:00:00.000Z,29,0,1.0,9,0.0
2020-05-06T00:00:00.000Z,29,0,0.0,9,0.0
2020-05-07T00:00:00.000Z,31,0,2.0,11,0.0
2020-05-08T00:00:00.000Z,31,0,0.0,11,0.0
2020-05-09T00:00:00.000Z,37,0,6.0,17,0.0
2020-05-10T00:00:00.000Z,37,0,0.0,17,0.0
2020-05-11T00:00:00.000Z,38,0,1.0,18,0.0
2020-05-12T00:00:00.000Z,41,0,3.0,21,0.0
2020-05-13T00:00:00.000Z,42,0,1.0,20,0.0
2020-05-14T00:00:00.000Z,44,0,2.0,19,0.0
2020-05-15T00:00:00.000Z,45,0,1.0,18,0.0
2020-05-16T00:00:00.000Z,48,0,3.0,20,0.0
2020-05-17T00:00:00.000Z,50,0,2.0,22,0.0
2020-05-18T00:00:00.000Z,50,0,0.0,21,0.0
2020-05-19T00:00:00.000Z,56,0,6.0,27,0.0
2020-05-20T00:00:00.000Z,57,0,1.0,28,0.0
2020-05-21T00:00:00.000Z,59,0,2.0,26,0.0
2020-05-22T00:00:00.000Z,63,0,4.0,28,0.0
2020-05-23T00:00:00.000Z,66,0,3.0,30,0.0
2020-05-24T00:00:00.000Z,68,0,2.0,32,0.0
2020-05-25T00:00:00.000Z,69,0,1.0,32,0.0
2020-05-26T00:00:00.000Z,74,0,5.0,27,0.0
2020-05-27T00:00:00.000Z,76,0,2.0,29,0.0
2020-05-28T00:00:00.000Z,80,0,4.0,31,0.0
2020-05-29T00:00:00.000Z,94,0,14.0,41,0.0
2020-05-30T00:00:00.000Z,101,0,7.0,48,0.0
2020-05-31T00:00:00.000Z,115,0,14.0,62,0.0
2020-06-01T00:00:00.000Z,118,0,3.0,65,0.0
2020-06-02T00:00:00.000Z,133,0,15.0,79,0.0
2020-06-03T00:00:00.000Z,143,0,10.0,81,0.0
2020-06-04T00:00:00.000Z,147,0,4.0,85,0.0
2020-06-05T00:00:00.000Z,160,0,13.0,97,0.0
2020-06-06T00:00:00.000Z,170,0,10.0,107,0.0
2020-06-07T00:00:00.000Z,188,0,18.0,117,0.0
2020-06-08T00:00:00.000Z,204,0,16.0,133,0.0
2020-06-09T00:00:00.000Z,216,0,12.0,145,0.0
2020-06-10T00:00:00.000Z,250,0,34.0,179,0.0
2020-06-11T00:00:00.000Z,264,0,14.0,193,0.0
2020-06-12T00:00:00.000Z,305,0,41.0,234,0.0
2020-06-13T00:00:00.000Z,320,0,15.0,222,0.0
2020-06-14T00:00:00.000Z,330,0,10.0,232,0.0
2020-06-15T00:00:00.000Z,343,0,13.0,245,0.0
2020-06-16T00:00:00.000Z,362,0,19.0,264,0.0
2020-06-17T00:00:00.000Z,394,0,32.0,296,0.0
2020-06-18T00:00:00.000Z,423,0,29.0,323,0.0
2020-06-19T00:00:00.000Z,447,0,24.0,347,0.0
2020-06-20T00:00:00.000Z,495,0,48.0,393,0.0
2020-06-21T00:00:00.000Z,525,0,30.0,423,0.0
2020-06-22T00:00:00.000Z,566,0,41.0,463,0.0
2020-06-23T00:00:00.000Z,567,0,1.0,464,0.0
2020-06-24T00:00:00.000Z,628,0,61.0,513,0.0
2020-06-25T00:00:00.000Z,663,0,35.0,544,0.0
2020-06-26T00:00:00.000Z,702,0,39.0,582,0.0
2020-06-27T00:00:00.000Z,721,0,19.0,601,0.0
2020-06-28T00:00:00.000Z,742,0,21.0,497,0.0
2020-06-29T00:00:00.000Z,771,0,29.0,496,0.0
2020-06-30T00:00:00.000Z,800,0,29.0,468,0.0
2020-07-01T00:00:00.000Z,828,0,28.0,490,0.0
2020-07-02T00:00:00.000Z,853,0,25.0,514,0.0
2020-07-03T00:00:00.000Z,885,0,32.0,537,0.0
2020-07-04T00:00:00.000Z,918,0,33.0,561,0.0
2020-07-05T00:00:00.000Z,953,0,35.0,593,0.0
2020-07-06T00:00:00.000Z,993,0,40.0,629,0.0
2020-07-07T00:00:00.000Z,1035,0,42.0,650,0.0
2020-07-08T00:00:00.000Z,1103,0,68.0,667,0.0
2020-07-09T00:00:00.000Z,1172,0,69.0,721,0.0
2020-07-10T00:00:00.000Z,1240,0,68.0,768,0.0
2020-07-11T00:00:00.000Z,1307,0,67.0,797,0.0
2020-07-12T00:00:00.000Z,1376,0,69.0,863,0.0
2020-07-13T00:00:00.000Z,1443,0,67.0,922,0.0
2020-07-14T00:00:00.000Z,1507,0,64.0,965,0.0
2020-07-15T00:00:00.000Z,1568,0,61.0,1004,0.0
2020-07-16T00:00:00.000Z,1628,0,60.0,1060,0.0
2020-07-17T00:00:00.000Z,1687,0,59.0,1115,0.0
2020-07-18T00:00:00.000Z,1747,0,60.0,1163,0.0
2020-07-19T00:00:00.000Z,1806,0,59.0,1222,0.0
2020-07-20T00:00:00.000Z,1863,0,57.0,1264,0.0
2020-07-21T00:00:00.000Z,1926,0,63.0,1299,0.0
2020-07-22T00:00:00.000Z,1994,0,68.0,1343,0.0
2020-07-23T00:00:00.000Z,2061,0,67.0,1376,0.0
2020-07-24T00:00:00.000Z,2126,0,65.0,1425,0.0
2020-07-25T00:00:00.000Z,2185,0,59.0,1414,0.0
2020-07-26T00:00:00.000Z,2235,0,50.0,1447,0.0
2020-07-27T00:00:00.000Z,2294,0,59.0,1472,0.0
2020-07-28T00:00:00.000Z,2362,0,68.0,1469,0.0
2020-07-29T00:00:00.000Z,2431,0,69.0,1499,0.0
2020-07-30T00:00:00.000Z,2498,0,67.0,1528,0.0
2020-07-31T00:00:00.000Z,2559,0,61.0,1528,0.0
2020-08-01T00:00:00.000Z,2625,0,66.0,1527,0.0
2020-08-02T00:00:00.000Z,2685,0,60.0,1452,0.0
2020-08-03T00:00:00.000Z,2744,0,59.0,1506,0.0
2020-08-04T00:00:00.000Z,2811,0,67.0,1471,0.0
2020-08-05T00:00:00.000Z,2876,0,65.0,1458,0.0
2020-08-06T00:00:00.000Z,2944,0,68.0,1438,0.0
2020-08-07T00:00:00.000Z,3010,0,66.0,1462,0.0
2020-08-08T00:00:00.000Z,3075,0,65.0,1506,0.0
2020-08-09T00:00:00.000Z,3137,0,62.0,1558,0.0
2020-08-10T00:00:00.000Z,3204,0,67.0,1619,0.0
2020-08-11T00:00:00.000Z,3267,0,63.0,1597,0.0
2020-08-12T00:00:00.000Z,3326,0,59.0,1606,0.0
2020-08-13T00:00:00.000Z,3390,0,64.0,1612,0.0
2020-08-14T00:00:00.000Z,3458,0,68.0,1603,0.0
2020-08-15T00:00:00.000Z,3519,0,61.0,1606,0.0
2020-08-16T00:00:00.000Z,3578,0,59.0,1654,0.0
2020-08-17T00:00:00.000Z,3635,0,57.0,1701,0.0
2020-08-18T00:00:00.000Z,3695,0,60.0,1621,0.0
2020-08-19T00:00:00.000Z,3752,0,57.0,1639,0.0
2020-08-20T00:00:00.000Z,3811,0,59.0,1670,0.0
2020-08-21T00:00:00.000Z,3867,0,56.0,1687,0.0
2020-08-22T00:00:00.000Z,3925,0,58.0,1697,0.0
2020-08-23T00:00:00.000Z,3980,0,55.0,1745,0.0
2020-08-24T00:00:00.000Z,4037,0,57.0,1786,0.0
2020-08-25T00:00:00.000Z,4096,0,59.0,1781,0.0
2020-08-26T00:00:00.000Z,4152,0,56.0,1773,0.0
2020-08-27T00:00:00.000Z,4210,0,58.0,1725,0.0
2020-08-28T00:00:00.000Z,4265,0,55.0,1746,0.0
2020-08-29T00:00:00.000Z,4319,0,54.0,1738,0.0
2020-08-30T00:00:00.000Z,4371,0,52.0,1769,0.0
2020-08-31T00:00:00.000Z,4420,0,49.0,1803,0.0
2020-09-01T00:00:00.000Z,4473,0,53.0,1823,0.0
2020-09-02T00:00:00.000Z,4524,0,51.0,1831,0.0
2020-09-03T00:00:00.000Z,4572,0,48.0,1828,0.0
2020-09-04T00:00:00.000Z,4622,0,50.0,1827,0.0
2020-09-05T00:00:00.000Z,4671,0,49.0,1813,0.0
2020-09-06T00:00:00.000Z,4718,0,47.0,1848,0.0
2020-09-07T00:00:00.000Z,4762,0,44.0,1876,0.0
2020-09-08T00:00:00.000Z,4808,0,46.0,1817,0.0
2020-09-09T00:00:00.000Z,4851,0,43.0,1747,0.0
2020-09-10T00:00:00.000Z,4892,0,41.0,1721,0.0
2020-09-11T00:00:00.000Z,4931,0,39.0,1705,0.0
2020-09-12T00:00:00.000Z,4968,0,37.0,1678,0.0
2020-09-13T00:00:00.000Z,5008,0,40.0,1665,0.0
2020-09-14T00:00:00.000Z,5046,0,38.0,1683,0.0
2020-09-15T00:00:00.000Z,5081,0,35.0,1614,0.0
2020-09-16T00:00:00.000Z,5112,0,31.0,1593,0.0
2020-09-17T00:00:00.000Z,5145,0,33.0,1572,0.0
2020-09-18T00:00:00.000Z,5174,0,29.0,1532,0.0
2020-09-19T00:00:00.000Z,5206,0,32.0,1527,0.0
2020-09-20T00:00:00.000Z,5236,0,30.0,1555,0.0
2020-09-21T00:00:00.000Z,5264,0,28.0,1554,0.0
2020-09-22T00:00:00.000Z,5308,0,44.0,1539,0.0
2020-09-23T00:00:00.000Z,5347,0,39.0,1545,0.0
2020-09-24T00:00:00.000Z,5382,0,35.0,1544,0.0
2020-09-25T00:00:00.000Z,5416,0,34.0,1574,0.0
2020-09-26T00:00:00.000Z,5444,0,28.0,1579,0.0
2020-09-27T00:00:00.000Z,5476,0,32.0,1610,0.0
2020-09-28T00:00:00.000Z,5512,0,36.0,1628,0.0
2020-09-29T00:00:00.000Z,5550,0,38.0,1619,0.0
2020-09-30T00:00:00.000Z,5591,0,41.0,1637,0.0
2020-10-01T00:00:00.000Z,5639,0,48.0,1644,0.0
2020-10-02T00:00:00.000Z,5694,0,55.0,1635,0.0
2020-10-03T00:00:00.000Z,5760,0,66.0,1679,0.0
2020-10-04T00:00:00.000Z,5811,0,51.0,1722,0.0
2020-10-05T00:00:00.000Z,5864,0,53.0,1763,0.0
2020-10-06T00:00:00.000Z,5919,0,55.0,1723,0.0
2020-10-07T00:00:00.000Z,5971,0,52.0,1712,0.0
2020-10-08T00:00:00.000Z,6029,0,58.0,1663,0.0
2020-10-09T00:00:00.000Z,6085,0,56.0,1670,0.0
2020-10-10T00:00:00.000Z,6144,0,59.0,1705,0.0
2020-10-11T00:00:00.000Z,6205,0,61.0,1764,0.0
