date,total_cases,total_death,daily_cases,total_currently_infected,death_per_day
2020-03-18T00:00:00.000Z,5,0,5.0,5,0.0
2020-03-19T00:00:00.000Z,5,0,0.0,5,0.0
2020-03-20T00:00:00.000Z,9,0,4.0,9,0.0
2020-03-21T00:00:00.000Z,9,0,0.0,9,0.0
2020-03-22T00:00:00.000Z,9,0,0.0,9,0.0
2020-03-23T00:00:00.000Z,9,0,0.0,9,0.0
2020-03-24T00:00:00.000Z,10,0,1.0,10,0.0
2020-03-25T00:00:00.000Z,10,0,0.0,10,0.0
2020-03-26T00:00:00.000Z,12,0,2.0,12,0.0
2020-03-27T00:00:00.000Z,14,0,2.0,14,0.0
2020-03-28T00:00:00.000Z,14,0,0.0,13,0.0
2020-03-29T00:00:00.000Z,14,0,0.0,13,0.0
2020-03-30T00:00:00.000Z,14,0,0.0,13,0.0
2020-03-31T00:00:00.000Z,15,0,1.0,14,0.0
2020-04-01T00:00:00.000Z,15,0,0.0,13,0.0
2020-04-02T00:00:00.000Z,17,0,2.0,10,0.0
2020-04-03T00:00:00.000Z,17,0,0.0,10,0.0
2020-04-04T00:00:00.000Z,17,0,0.0,10,0.0
2020-04-05T00:00:00.000Z,17,0,0.0,9,0.0
2020-04-06T00:00:00.000Z,17,0,0.0,8,0.0
2020-04-07T00:00:00.000Z,17,0,0.0,8,0.0
2020-04-08T00:00:00.000Z,18,0,1.0,9,0.0
2020-04-09T00:00:00.000Z,18,0,0.0,8,0.0
2020-04-10T00:00:00.000Z,20,0,2.0,9,0.0
2020-04-11T00:00:00.000Z,21,0,1.0,7,0.0
2020-04-12T00:00:00.000Z,24,0,3.0,10,0.0
2020-04-13T00:00:00.000Z,29,0,5.0,15,0.0
2020-04-14T00:00:00.000Z,40,0,11.0,26,0.0
2020-04-15T00:00:00.000Z,40,0,0.0,26,0.0
2020-04-16T00:00:00.000Z,50,0,10.0,36,0.0
2020-04-17T00:00:00.000Z,63,0,13.0,49,0.0
2020-04-18T00:00:00.000Z,64,0,1.0,49,0.0
2020-04-19T00:00:00.000Z,79,0,15.0,64,0.0
2020-04-20T00:00:00.000Z,95,0,16.0,80,0.0
2020-04-21T00:00:00.000Z,103,0,8.0,88,0.0
2020-04-22T00:00:00.000Z,115,0,12.0,100,0.0
2020-04-23T00:00:00.000Z,141,0,26.0,126,0.0
2020-04-24T00:00:00.000Z,185,0,44.0,166,0.0
2020-04-25T00:00:00.000Z,209,0,24.0,187,0.0
2020-04-26T00:00:00.000Z,229,2,20.0,203,2.0
2020-04-27T00:00:00.000Z,264,2,35.0,238,0.0
2020-04-28T00:00:00.000Z,272,5,8.0,245,3.0
2020-04-29T00:00:00.000Z,327,5,55.0,294,0.0
2020-04-30T00:00:00.000Z,367,5,40.0,331,0.0
2020-05-01T00:00:00.000Z,392,5,25.0,340,0.0
2020-05-02T00:00:00.000Z,433,5,41.0,380,0.0
2020-05-03T00:00:00.000Z,518,5,85.0,460,0.0
2020-05-04T00:00:00.000Z,578,5,60.0,519,0.0
2020-05-05T00:00:00.000Z,595,6,17.0,531,1.0
2020-05-06T00:00:00.000Z,676,6,81.0,604,0.0
2020-05-07T00:00:00.000Z,743,8,67.0,668,2.0
2020-05-08T00:00:00.000Z,802,8,59.0,720,0.0
2020-05-09T00:00:00.000Z,877,9,75.0,775,1.0
2020-05-10T00:00:00.000Z,951,9,74.0,825,0.0
2020-05-11T00:00:00.000Z,1017,9,66.0,882,0.0
2020-05-12T00:00:00.000Z,1083,9,66.0,935,0.0
2020-05-13T00:00:00.000Z,1162,9,79.0,988,0.0
2020-05-14T00:00:00.000Z,1246,9,84.0,1052,0.0
2020-05-15T00:00:00.000Z,1302,9,56.0,1069,0.0
2020-05-16T00:00:00.000Z,1372,9,70.0,1097,0.0
2020-05-17T00:00:00.000Z,1437,9,65.0,1142,0.0
2020-05-18T00:00:00.000Z,1503,10,66.0,1181,1.0
2020-05-19T00:00:00.000Z,1568,11,65.0,1203,1.0
2020-05-20T00:00:00.000Z,1666,11,98.0,1247,0.0
2020-05-21T00:00:00.000Z,1740,13,74.0,1255,2.0
2020-05-22T00:00:00.000Z,1814,14,74.0,1275,1.0
2020-05-23T00:00:00.000Z,1900,15,86.0,1322,1.0
2020-05-24T00:00:00.000Z,2021,16,121.0,1385,1.0
2020-05-25T00:00:00.000Z,2118,16,97.0,1476,0.0
2020-05-26T00:00:00.000Z,2205,17,87.0,1536,1.0
2020-05-27T00:00:00.000Z,2340,17,135.0,1579,0.0
2020-05-28T00:00:00.000Z,2437,18,97.0,1608,1.0
2020-05-29T00:00:00.000Z,2485,20,48.0,1593,2.0
2020-05-30T00:00:00.000Z,2527,20,42.0,1579,0.0
2020-05-31T00:00:00.000Z,2612,20,85.0,1587,0.0
2020-06-01T00:00:00.000Z,2648,20,36.0,1588,0.0
2020-06-02T00:00:00.000Z,2724,22,76.0,1652,2.0
2020-06-03T00:00:00.000Z,2770,23,46.0,1632,1.0
2020-06-04T00:00:00.000Z,2833,23,63.0,1621,0.0
2020-06-05T00:00:00.000Z,2922,23,89.0,1640,0.0
2020-06-06T00:00:00.000Z,3026,25,104.0,1678,2.0
2020-06-07T00:00:00.000Z,3114,27,88.0,1689,2.0
2020-06-08T00:00:00.000Z,3200,29,86.0,1751,2.0
2020-06-09T00:00:00.000Z,3246,32,46.0,1761,3.0
2020-06-10T00:00:00.000Z,3359,34,113.0,1789,2.0
2020-06-11T00:00:00.000Z,3470,37,111.0,1819,3.0
2020-06-12T00:00:00.000Z,3548,40,78.0,1807,3.0
2020-06-13T00:00:00.000Z,3694,43,146.0,1847,3.0
2020-06-14T00:00:00.000Z,3804,46,110.0,1915,3.0
2020-06-15T00:00:00.000Z,3910,49,106.0,1979,3.0
2020-06-16T00:00:00.000Z,3980,50,70.0,2038,1.0
2020-06-17T00:00:00.000Z,4024,51,44.0,2006,1.0
2020-06-18T00:00:00.000Z,4100,53,76.0,2022,2.0
2020-06-19T00:00:00.000Z,4183,53,83.0,2073,0.0
2020-06-20T00:00:00.000Z,4250,53,67.0,2054,0.0
2020-06-21T00:00:00.000Z,4325,53,75.0,2090,0.0
2020-06-22T00:00:00.000Z,4388,53,63.0,2116,0.0
2020-06-23T00:00:00.000Z,4451,53,63.0,2142,0.0
2020-06-24T00:00:00.000Z,4502,53,51.0,2097,0.0
2020-06-25T00:00:00.000Z,4557,53,55.0,2128,0.0
2020-06-26T00:00:00.000Z,4617,53,60.0,2139,0.0
2020-06-27T00:00:00.000Z,4676,53,59.0,2100,0.0
2020-06-28T00:00:00.000Z,4738,53,62.0,2109,0.0
2020-06-29T00:00:00.000Z,4786,53,48.0,2151,0.0
2020-06-30T00:00:00.000Z,4837,56,51.0,2123,3.0
2020-07-01T00:00:00.000Z,4900,56,63.0,2095,0.0
2020-07-02T00:00:00.000Z,4973,56,73.0,2139,0.0
2020-07-03T00:00:00.000Z,5050,58,77.0,2078,2.0
2020-07-04T00:00:00.000Z,5137,58,87.0,2058,0.0
2020-07-05T00:00:00.000Z,5264,58,127.0,2163,0.0
2020-07-06T00:00:00.000Z,5399,58,135.0,2273,0.0
2020-07-07T00:00:00.000Z,5501,58,102.0,2310,0.0
2020-07-08T00:00:00.000Z,5576,59,75.0,2300,1.0
2020-07-09T00:00:00.000Z,5644,59,68.0,2238,0.0
2020-07-10T00:00:00.000Z,5721,61,77.0,2217,2.0
2020-07-11T00:00:00.000Z,5804,63,83.0,2242,2.0
2020-07-12T00:00:00.000Z,5882,64,78.0,2286,1.0
2020-07-13T00:00:00.000Z,5954,64,72.0,2347,0.0
2020-07-14T00:00:00.000Z,6019,66,65.0,2353,2.0
2020-07-15T00:00:00.000Z,6078,70,59.0,2333,4.0
2020-07-16T00:00:00.000Z,6135,73,57.0,2323,3.0
2020-07-17T00:00:00.000Z,6197,73,62.0,2314,0.0
2020-07-18T00:00:00.000Z,6259,73,62.0,2321,0.0
2020-07-19T00:00:00.000Z,6320,73,61.0,2358,0.0
2020-07-20T00:00:00.000Z,6380,74,60.0,2385,1.0
2020-07-21T00:00:00.000Z,6437,76,57.0,2376,2.0
2020-07-22T00:00:00.000Z,6489,77,52.0,2343,1.0
2020-07-23T00:00:00.000Z,6538,78,49.0,2282,1.0
2020-07-24T00:00:00.000Z,6580,78,42.0,2254,0.0
2020-07-25T00:00:00.000Z,6619,79,39.0,2187,1.0
2020-07-26T00:00:00.000Z,6660,80,41.0,2218,1.0
2020-07-27T00:00:00.000Z,6697,81,37.0,2236,1.0
2020-07-28T00:00:00.000Z,6729,81,32.0,2076,0.0
2020-07-29T00:00:00.000Z,6761,85,32.0,2028,4.0
2020-07-30T00:00:00.000Z,6797,87,36.0,1949,2.0
2020-07-31T00:00:00.000Z,6840,89,43.0,1860,2.0
2020-08-01T00:00:00.000Z,6883,90,43.0,1801,1.0
2020-08-02T00:00:00.000Z,6930,91,47.0,1810,1.0
2020-08-03T00:00:00.000Z,6975,94,45.0,1850,3.0
2020-08-04T00:00:00.000Z,7011,97,36.0,1850,3.0
2020-08-05T00:00:00.000Z,7045,102,34.0,1765,5.0
2020-08-06T00:00:00.000Z,7089,103,44.0,1745,1.0
2020-08-07T00:00:00.000Z,7131,104,42.0,1750,1.0
2020-08-08T00:00:00.000Z,7174,105,43.0,1725,1.0
2020-08-09T00:00:00.000Z,7222,107,48.0,1773,2.0
2020-08-10T00:00:00.000Z,7272,107,50.0,1800,0.0
2020-08-11T00:00:00.000Z,7320,110,48.0,1802,3.0
2020-08-12T00:00:00.000Z,7372,111,52.0,1790,1.0
2020-08-13T00:00:00.000Z,7423,113,51.0,1789,2.0
2020-08-14T00:00:00.000Z,7472,115,49.0,1779,2.0
2020-08-15T00:00:00.000Z,7522,117,50.0,1762,2.0
2020-08-16T00:00:00.000Z,7575,117,53.0,1805,0.0
2020-08-17T00:00:00.000Z,7620,117,45.0,1844,0.0
2020-08-18T00:00:00.000Z,7663,117,43.0,1828,0.0
2020-08-19T00:00:00.000Z,7706,121,43.0,1811,4.0
2020-08-20T00:00:00.000Z,7750,122,44.0,1784,1.0
2020-08-21T00:00:00.000Z,7794,122,44.0,1775,0.0
2020-08-22T00:00:00.000Z,7844,122,50.0,1687,0.0
2020-08-23T00:00:00.000Z,7908,123,64.0,1692,1.0
2020-08-24T00:00:00.000Z,7981,123,73.0,1765,0.0
2020-08-25T00:00:00.000Z,8056,123,75.0,1569,0.0
2020-08-26T00:00:00.000Z,8126,123,70.0,1545,0.0
2020-08-27T00:00:00.000Z,8200,124,74.0,1519,1.0
2020-08-28T00:00:00.000Z,8275,124,75.0,1530,0.0
2020-08-29T00:00:00.000Z,8350,124,75.0,1543,0.0
2020-08-30T00:00:00.000Z,8426,125,76.0,1591,1.0
2020-08-31T00:00:00.000Z,8505,125,79.0,1661,0.0
2020-09-01T00:00:00.000Z,8586,129,81.0,1665,4.0
2020-09-02T00:00:00.000Z,8683,133,97.0,1685,4.0
2020-09-03T00:00:00.000Z,8781,133,98.0,1716,0.0
2020-09-04T00:00:00.000Z,8888,134,107.0,1748,1.0
2020-09-05T00:00:00.000Z,8993,135,105.0,1768,1.0
2020-09-06T00:00:00.000Z,9094,135,101.0,1860,0.0
2020-09-07T00:00:00.000Z,9196,135,102.0,1962,0.0
2020-09-08T00:00:00.000Z,9294,137,98.0,1984,2.0
2020-09-09T00:00:00.000Z,9395,138,101.0,1994,1.0
2020-09-10T00:00:00.000Z,9500,138,105.0,1991,0.0
2020-09-11T00:00:00.000Z,9607,142,107.0,1992,4.0
2020-09-12T00:00:00.000Z,9713,142,106.0,2033,0.0
2020-09-13T00:00:00.000Z,9824,144,111.0,2106,2.0
2020-09-14T00:00:00.000Z,9944,144,120.0,2219,0.0
2020-09-15T00:00:00.000Z,10066,144,122.0,2249,0.0
2020-09-16T00:00:00.000Z,10187,145,121.0,2299,1.0
2020-09-17T00:00:00.000Z,10312,159,125.0,2365,14.0
2020-09-18T00:00:00.000Z,10435,163,123.0,2380,4.0
2020-09-19T00:00:00.000Z,10550,172,115.0,2340,9.0
2020-09-20T00:00:00.000Z,10664,172,114.0,2407,0.0
2020-09-21T00:00:00.000Z,10776,173,112.0,2500,1.0
2020-09-22T00:00:00.000Z,10888,175,112.0,2508,2.0
2020-09-23T00:00:00.000Z,10999,177,111.0,2452,2.0
2020-09-24T00:00:00.000Z,11109,178,110.0,2441,1.0
2020-09-25T00:00:00.000Z,11220,178,111.0,2503,0.0
2020-09-26T00:00:00.000Z,11331,184,111.0,2490,6.0
2020-09-27T00:00:00.000Z,11441,185,110.0,2555,1.0
2020-09-28T00:00:00.000Z,11551,188,110.0,2620,3.0
2020-09-29T00:00:00.000Z,11662,188,111.0,2660,0.0
2020-09-30T00:00:00.000Z,11772,191,110.0,2612,3.0
2020-10-01T00:00:00.000Z,11884,194,112.0,2631,3.0
2020-10-02T00:00:00.000Z,11996,199,112.0,2656,5.0
2020-10-03T00:00:00.000Z,12107,203,111.0,2649,4.0
2020-10-04T00:00:00.000Z,12221,203,114.0,2681,0.0
2020-10-05T00:00:00.000Z,12332,203,111.0,2721,0.0
2020-10-06T00:00:00.000Z,12447,206,115.0,2748,3.0
2020-10-07T00:00:00.000Z,12566,206,119.0,2760,0.0
2020-10-08T00:00:00.000Z,12684,207,118.0,2733,1.0
2020-10-09T00:00:00.000Z,12805,207,121.0,2759,0.0
2020-10-10T00:00:00.000Z,12930,207,125.0,2798,0.0
2020-10-11T00:00:00.000Z,13057,207,127.0,2871,0.0
