date,total_cases,total_death,daily_cases,total_currently_infected,death_per_day
2020-03-19T00:00:00.000Z,1,0,1.0,1,0.0
2020-03-20T00:00:00.000Z,1,0,0.0,1,0.0
2020-03-21T00:00:00.000Z,1,0,0.0,1,0.0
2020-03-22T00:00:00.000Z,1,0,0.0,1,0.0
2020-03-23T00:00:00.000Z,1,0,0.0,1,0.0
2020-03-24T00:00:00.000Z,1,0,0.0,1,0.0
2020-03-25T00:00:00.000Z,1,0,0.0,1,0.0
2020-03-26T00:00:00.000Z,1,0,0.0,1,0.0
2020-03-27T00:00:00.000Z,1,0,0.0,1,0.0
2020-03-28T00:00:00.000Z,2,0,1.0,2,0.0
2020-03-29T00:00:00.000Z,2,0,0.0,2,0.0
2020-03-30T00:00:00.000Z,4,0,2.0,4,0.0
2020-03-31T00:00:00.000Z,4,0,0.0,4,0.0
2020-04-01T00:00:00.000Z,15,0,11.0,14,0.0
2020-04-02T00:00:00.000Z,15,0,0.0,14,0.0
2020-04-03T00:00:00.000Z,19,0,4.0,18,0.0
2020-04-04T00:00:00.000Z,19,0,0.0,18,0.0
2020-04-05T00:00:00.000Z,19,0,0.0,18,0.0
2020-04-06T00:00:00.000Z,19,0,0.0,18,0.0
2020-04-07T00:00:00.000Z,25,0,6.0,24,0.0
2020-04-08T00:00:00.000Z,26,0,1.0,25,0.0
2020-04-09T00:00:00.000Z,30,0,4.0,29,0.0
2020-04-10T00:00:00.000Z,34,0,4.0,32,0.0
2020-04-11T00:00:00.000Z,35,0,1.0,33,0.0
2020-04-12T00:00:00.000Z,42,0,7.0,40,0.0
2020-04-13T00:00:00.000Z,44,0,2.0,40,0.0
2020-04-14T00:00:00.000Z,49,0,5.0,43,0.0
2020-04-15T00:00:00.000Z,56,0,7.0,48,0.0
2020-04-16T00:00:00.000Z,70,0,14.0,62,0.0
2020-04-17T00:00:00.000Z,87,0,17.0,74,0.0
2020-04-18T00:00:00.000Z,98,0,11.0,85,0.0
2020-04-19T00:00:00.000Z,114,0,16.0,101,0.0
2020-04-20T00:00:00.000Z,142,0,28.0,129,0.0
2020-04-21T00:00:00.000Z,168,0,26.0,155,0.0
2020-04-22T00:00:00.000Z,190,0,22.0,171,0.0
2020-04-23T00:00:00.000Z,229,0,39.0,210,0.0
2020-04-24T00:00:00.000Z,245,0,16.0,215,0.0
2020-04-25T00:00:00.000Z,265,2,20.0,231,2.0
2020-04-26T00:00:00.000Z,305,2,40.0,267,0.0
2020-04-27T00:00:00.000Z,327,2,22.0,288,0.0
2020-04-28T00:00:00.000Z,359,2,32.0,320,0.0
2020-04-29T00:00:00.000Z,392,2,33.0,343,0.0
2020-04-30T00:00:00.000Z,438,2,46.0,389,0.0
2020-05-01T00:00:00.000Z,487,2,49.0,435,0.0
2020-05-02T00:00:00.000Z,535,3,48.0,462,1.0
2020-05-03T00:00:00.000Z,585,3,50.0,490,0.0
2020-05-04T00:00:00.000Z,659,3,74.0,560,0.0
2020-05-05T00:00:00.000Z,737,3,78.0,631,0.0
2020-05-06T00:00:00.000Z,835,3,98.0,702,0.0
2020-05-07T00:00:00.000Z,876,4,41.0,741,1.0
2020-05-08T00:00:00.000Z,950,4,74.0,793,0.0
2020-05-09T00:00:00.000Z,1007,4,57.0,811,0.0
2020-05-10T00:00:00.000Z,1076,4,69.0,843,0.0
2020-05-11T00:00:00.000Z,1168,5,92.0,931,1.0
2020-05-12T00:00:00.000Z,1232,5,64.0,990,0.0
2020-05-13T00:00:00.000Z,1317,6,85.0,1073,1.0
2020-05-14T00:00:00.000Z,1413,6,96.0,1136,0.0
2020-05-15T00:00:00.000Z,1526,7,113.0,1205,1.0
2020-05-16T00:00:00.000Z,1633,7,107.0,1274,0.0
2020-05-17T00:00:00.000Z,1754,8,121.0,1368,1.0
2020-05-18T00:00:00.000Z,1871,8,117.0,1450,0.0
2020-05-19T00:00:00.000Z,1980,11,109.0,1542,3.0
2020-05-20T00:00:00.000Z,2072,12,92.0,1586,1.0
2020-05-21T00:00:00.000Z,2139,15,67.0,1571,3.0
2020-05-22T00:00:00.000Z,2223,16,84.0,1584,1.0
2020-05-23T00:00:00.000Z,2321,18,98.0,1622,2.0
2020-05-24T00:00:00.000Z,2418,20,97.0,1657,2.0
2020-05-25T00:00:00.000Z,2516,22,98.0,1731,2.0
2020-05-26T00:00:00.000Z,2581,25,65.0,1769,3.0
2020-05-27T00:00:00.000Z,2649,30,68.0,1788,5.0
2020-05-28T00:00:00.000Z,2746,32,97.0,1804,2.0
2020-05-29T00:00:00.000Z,2840,34,94.0,1807,2.0
2020-05-30T00:00:00.000Z,2936,34,96.0,1818,0.0
2020-05-31T00:00:00.000Z,3078,34,142.0,1925,0.0
2020-06-01T00:00:00.000Z,3174,34,96.0,2016,0.0
2020-06-02T00:00:00.000Z,3269,34,95.0,2063,0.0
2020-06-03T00:00:00.000Z,3363,34,94.0,2075,0.0
2020-06-04T00:00:00.000Z,3457,35,94.0,2096,1.0
2020-06-05T00:00:00.000Z,3553,35,96.0,2149,0.0
2020-06-06T00:00:00.000Z,3651,36,98.0,2189,1.0
2020-06-07T00:00:00.000Z,3763,36,112.0,2216,0.0
2020-06-08T00:00:00.000Z,3900,37,137.0,2327,1.0
2020-06-09T00:00:00.000Z,4015,37,115.0,2419,0.0
2020-06-10T00:00:00.000Z,4132,37,117.0,2433,0.0
2020-06-11T00:00:00.000Z,4246,37,114.0,2435,0.0
2020-06-12T00:00:00.000Z,4362,37,116.0,2382,0.0
2020-06-13T00:00:00.000Z,4480,38,118.0,2466,1.0
2020-06-14T00:00:00.000Z,4606,38,126.0,2554,0.0
2020-06-15T00:00:00.000Z,4734,38,128.0,2663,0.0
2020-06-16T00:00:00.000Z,4857,39,123.0,2653,1.0
2020-06-17T00:00:00.000Z,4982,39,125.0,2665,0.0
2020-06-18T00:00:00.000Z,5101,40,119.0,2705,1.0
2020-06-19T00:00:00.000Z,5217,40,116.0,2710,0.0
2020-06-20T00:00:00.000Z,5335,41,118.0,2740,1.0
2020-06-21T00:00:00.000Z,5450,41,115.0,2832,0.0
2020-06-22T00:00:00.000Z,5562,41,112.0,2922,0.0
2020-06-23T00:00:00.000Z,5671,42,109.0,2882,1.0
2020-06-24T00:00:00.000Z,5782,42,111.0,2887,0.0
2020-06-25T00:00:00.000Z,5892,42,110.0,2970,0.0
2020-06-26T00:00:00.000Z,6003,42,111.0,2969,0.0
2020-06-27T00:00:00.000Z,6115,42,112.0,2957,0.0
2020-06-28T00:00:00.000Z,6225,43,110.0,3031,1.0
2020-06-29T00:00:00.000Z,6334,43,109.0,3128,0.0
2020-06-30T00:00:00.000Z,6444,43,110.0,3100,0.0
2020-07-01T00:00:00.000Z,6546,44,102.0,2996,1.0
2020-07-02T00:00:00.000Z,6645,44,99.0,3076,0.0
2020-07-03T00:00:00.000Z,6746,45,101.0,3066,1.0
2020-07-04T00:00:00.000Z,6844,45,98.0,3096,0.0
2020-07-05T00:00:00.000Z,6941,45,97.0,3182,0.0
2020-07-06T00:00:00.000Z,7040,45,99.0,3267,0.0
2020-07-07T00:00:00.000Z,7135,46,95.0,3254,1.0
2020-07-08T00:00:00.000Z,7231,47,96.0,3243,1.0
2020-07-09T00:00:00.000Z,7325,47,94.0,3281,0.0
2020-07-10T00:00:00.000Z,7417,47,92.0,3301,0.0
2020-07-11T00:00:00.000Z,7508,47,91.0,3288,0.0
2020-07-12T00:00:00.000Z,7600,47,92.0,3369,0.0
2020-07-13T00:00:00.000Z,7689,47,89.0,3448,0.0
2020-07-14T00:00:00.000Z,7782,47,93.0,3419,0.0
2020-07-15T00:00:00.000Z,7874,48,92.0,3411,1.0
2020-07-16T00:00:00.000Z,7969,49,95.0,3434,1.0
2020-07-17T00:00:00.000Z,8063,50,94.0,3443,1.0
2020-07-18T00:00:00.000Z,8159,51,96.0,3460,1.0
2020-07-19T00:00:00.000Z,8256,51,97.0,3535,0.0
2020-07-20T00:00:00.000Z,8349,51,93.0,3603,0.0
2020-07-21T00:00:00.000Z,8443,53,94.0,3609,2.0
2020-07-22T00:00:00.000Z,8536,54,93.0,3580,1.0
2020-07-23T00:00:00.000Z,8631,54,95.0,3574,0.0
2020-07-24T00:00:00.000Z,8725,55,94.0,3566,1.0
2020-07-25T00:00:00.000Z,8823,55,98.0,3603,0.0
2020-07-26T00:00:00.000Z,8920,55,97.0,3670,0.0
2020-07-27T00:00:00.000Z,9015,55,95.0,3745,0.0
2020-07-28T00:00:00.000Z,9111,56,96.0,3742,1.0
2020-07-29T00:00:00.000Z,9209,57,98.0,3740,1.0
2020-07-30T00:00:00.000Z,9308,58,99.0,3761,1.0
2020-07-31T00:00:00.000Z,9406,59,98.0,3764,1.0
2020-08-01T00:00:00.000Z,9502,59,96.0,3738,0.0
2020-08-02T00:00:00.000Z,9597,60,95.0,3784,1.0
2020-08-03T00:00:00.000Z,9691,60,94.0,3843,0.0
2020-08-04T00:00:00.000Z,9784,61,93.0,3851,1.0
2020-08-05T00:00:00.000Z,9878,61,94.0,3838,0.0
2020-08-06T00:00:00.000Z,9968,62,90.0,3848,1.0
2020-08-07T00:00:00.000Z,10062,62,94.0,3870,0.0
2020-08-08T00:00:00.000Z,10157,63,95.0,3879,1.0
2020-08-09T00:00:00.000Z,10253,63,96.0,3955,0.0
2020-08-10T00:00:00.000Z,10348,63,95.0,4009,0.0
2020-08-11T00:00:00.000Z,10442,63,94.0,4041,0.0
2020-08-12T00:00:00.000Z,10538,64,96.0,4017,1.0
2020-08-13T00:00:00.000Z,10633,64,95.0,4019,0.0
2020-08-14T00:00:00.000Z,10727,65,94.0,4032,1.0
2020-08-15T00:00:00.000Z,10824,66,97.0,4069,1.0
2020-08-16T00:00:00.000Z,10922,66,98.0,4148,0.0
2020-08-17T00:00:00.000Z,11018,66,96.0,4227,0.0
2020-08-18T00:00:00.000Z,11116,67,98.0,4167,1.0
2020-08-19T00:00:00.000Z,11211,67,95.0,4128,0.0
2020-08-20T00:00:00.000Z,11308,67,97.0,4112,0.0
2020-08-21T00:00:00.000Z,11399,68,91.0,4094,1.0
2020-08-22T00:00:00.000Z,11494,68,95.0,4079,0.0
2020-08-23T00:00:00.000Z,11587,68,93.0,4120,0.0
2020-08-24T00:00:00.000Z,11686,68,99.0,4188,0.0
2020-08-25T00:00:00.000Z,11782,69,96.0,4199,1.0
2020-08-26T00:00:00.000Z,11877,69,95.0,4217,0.0
2020-08-27T00:00:00.000Z,11974,69,97.0,4206,0.0
2020-08-28T00:00:00.000Z,12067,71,93.0,4216,2.0
2020-08-29T00:00:00.000Z,12163,71,96.0,4236,0.0
2020-08-30T00:00:00.000Z,12251,73,88.0,4297,2.0
2020-08-31T00:00:00.000Z,12345,75,94.0,4380,2.0
2020-09-01T00:00:00.000Z,12438,76,93.0,4400,1.0
2020-09-02T00:00:00.000Z,12550,76,112.0,4434,0.0
2020-09-03T00:00:00.000Z,12658,77,108.0,4471,1.0
2020-09-04T00:00:00.000Z,12760,79,102.0,4518,2.0
2020-09-05T00:00:00.000Z,12863,80,103.0,4519,1.0
2020-09-06T00:00:00.000Z,12967,80,104.0,4599,0.0
2020-09-07T00:00:00.000Z,13068,82,101.0,4682,2.0
2020-09-08T00:00:00.000Z,13166,82,98.0,4715,0.0
2020-09-09T00:00:00.000Z,13268,82,102.0,4736,0.0
2020-09-10T00:00:00.000Z,13371,84,103.0,4723,2.0
2020-09-11T00:00:00.000Z,13472,85,101.0,4725,1.0
2020-09-12T00:00:00.000Z,13573,85,101.0,4727,0.0
2020-09-13T00:00:00.000Z,13678,85,105.0,4781,0.0
2020-09-14T00:00:00.000Z,13788,85,110.0,4863,0.0
2020-09-15T00:00:00.000Z,13897,87,109.0,4842,2.0
2020-09-16T00:00:00.000Z,14008,88,111.0,4839,1.0
2020-09-17T00:00:00.000Z,14115,89,107.0,4846,1.0
2020-09-18T00:00:00.000Z,14222,91,107.0,4847,2.0
2020-09-19T00:00:00.000Z,14332,93,110.0,4855,2.0
2020-09-20T00:00:00.000Z,14440,93,108.0,4784,0.0
2020-09-21T00:00:00.000Z,14542,93,102.0,4851,0.0
2020-09-22T00:00:00.000Z,14647,93,105.0,4936,0.0
2020-09-23T00:00:00.000Z,14755,95,108.0,4966,2.0
2020-09-24T00:00:00.000Z,14859,95,104.0,4928,0.0
2020-09-25T00:00:00.000Z,14966,97,107.0,5002,2.0
2020-09-26T00:00:00.000Z,15072,98,106.0,4976,1.0
2020-09-27T00:00:00.000Z,15176,98,104.0,5057,0.0
2020-09-28T00:00:00.000Z,15279,98,103.0,5107,0.0
2020-09-29T00:00:00.000Z,15381,100,102.0,5126,2.0
2020-09-30T00:00:00.000Z,15486,103,105.0,5103,3.0
2020-10-01T00:00:00.000Z,15613,105,127.0,5212,2.0
2020-10-02T00:00:00.000Z,15742,107,129.0,5112,2.0
2020-10-03T00:00:00.000Z,15877,109,135.0,5155,2.0
2020-10-04T00:00:00.000Z,16005,111,128.0,5228,2.0
2020-10-05T00:00:00.000Z,16140,112,135.0,5291,1.0
2020-10-06T00:00:00.000Z,16279,115,139.0,5291,3.0
2020-10-07T00:00:00.000Z,16421,116,142.0,5276,1.0
2020-10-08T00:00:00.000Z,16560,118,139.0,5266,2.0
2020-10-09T00:00:00.000Z,16704,120,144.0,5316,2.0
2020-10-10T00:00:00.000Z,16853,121,149.0,5373,1.0
2020-10-11T00:00:00.000Z,16998,122,145.0,5486,1.0
