date,total_cases,total_death,daily_cases,total_currently_infected,death_per_day
2020-04-03T00:00:00.000Z,1,0,1.0,1,0.0
2020-04-04T00:00:00.000Z,1,0,0.0,1,0.0
2020-04-05T00:00:00.000Z,1,0,0.0,1,0.0
2020-04-06T00:00:00.000Z,1,0,0.0,1,0.0
2020-04-07T00:00:00.000Z,7,0,6.0,7,0.0
2020-04-08T00:00:00.000Z,25,0,18.0,25,0.0
2020-04-09T00:00:00.000Z,25,0,0.0,25,0.0
2020-04-10T00:00:00.000Z,29,0,4.0,29,0.0
2020-04-11T00:00:00.000Z,29,0,0.0,29,0.0
2020-04-12T00:00:00.000Z,29,1,0.0,29,1.0
2020-04-13T00:00:00.000Z,34,1,5.0,34,0.0
2020-04-14T00:00:00.000Z,34,1,0.0,34,0.0
2020-04-15T00:00:00.000Z,90,1,56.0,89,0.0
2020-04-16T00:00:00.000Z,153,2,63.0,152,1.0
2020-04-17T00:00:00.000Z,191,2,38.0,190,0.0
2020-04-18T00:00:00.000Z,227,4,36.0,205,2.0
2020-04-19T00:00:00.000Z,269,5,42.0,247,1.0
2020-04-20T00:00:00.000Z,308,5,39.0,286,0.0
2020-04-21T00:00:00.000Z,354,9,46.0,324,4.0
2020-04-22T00:00:00.000Z,397,12,43.0,359,3.0
2020-04-23T00:00:00.000Z,436,13,39.0,386,1.0
2020-04-24T00:00:00.000Z,474,13,38.0,418,0.0
2020-04-25T00:00:00.000Z,515,13,41.0,448,0.0
2020-04-26T00:00:00.000Z,552,13,37.0,477,0.0
2020-04-27T00:00:00.000Z,590,17,38.0,500,4.0
2020-04-28T00:00:00.000Z,633,18,43.0,536,1.0
2020-04-29T00:00:00.000Z,679,19,46.0,577,1.0
2020-04-30T00:00:00.000Z,722,20,43.0,617,1.0
2020-05-01T00:00:00.000Z,769,22,47.0,640,2.0
2020-05-02T00:00:00.000Z,814,23,45.0,662,1.0
2020-05-03T00:00:00.000Z,865,25,51.0,707,2.0
2020-05-04T00:00:00.000Z,918,26,53.0,732,1.0
2020-05-05T00:00:00.000Z,966,26,48.0,776,0.0
2020-05-06T00:00:00.000Z,1018,27,52.0,820,1.0
2020-05-07T00:00:00.000Z,1067,28,49.0,819,1.0
2020-05-08T00:00:00.000Z,1108,28,41.0,858,0.0
2020-05-09T00:00:00.000Z,1152,28,44.0,889,0.0
2020-05-10T00:00:00.000Z,1199,29,47.0,927,1.0
2020-05-11T00:00:00.000Z,1245,29,46.0,958,0.0
2020-05-12T00:00:00.000Z,1290,29,45.0,969,0.0
2020-05-13T00:00:00.000Z,1333,32,43.0,1002,3.0
2020-05-14T00:00:00.000Z,1372,33,39.0,1041,1.0
2020-05-15T00:00:00.000Z,1407,35,35.0,1070,2.0
2020-05-16T00:00:00.000Z,1443,35,36.0,1097,0.0
2020-05-17T00:00:00.000Z,1480,35,37.0,1127,0.0
2020-05-18T00:00:00.000Z,1515,35,35.0,1156,0.0
2020-05-19T00:00:00.000Z,1561,35,46.0,1162,0.0
2020-05-20T00:00:00.000Z,1605,35,44.0,998,0.0
2020-05-21T00:00:00.000Z,1648,36,43.0,973,1.0
2020-05-22T00:00:00.000Z,1692,38,44.0,964,2.0
2020-05-23T00:00:00.000Z,1734,38,42.0,955,0.0
2020-05-24T00:00:00.000Z,1778,38,44.0,999,0.0
2020-05-25T00:00:00.000Z,1823,41,45.0,1043,3.0
2020-05-26T00:00:00.000Z,1866,42,43.0,1082,1.0
2020-05-27T00:00:00.000Z,1906,47,40.0,1122,5.0
2020-05-28T00:00:00.000Z,1955,50,49.0,1169,3.0
2020-05-29T00:00:00.000Z,2000,50,45.0,1191,0.0
2020-05-30T00:00:00.000Z,2044,50,44.0,1201,0.0
2020-05-31T00:00:00.000Z,2083,50,39.0,1238,0.0
2020-06-01T00:00:00.000Z,2127,50,44.0,1268,0.0
2020-06-02T00:00:00.000Z,2164,52,37.0,1258,2.0
2020-06-03T00:00:00.000Z,2197,58,33.0,1231,6.0
2020-06-04T00:00:00.000Z,2228,60,31.0,1035,2.0
2020-06-05T00:00:00.000Z,2268,61,40.0,952,1.0
2020-06-06T00:00:00.000Z,2307,61,39.0,875,0.0
2020-06-07T00:00:00.000Z,2342,61,35.0,837,0.0
2020-06-08T00:00:00.000Z,2368,61,26.0,860,0.0
2020-06-09T00:00:00.000Z,2399,62,31.0,776,1.0
2020-06-10T00:00:00.000Z,2438,62,39.0,786,0.0
2020-06-11T00:00:00.000Z,2474,62,36.0,795,0.0
2020-06-12T00:00:00.000Z,2510,62,36.0,660,0.0
2020-06-13T00:00:00.000Z,2550,62,40.0,437,0.0
2020-06-14T00:00:00.000Z,2587,62,37.0,474,0.0
2020-06-15T00:00:00.000Z,2623,62,36.0,498,0.0
2020-06-16T00:00:00.000Z,2657,63,34.0,522,1.0
2020-06-17T00:00:00.000Z,2693,64,36.0,524,1.0
2020-06-18T00:00:00.000Z,2725,64,32.0,538,0.0
2020-06-19T00:00:00.000Z,2755,64,30.0,550,0.0
2020-06-20T00:00:00.000Z,2782,64,27.0,528,0.0
2020-06-21T00:00:00.000Z,2806,64,24.0,552,0.0
2020-06-22T00:00:00.000Z,2828,64,22.0,564,0.0
2020-06-23T00:00:00.000Z,2860,67,32.0,528,3.0
2020-06-24T00:00:00.000Z,2889,67,29.0,536,0.0
2020-06-25T00:00:00.000Z,2916,67,27.0,542,0.0
2020-06-26T00:00:00.000Z,2946,67,30.0,537,0.0
2020-06-27T00:00:00.000Z,2978,67,32.0,544,0.0
2020-06-28T00:00:00.000Z,2995,67,17.0,551,0.0
2020-06-29T00:00:00.000Z,3020,68,25.0,571,1.0
2020-06-30T00:00:00.000Z,3047,68,27.0,589,0.0
2020-07-01T00:00:00.000Z,3069,68,22.0,602,0.0
2020-07-02T00:00:00.000Z,3088,69,19.0,614,1.0
2020-07-03T00:00:00.000Z,3112,69,24.0,626,0.0
2020-07-04T00:00:00.000Z,3138,69,26.0,644,0.0
2020-07-05T00:00:00.000Z,3154,69,16.0,660,0.0
2020-07-06T00:00:00.000Z,3169,69,15.0,672,0.0
2020-07-07T00:00:00.000Z,3185,70,16.0,683,1.0
2020-07-08T00:00:00.000Z,3205,71,20.0,697,1.0
2020-07-09T00:00:00.000Z,3228,71,23.0,716,0.0
2020-07-10T00:00:00.000Z,3253,71,25.0,738,0.0
2020-07-11T00:00:00.000Z,3280,71,27.0,756,0.0
2020-07-12T00:00:00.000Z,3302,71,22.0,778,0.0
2020-07-13T00:00:00.000Z,3318,71,16.0,794,0.0
2020-07-14T00:00:00.000Z,3328,71,10.0,799,0.0
2020-07-15T00:00:00.000Z,3344,71,16.0,815,0.0
2020-07-16T00:00:00.000Z,3366,71,22.0,835,0.0
2020-07-17T00:00:00.000Z,3393,71,27.0,860,0.0
2020-07-18T00:00:00.000Z,3419,71,26.0,881,0.0
2020-07-19T00:00:00.000Z,3438,71,19.0,900,0.0
2020-07-20T00:00:00.000Z,3448,71,10.0,910,0.0
2020-07-21T00:00:00.000Z,3459,71,11.0,852,0.0
2020-07-22T00:00:00.000Z,3481,72,22.0,824,1.0
2020-07-23T00:00:00.000Z,3502,72,21.0,820,0.0
2020-07-24T00:00:00.000Z,3529,73,27.0,774,1.0
2020-07-25T00:00:00.000Z,3549,73,20.0,760,0.0
2020-07-26T00:00:00.000Z,3578,73,29.0,764,0.0
2020-07-27T00:00:00.000Z,3605,73,27.0,788,0.0
2020-07-28T00:00:00.000Z,3620,73,15.0,760,0.0
2020-07-29T00:00:00.000Z,3644,73,24.0,744,0.0
2020-07-30T00:00:00.000Z,3665,73,21.0,748,0.0
2020-07-31T00:00:00.000Z,3688,73,23.0,723,0.0
2020-08-01T00:00:00.000Z,3709,73,21.0,744,0.0
2020-08-02T00:00:00.000Z,3729,74,20.0,743,1.0
2020-08-03T00:00:00.000Z,3744,74,15.0,756,0.0
2020-08-04T00:00:00.000Z,3755,74,11.0,738,0.0
2020-08-05T00:00:00.000Z,3770,74,15.0,608,0.0
2020-08-06T00:00:00.000Z,3792,74,22.0,596,0.0
2020-08-07T00:00:00.000Z,3822,74,30.0,601,0.0
2020-08-08T00:00:00.000Z,3847,74,25.0,622,0.0
2020-08-09T00:00:00.000Z,3869,74,22.0,595,0.0
2020-08-10T00:00:00.000Z,3885,74,16.0,609,0.0
2020-08-11T00:00:00.000Z,3904,75,19.0,592,1.0
2020-08-12T00:00:00.000Z,3933,75,29.0,598,0.0
2020-08-13T00:00:00.000Z,3954,75,21.0,548,0.0
2020-08-14T00:00:00.000Z,3981,75,27.0,514,0.0
2020-08-15T00:00:00.000Z,4004,75,23.0,516,0.0
2020-08-16T00:00:00.000Z,4025,75,21.0,529,0.0
2020-08-17T00:00:00.000Z,4045,75,20.0,549,0.0
2020-08-18T00:00:00.000Z,4069,75,24.0,555,0.0
2020-08-19T00:00:00.000Z,4095,75,26.0,510,0.0
2020-08-20T00:00:00.000Z,4116,76,21.0,499,1.0
2020-08-21T00:00:00.000Z,4140,76,24.0,462,0.0
2020-08-22T00:00:00.000Z,4162,76,22.0,439,0.0
2020-08-23T00:00:00.000Z,4182,76,20.0,457,0.0
2020-08-24T00:00:00.000Z,4205,76,23.0,455,0.0
2020-08-25T00:00:00.000Z,4232,76,27.0,460,0.0
2020-08-26T00:00:00.000Z,4256,76,24.0,466,0.0
2020-08-27T00:00:00.000Z,4277,76,21.0,469,0.0
2020-08-28T00:00:00.000Z,4306,76,29.0,448,0.0
2020-08-29T00:00:00.000Z,4338,76,32.0,461,0.0
2020-08-30T00:00:00.000Z,4368,76,30.0,478,0.0
2020-08-31T00:00:00.000Z,4397,76,29.0,505,0.0
2020-09-01T00:00:00.000Z,4424,76,27.0,491,0.0
2020-09-02T00:00:00.000Z,4454,76,30.0,507,0.0
2020-09-03T00:00:00.000Z,4477,76,23.0,514,0.0
2020-09-04T00:00:00.000Z,4510,76,33.0,532,0.0
2020-09-05T00:00:00.000Z,4547,76,37.0,564,0.0
2020-09-06T00:00:00.000Z,4586,77,39.0,560,1.0
2020-09-07T00:00:00.000Z,4622,77,36.0,596,0.0
2020-09-08T00:00:00.000Z,4663,77,41.0,619,0.0
2020-09-09T00:00:00.000Z,4702,77,39.0,635,0.0
2020-09-10T00:00:00.000Z,4736,77,34.0,661,0.0
2020-09-11T00:00:00.000Z,4773,77,37.0,578,0.0
2020-09-12T00:00:00.000Z,4814,77,41.0,600,0.0
2020-09-13T00:00:00.000Z,4859,77,45.0,640,0.0
2020-09-14T00:00:00.000Z,4901,77,42.0,643,0.0
2020-09-15T00:00:00.000Z,4949,77,48.0,654,0.0
2020-09-16T00:00:00.000Z,4995,78,46.0,672,1.0
2020-09-17T00:00:00.000Z,5044,78,49.0,703,0.0
2020-09-18T00:00:00.000Z,5089,78,45.0,695,0.0
2020-09-19T00:00:00.000Z,5136,78,47.0,728,0.0
2020-09-20T00:00:00.000Z,5185,79,49.0,720,1.0
2020-09-21T00:00:00.000Z,5231,79,46.0,739,0.0
2020-09-22T00:00:00.000Z,5279,80,48.0,750,1.0
2020-09-23T00:00:00.000Z,5328,82,49.0,775,2.0
2020-09-24T00:00:00.000Z,5380,82,52.0,812,0.0
2020-09-25T00:00:00.000Z,5430,82,50.0,846,0.0
2020-09-26T00:00:00.000Z,5479,83,49.0,847,1.0
2020-09-27T00:00:00.000Z,5530,83,51.0,856,0.0
2020-09-28T00:00:00.000Z,5575,83,45.0,894,0.0
2020-09-29T00:00:00.000Z,5626,83,51.0,926,0.0
2020-09-30T00:00:00.000Z,5674,83,48.0,966,0.0
2020-10-01T00:00:00.000Z,5727,83,53.0,954,0.0
2020-10-02T00:00:00.000Z,5779,83,52.0,988,0.0
2020-10-03T00:00:00.000Z,5833,83,54.0,1021,0.0
2020-10-04T00:00:00.000Z,5884,83,51.0,1058,0.0
2020-10-05T00:00:00.000Z,5933,84,49.0,1102,1.0
2020-10-06T00:00:00.000Z,5986,84,53.0,1091,0.0
2020-10-07T00:00:00.000Z,6037,84,51.0,1068,0.0
2020-10-08T00:00:00.000Z,6085,85,48.0,1089,1.0
2020-10-09T00:00:00.000Z,6140,86,55.0,1113,1.0
2020-10-10T00:00:00.000Z,6194,86,54.0,1092,0.0
2020-10-11T00:00:00.000Z,6246,86,52.0,1106,0.0
