date,total_cases,total_death,daily_cases,total_currently_infected,death_per_day
2020-03-21T00:00:00.000Z,1,0,1.0,1,0.0
2020-03-22T00:00:00.000Z,1,0,0.0,1,0.0
2020-03-23T00:00:00.000Z,1,0,0.0,1,0.0
2020-03-24T00:00:00.000Z,1,0,0.0,1,0.0
2020-03-25T00:00:00.000Z,1,0,0.0,1,0.0
2020-03-26T00:00:00.000Z,1,0,0.0,1,0.0
2020-03-27T00:00:00.000Z,1,0,0.0,1,0.0
2020-03-28T00:00:00.000Z,1,0,0.0,1,0.0
2020-03-29T00:00:00.000Z,1,0,0.0,1,0.0
2020-03-30T00:00:00.000Z,1,0,0.0,1,0.0
2020-03-31T00:00:00.000Z,1,0,0.0,1,0.0
2020-04-01T00:00:00.000Z,1,0,0.0,1,0.0
2020-04-02T00:00:00.000Z,1,0,0.0,1,0.0
2020-04-03T00:00:00.000Z,1,0,0.0,0,0.0
2020-04-04T00:00:00.000Z,1,0,0.0,0,0.0
2020-04-05T00:00:00.000Z,1,0,0.0,0,0.0
2020-04-06T00:00:00.000Z,2,0,1.0,1,0.0
2020-04-07T00:00:00.000Z,4,0,2.0,3,0.0
2020-04-08T00:00:00.000Z,4,0,0.0,3,0.0
2020-04-09T00:00:00.000Z,6,0,2.0,5,0.0
2020-04-10T00:00:00.000Z,40,0,34.0,38,0.0
2020-04-11T00:00:00.000Z,62,0,22.0,60,0.0
2020-04-12T00:00:00.000Z,70,0,8.0,68,0.0
2020-04-13T00:00:00.000Z,86,0,16.0,84,0.0
2020-04-14T00:00:00.000Z,86,1,0.0,84,1.0
2020-04-15T00:00:00.000Z,104,1,18.0,102,0.0
2020-04-16T00:00:00.000Z,123,1,19.0,121,0.0
2020-04-17T00:00:00.000Z,138,2,15.0,136,1.0
2020-04-18T00:00:00.000Z,157,2,19.0,155,0.0
2020-04-19T00:00:00.000Z,168,2,11.0,165,0.0
2020-04-20T00:00:00.000Z,187,2,19.0,184,0.0
2020-04-21T00:00:00.000Z,196,2,9.0,191,0.0
2020-04-22T00:00:00.000Z,228,2,32.0,223,0.0
2020-04-23T00:00:00.000Z,253,2,25.0,248,0.0
2020-04-24T00:00:00.000Z,280,3,27.0,275,1.0
2020-04-25T00:00:00.000Z,307,3,27.0,302,0.0
2020-04-26T00:00:00.000Z,331,3,24.0,326,0.0
2020-04-27T00:00:00.000Z,360,4,29.0,355,1.0
2020-04-28T00:00:00.000Z,379,4,19.0,364,0.0
2020-04-29T00:00:00.000Z,406,4,27.0,384,0.0
2020-04-30T00:00:00.000Z,429,4,23.0,381,0.0
2020-05-01T00:00:00.000Z,461,4,32.0,396,0.0
2020-05-02T00:00:00.000Z,499,4,38.0,421,0.0
2020-05-03T00:00:00.000Z,528,4,29.0,445,0.0
2020-05-04T00:00:00.000Z,528,4,0.0,444,0.0
2020-05-05T00:00:00.000Z,573,4,45.0,484,0.0
2020-05-06T00:00:00.000Z,573,4,0.0,484,0.0
2020-05-07T00:00:00.000Z,605,4,32.0,493,0.0
2020-05-08T00:00:00.000Z,681,4,76.0,561,0.0
2020-05-09T00:00:00.000Z,765,4,84.0,621,0.0
2020-05-10T00:00:00.000Z,848,4,83.0,703,0.0
2020-05-11T00:00:00.000Z,886,4,38.0,734,0.0
2020-05-12T00:00:00.000Z,886,4,0.0,734,0.0
2020-05-13T00:00:00.000Z,932,5,46.0,750,1.0
2020-05-14T00:00:00.000Z,1012,5,80.0,790,0.0
2020-05-15T00:00:00.000Z,1081,5,69.0,835,0.0
2020-05-16T00:00:00.000Z,1159,5,78.0,896,0.0
2020-05-17T00:00:00.000Z,1260,5,101.0,984,0.0
2020-05-18T00:00:00.000Z,1366,5,106.0,1086,0.0
2020-05-19T00:00:00.000Z,1462,5,96.0,1092,0.0
2020-05-20T00:00:00.000Z,1526,6,64.0,1154,1.0
2020-05-21T00:00:00.000Z,1596,6,70.0,1193,0.0
2020-05-22T00:00:00.000Z,1666,6,70.0,1230,0.0
2020-05-23T00:00:00.000Z,1764,6,98.0,1302,0.0
2020-05-24T00:00:00.000Z,1861,6,97.0,1363,0.0
2020-05-25T00:00:00.000Z,1959,6,98.0,1453,0.0
2020-05-26T00:00:00.000Z,2051,7,92.0,1500,1.0
2020-05-27T00:00:00.000Z,2121,7,70.0,1535,0.0
2020-05-28T00:00:00.000Z,2196,7,75.0,1582,0.0
2020-05-29T00:00:00.000Z,2271,8,75.0,1637,1.0
2020-05-30T00:00:00.000Z,2369,8,98.0,1669,0.0
2020-05-31T00:00:00.000Z,2466,8,97.0,1753,0.0
2020-06-01T00:00:00.000Z,2567,8,101.0,1854,0.0
2020-06-02T00:00:00.000Z,2672,10,105.0,1929,2.0
2020-06-03T00:00:00.000Z,2770,12,98.0,1938,2.0
2020-06-04T00:00:00.000Z,2870,12,100.0,2009,0.0
2020-06-05T00:00:00.000Z,2965,12,95.0,2068,0.0
2020-06-06T00:00:00.000Z,3074,13,109.0,2137,1.0
2020-06-07T00:00:00.000Z,3168,14,94.0,2214,1.0
2020-06-08T00:00:00.000Z,3265,16,97.0,2311,2.0
2020-06-09T00:00:00.000Z,3359,16,94.0,2346,0.0
2020-06-10T00:00:00.000Z,3450,18,91.0,2355,2.0
2020-06-11T00:00:00.000Z,3538,18,88.0,2337,0.0
2020-06-12T00:00:00.000Z,3633,18,95.0,2378,0.0
2020-06-13T00:00:00.000Z,3783,18,150.0,2516,0.0
2020-06-14T00:00:00.000Z,3902,20,119.0,2615,2.0
2020-06-15T00:00:00.000Z,4048,21,146.0,2761,1.0
2020-06-16T00:00:00.000Z,4195,24,147.0,2786,3.0
2020-06-17T00:00:00.000Z,4344,24,149.0,2821,0.0
2020-06-18T00:00:00.000Z,4467,25,123.0,2841,1.0
2020-06-19T00:00:00.000Z,4589,30,122.0,2806,5.0
2020-06-20T00:00:00.000Z,4700,34,111.0,2762,4.0
2020-06-21T00:00:00.000Z,4810,34,110.0,2758,0.0
2020-06-22T00:00:00.000Z,4920,35,110.0,2808,1.0
2020-06-23T00:00:00.000Z,5026,35,106.0,2620,0.0
2020-06-24T00:00:00.000Z,5133,35,107.0,2527,0.0
2020-06-25T00:00:00.000Z,5242,35,109.0,2583,0.0
2020-06-26T00:00:00.000Z,5352,35,110.0,2642,0.0
2020-06-27T00:00:00.000Z,5461,36,109.0,2621,1.0
2020-06-28T00:00:00.000Z,5567,36,106.0,2676,0.0
2020-06-29T00:00:00.000Z,5674,36,107.0,2765,0.0
2020-06-30T00:00:00.000Z,5780,39,106.0,2777,3.0
2020-07-01T00:00:00.000Z,5888,43,108.0,2733,4.0
2020-07-02T00:00:00.000Z,5993,43,105.0,2785,0.0
2020-07-03T00:00:00.000Z,6096,43,103.0,2765,0.0
2020-07-04T00:00:00.000Z,6203,48,107.0,2762,5.0
2020-07-05T00:00:00.000Z,6308,48,105.0,2807,0.0
2020-07-06T00:00:00.000Z,6415,48,107.0,2874,0.0
2020-07-07T00:00:00.000Z,6520,49,105.0,2840,1.0
2020-07-08T00:00:00.000Z,6628,49,108.0,2830,0.0
2020-07-09T00:00:00.000Z,6733,52,105.0,2768,3.0
2020-07-10T00:00:00.000Z,6836,52,103.0,2711,0.0
2020-07-11T00:00:00.000Z,6944,52,108.0,2692,0.0
2020-07-12T00:00:00.000Z,7051,53,107.0,2797,1.0
2020-07-13T00:00:00.000Z,7162,53,111.0,2896,0.0
2020-07-14T00:00:00.000Z,7272,54,110.0,2877,1.0
2020-07-15T00:00:00.000Z,7382,54,110.0,2787,0.0
2020-07-16T00:00:00.000Z,7493,56,111.0,2772,2.0
2020-07-17T00:00:00.000Z,7596,59,103.0,2761,3.0
2020-07-18T00:00:00.000Z,7706,59,110.0,2760,0.0
2020-07-19T00:00:00.000Z,7818,59,112.0,2872,0.0
2020-07-20T00:00:00.000Z,7927,59,109.0,2946,0.0
2020-07-21T00:00:00.000Z,8037,60,110.0,2890,1.0
2020-07-22T00:00:00.000Z,8137,63,100.0,2845,3.0
2020-07-23T00:00:00.000Z,8247,65,110.0,2724,2.0
2020-07-24T00:00:00.000Z,8357,65,110.0,2577,0.0
2020-07-25T00:00:00.000Z,8461,65,104.0,2547,0.0
2020-07-26T00:00:00.000Z,8569,65,108.0,2644,0.0
2020-07-27T00:00:00.000Z,8671,66,102.0,2738,1.0
2020-07-28T00:00:00.000Z,8781,72,110.0,2744,6.0
2020-07-29T00:00:00.000Z,8885,72,104.0,2713,0.0
2020-07-30T00:00:00.000Z,8995,73,110.0,2722,1.0
2020-07-31T00:00:00.000Z,9095,73,100.0,2660,0.0
2020-08-01T00:00:00.000Z,9205,73,110.0,2640,0.0
2020-08-02T00:00:00.000Z,9307,73,102.0,2715,0.0
2020-08-03T00:00:00.000Z,9417,73,110.0,2805,0.0
2020-08-04T00:00:00.000Z,9526,73,109.0,2838,0.0
2020-08-05T00:00:00.000Z,9626,73,100.0,2821,0.0
2020-08-06T00:00:00.000Z,9735,73,109.0,2871,0.0
2020-08-07T00:00:00.000Z,9835,73,100.0,2797,0.0
2020-08-08T00:00:00.000Z,9935,73,100.0,2824,0.0
2020-08-09T00:00:00.000Z,10045,73,110.0,2893,0.0
2020-08-10T00:00:00.000Z,10140,73,95.0,2965,0.0
2020-08-11T00:00:00.000Z,10255,73,115.0,2985,0.0
2020-08-12T00:00:00.000Z,10346,73,91.0,2962,0.0
2020-08-13T00:00:00.000Z,10440,73,94.0,2983,0.0
2020-08-14T00:00:00.000Z,10526,73,86.0,2943,0.0
2020-08-15T00:00:00.000Z,10646,73,120.0,2974,0.0
2020-08-16T00:00:00.000Z,10737,73,91.0,3042,0.0
2020-08-17T00:00:00.000Z,10839,73,102.0,3129,0.0
2020-08-18T00:00:00.000Z,10934,73,95.0,3127,0.0
2020-08-19T00:00:00.000Z,11025,73,91.0,3145,0.0
2020-08-20T00:00:00.000Z,11124,76,99.0,3069,3.0
2020-08-21T00:00:00.000Z,11215,80,91.0,2922,4.0
2020-08-22T00:00:00.000Z,11302,87,87.0,2864,7.0
2020-08-23T00:00:00.000Z,11386,87,84.0,2826,0.0
2020-08-24T00:00:00.000Z,11473,91,87.0,2913,4.0
2020-08-25T00:00:00.000Z,11558,91,85.0,2840,0.0
2020-08-26T00:00:00.000Z,11638,91,80.0,2772,0.0
2020-08-27T00:00:00.000Z,11718,91,80.0,2748,0.0
2020-08-28T00:00:00.000Z,11807,91,89.0,2707,0.0
2020-08-29T00:00:00.000Z,11892,93,85.0,2427,2.0
2020-08-30T00:00:00.000Z,11981,93,89.0,2472,0.0
2020-08-31T00:00:00.000Z,12072,101,91.0,2563,8.0
2020-09-01T00:00:00.000Z,12164,101,92.0,2332,0.0
2020-09-02T00:00:00.000Z,12259,110,95.0,2307,9.0
2020-09-03T00:00:00.000Z,12353,111,94.0,2104,1.0
2020-09-04T00:00:00.000Z,12451,111,98.0,1991,0.0
2020-09-05T00:00:00.000Z,12550,111,99.0,1966,0.0
2020-09-06T00:00:00.000Z,12648,111,98.0,1993,0.0
2020-09-07T00:00:00.000Z,12745,111,97.0,2090,0.0
2020-09-08T00:00:00.000Z,12844,111,99.0,2001,0.0
2020-09-09T00:00:00.000Z,12949,120,105.0,1966,9.0
2020-09-10T00:00:00.000Z,13057,125,108.0,1918,5.0
2020-09-11T00:00:00.000Z,13166,125,109.0,1868,0.0
2020-09-12T00:00:00.000Z,13276,130,110.0,1878,5.0
2020-09-13T00:00:00.000Z,13404,130,128.0,2004,0.0
2020-09-14T00:00:00.000Z,13533,130,129.0,2123,0.0
2020-09-15T00:00:00.000Z,13661,134,128.0,2143,4.0
2020-09-16T00:00:00.000Z,13788,140,127.0,2130,6.0
2020-09-17T00:00:00.000Z,13913,140,125.0,2118,0.0
2020-09-18T00:00:00.000Z,14033,140,120.0,2001,0.0
2020-09-19T00:00:00.000Z,14154,140,121.0,2018,0.0
2020-09-20T00:00:00.000Z,14279,140,125.0,2123,0.0
2020-09-21T00:00:00.000Z,14403,147,124.0,2194,7.0
2020-09-22T00:00:00.000Z,14528,147,125.0,2066,0.0
2020-09-23T00:00:00.000Z,14651,147,123.0,2096,0.0
2020-09-24T00:00:00.000Z,14771,155,120.0,2058,8.0
2020-09-25T00:00:00.000Z,14892,155,121.0,2131,0.0
2020-09-26T00:00:00.000Z,15011,155,119.0,2069,0.0
2020-09-27T00:00:00.000Z,15128,162,117.0,2164,7.0
2020-09-28T00:00:00.000Z,15246,165,118.0,2261,3.0
2020-09-29T00:00:00.000Z,15365,165,119.0,2236,0.0
2020-09-30T00:00:00.000Z,15487,171,122.0,2294,6.0
2020-10-01T00:00:00.000Z,15612,171,125.0,2344,0.0
2020-10-02T00:00:00.000Z,15740,171,128.0,2397,0.0
2020-10-03T00:00:00.000Z,15869,172,129.0,2444,1.0
2020-10-04T00:00:00.000Z,16010,172,141.0,2519,0.0
2020-10-05T00:00:00.000Z,16155,173,145.0,2601,1.0
2020-10-06T00:00:00.000Z,16304,173,149.0,2650,0.0
2020-10-07T00:00:00.000Z,16452,173,148.0,2751,0.0
2020-10-08T00:00:00.000Z,16600,173,148.0,2812,0.0
2020-10-09T00:00:00.000Z,16750,173,150.0,2868,0.0
2020-10-10T00:00:00.000Z,16902,175,152.0,2929,2.0
2020-10-11T00:00:00.000Z,17062,180,160.0,3059,5.0
