date,total_cases,total_death,daily_cases,total_currently_infected,death_per_day
2020-03-30T00:00:00.000Z,2,0,2.0,2,0.0
2020-03-31T00:00:00.000Z,2,1,0.0,2,1.0
2020-04-01T00:00:00.000Z,3,1,1.0,3,0.0
2020-04-02T00:00:00.000Z,3,1,0.0,3,0.0
2020-04-03T00:00:00.000Z,3,1,0.0,3,0.0
2020-04-04T00:00:00.000Z,3,1,0.0,3,0.0
2020-04-05T00:00:00.000Z,3,1,0.0,3,0.0
2020-04-06T00:00:00.000Z,5,1,2.0,5,0.0
2020-04-07T00:00:00.000Z,12,1,7.0,12,0.0
2020-04-08T00:00:00.000Z,14,1,2.0,14,0.0
2020-04-09T00:00:00.000Z,38,1,24.0,38,0.0
2020-04-10T00:00:00.000Z,42,1,4.0,42,0.0
2020-04-11T00:00:00.000Z,48,1,6.0,47,0.0
2020-04-12T00:00:00.000Z,71,1,23.0,70,0.0
2020-04-13T00:00:00.000Z,84,1,13.0,83,0.0
2020-04-14T00:00:00.000Z,100,2,16.0,99,1.0
2020-04-15T00:00:00.000Z,145,2,45.0,144,0.0
2020-04-16T00:00:00.000Z,159,5,14.0,158,3.0
2020-04-17T00:00:00.000Z,183,5,24.0,182,0.0
2020-04-18T00:00:00.000Z,198,5,15.0,187,0.0
2020-04-19T00:00:00.000Z,225,5,27.0,214,0.0
2020-04-20T00:00:00.000Z,259,5,34.0,248,0.0
2020-04-21T00:00:00.000Z,280,5,21.0,269,0.0
2020-04-22T00:00:00.000Z,293,5,13.0,282,0.0
2020-04-23T00:00:00.000Z,339,5,46.0,328,0.0
2020-04-24T00:00:00.000Z,381,5,42.0,370,0.0
2020-04-25T00:00:00.000Z,426,5,45.0,415,0.0
2020-04-26T00:00:00.000Z,475,5,49.0,464,0.0
2020-04-27T00:00:00.000Z,518,5,43.0,507,0.0
2020-04-28T00:00:00.000Z,597,5,79.0,586,0.0
2020-04-29T00:00:00.000Z,634,5,37.0,602,0.0
2020-04-30T00:00:00.000Z,669,5,35.0,637,0.0
2020-05-01T00:00:00.000Z,715,7,46.0,678,2.0
2020-05-02T00:00:00.000Z,775,7,60.0,738,0.0
2020-05-03T00:00:00.000Z,830,7,55.0,793,0.0
2020-05-04T00:00:00.000Z,896,12,66.0,853,5.0
2020-05-05T00:00:00.000Z,944,12,48.0,901,0.0
2020-05-06T00:00:00.000Z,1001,12,57.0,958,0.0
2020-05-07T00:00:00.000Z,1079,12,78.0,1036,0.0
2020-05-08T00:00:00.000Z,1124,12,45.0,1081,0.0
2020-05-09T00:00:00.000Z,1166,13,42.0,1066,1.0
2020-05-10T00:00:00.000Z,1249,15,83.0,1149,2.0
2020-05-11T00:00:00.000Z,1326,15,77.0,1226,0.0
2020-05-12T00:00:00.000Z,1387,15,61.0,1284,0.0
2020-05-13T00:00:00.000Z,1459,15,72.0,1356,0.0
2020-05-14T00:00:00.000Z,1504,15,45.0,1355,0.0
2020-05-15T00:00:00.000Z,1592,15,88.0,1443,0.0
2020-05-16T00:00:00.000Z,1657,15,65.0,1425,0.0
2020-05-17T00:00:00.000Z,1738,15,81.0,1506,0.0
2020-05-18T00:00:00.000Z,1837,15,99.0,1595,0.0
2020-05-19T00:00:00.000Z,1920,15,83.0,1653,0.0
2020-05-20T00:00:00.000Z,1986,15,66.0,1719,0.0
2020-05-21T00:00:00.000Z,2043,15,57.0,1766,0.0
2020-05-22T00:00:00.000Z,2120,15,77.0,1836,0.0
2020-05-23T00:00:00.000Z,2194,16,74.0,1883,1.0
2020-05-24T00:00:00.000Z,2253,16,59.0,1933,0.0
2020-05-25T00:00:00.000Z,2322,16,69.0,1972,0.0
2020-05-26T00:00:00.000Z,2379,17,57.0,2004,1.0
2020-05-27T00:00:00.000Z,2434,17,55.0,2008,0.0
2020-05-28T00:00:00.000Z,2495,18,61.0,2009,1.0
2020-05-29T00:00:00.000Z,2554,20,59.0,1987,2.0
2020-05-30T00:00:00.000Z,2617,21,63.0,1932,1.0
2020-05-31T00:00:00.000Z,2676,21,59.0,1944,0.0
2020-06-01T00:00:00.000Z,2735,21,59.0,1979,0.0
2020-06-02T00:00:00.000Z,2797,24,62.0,1958,3.0
2020-06-03T00:00:00.000Z,2853,27,56.0,1912,3.0
2020-06-04T00:00:00.000Z,2908,27,55.0,1920,0.0
2020-06-05T00:00:00.000Z,2966,30,58.0,1854,3.0
2020-06-06T00:00:00.000Z,3026,30,60.0,1828,0.0
2020-06-07T00:00:00.000Z,3089,30,63.0,1891,0.0
2020-06-08T00:00:00.000Z,3151,30,62.0,1926,0.0
2020-06-09T00:00:00.000Z,3205,34,54.0,1849,4.0
2020-06-10T00:00:00.000Z,3260,38,55.0,1820,4.0
2020-06-11T00:00:00.000Z,3324,42,64.0,1821,4.0
2020-06-12T00:00:00.000Z,3390,44,66.0,1723,2.0
2020-06-13T00:00:00.000Z,3453,45,63.0,1732,1.0
2020-06-14T00:00:00.000Z,3512,45,59.0,1713,0.0
2020-06-15T00:00:00.000Z,3569,46,57.0,1749,1.0
2020-06-16T00:00:00.000Z,3629,46,60.0,1783,0.0
2020-06-17T00:00:00.000Z,3685,47,56.0,1770,1.0
2020-06-18T00:00:00.000Z,3739,48,54.0,1766,1.0
2020-06-19T00:00:00.000Z,3795,49,56.0,1731,1.0
2020-06-20T00:00:00.000Z,3850,50,55.0,1681,1.0
2020-06-21T00:00:00.000Z,3903,51,53.0,1697,1.0
2020-06-22T00:00:00.000Z,3954,52,51.0,1707,1.0
2020-06-23T00:00:00.000Z,4006,54,52.0,1728,2.0
2020-06-24T00:00:00.000Z,4056,55,50.0,1685,1.0
2020-06-25T00:00:00.000Z,4109,55,53.0,1697,0.0
2020-06-26T00:00:00.000Z,4160,59,51.0,1687,4.0
2020-06-27T00:00:00.000Z,4214,61,54.0,1671,2.0
2020-06-28T00:00:00.000Z,4263,62,49.0,1711,1.0
2020-06-29T00:00:00.000Z,4314,63,51.0,1741,1.0
2020-06-30T00:00:00.000Z,4362,64,48.0,1638,1.0
2020-07-01T00:00:00.000Z,4408,65,46.0,1571,1.0
2020-07-02T00:00:00.000Z,4456,65,48.0,1599,0.0
2020-07-03T00:00:00.000Z,4505,68,49.0,1520,3.0
2020-07-04T00:00:00.000Z,4552,71,47.0,1425,3.0
2020-07-05T00:00:00.000Z,4598,74,46.0,1444,3.0
2020-07-06T00:00:00.000Z,4647,77,49.0,1463,3.0
2020-07-07T00:00:00.000Z,4694,80,47.0,1394,3.0
2020-07-08T00:00:00.000Z,4739,81,45.0,1359,1.0
2020-07-09T00:00:00.000Z,4785,84,46.0,1259,3.0
2020-07-10T00:00:00.000Z,4829,86,44.0,1177,2.0
2020-07-11T00:00:00.000Z,4874,88,45.0,1087,2.0
2020-07-12T00:00:00.000Z,4917,90,43.0,1097,2.0
2020-07-13T00:00:00.000Z,4962,91,45.0,1142,1.0
2020-07-14T00:00:00.000Z,5006,94,44.0,1041,3.0
2020-07-15T00:00:00.000Z,5048,96,42.0,935,2.0
2020-07-16T00:00:00.000Z,5091,100,43.0,836,4.0
2020-07-17T00:00:00.000Z,5133,103,42.0,779,3.0
2020-07-18T00:00:00.000Z,5177,106,44.0,738,3.0
2020-07-19T00:00:00.000Z,5218,108,41.0,678,2.0
2020-07-20T00:00:00.000Z,5261,109,43.0,717,1.0
2020-07-21T00:00:00.000Z,5298,113,37.0,623,4.0
2020-07-22T00:00:00.000Z,5333,116,35.0,559,3.0
2020-07-23T00:00:00.000Z,5369,118,36.0,480,2.0
2020-07-24T00:00:00.000Z,5402,121,33.0,381,3.0
2020-07-25T00:00:00.000Z,5433,123,31.0,330,2.0
2020-07-26T00:00:00.000Z,5462,124,29.0,351,1.0
2020-07-27T00:00:00.000Z,5490,125,28.0,377,1.0
2020-07-28T00:00:00.000Z,5516,128,26.0,390,3.0
2020-07-29T00:00:00.000Z,5541,132,25.0,404,4.0
2020-07-30T00:00:00.000Z,5563,136,22.0,411,4.0
2020-07-31T00:00:00.000Z,5586,139,23.0,423,3.0
2020-08-01T00:00:00.000Z,5610,144,24.0,436,5.0
2020-08-02T00:00:00.000Z,5635,146,25.0,461,2.0
2020-08-03T00:00:00.000Z,5659,147,24.0,485,1.0
2020-08-04T00:00:00.000Z,5683,149,24.0,498,2.0
2020-08-05T00:00:00.000Z,5705,153,22.0,514,4.0
2020-08-06T00:00:00.000Z,5725,156,20.0,523,3.0
2020-08-07T00:00:00.000Z,5748,158,23.0,538,2.0
2020-08-08T00:00:00.000Z,5772,161,24.0,556,3.0
2020-08-09T00:00:00.000Z,5794,163,22.0,575,2.0
2020-08-10T00:00:00.000Z,5815,165,21.0,596,2.0
2020-08-11T00:00:00.000Z,5835,168,20.0,607,3.0
2020-08-12T00:00:00.000Z,5856,172,21.0,619,4.0
2020-08-13T00:00:00.000Z,5876,175,20.0,627,3.0
2020-08-14T00:00:00.000Z,5900,178,24.0,638,3.0
2020-08-15T00:00:00.000Z,5923,182,23.0,646,4.0
2020-08-16T00:00:00.000Z,5948,184,25.0,668,2.0
2020-08-17T00:00:00.000Z,5972,186,24.0,692,2.0
2020-08-18T00:00:00.000Z,5994,190,22.0,703,4.0
2020-08-19T00:00:00.000Z,6017,191,23.0,713,1.0
2020-08-20T00:00:00.000Z,6042,191,25.0,716,0.0
2020-08-21T00:00:00.000Z,6066,191,24.0,720,0.0
2020-08-22T00:00:00.000Z,6089,192,23.0,724,1.0
2020-08-23T00:00:00.000Z,6114,192,25.0,749,0.0
2020-08-24T00:00:00.000Z,6137,192,23.0,772,0.0
2020-08-25T00:00:00.000Z,6159,193,22.0,776,1.0
2020-08-26T00:00:00.000Z,6185,193,26.0,785,0.0
2020-08-27T00:00:00.000Z,6212,193,27.0,788,0.0
2020-08-28T00:00:00.000Z,6237,193,25.0,792,0.0
2020-08-29T00:00:00.000Z,6264,194,27.0,801,1.0
2020-08-30T00:00:00.000Z,6292,194,28.0,829,0.0
2020-08-31T00:00:00.000Z,6318,194,26.0,843,0.0
2020-09-01T00:00:00.000Z,6345,194,27.0,847,0.0
2020-09-02T00:00:00.000Z,6374,195,29.0,854,1.0
2020-09-03T00:00:00.000Z,6405,195,31.0,868,0.0
2020-09-04T00:00:00.000Z,6437,196,32.0,885,1.0
2020-09-05T00:00:00.000Z,6464,197,27.0,896,1.0
2020-09-06T00:00:00.000Z,6493,197,29.0,922,0.0
2020-09-07T00:00:00.000Z,6521,197,28.0,950,0.0
2020-09-08T00:00:00.000Z,6551,197,30.0,959,0.0
2020-09-09T00:00:00.000Z,6583,198,32.0,968,1.0
2020-09-10T00:00:00.000Z,6614,198,31.0,980,0.0
2020-09-11T00:00:00.000Z,6647,199,33.0,996,1.0
2020-09-12T00:00:00.000Z,6679,199,32.0,1010,0.0
2020-09-13T00:00:00.000Z,6709,199,30.0,1040,0.0
2020-09-14T00:00:00.000Z,6740,199,31.0,1067,0.0
2020-09-15T00:00:00.000Z,6772,199,32.0,1078,0.0
2020-09-16T00:00:00.000Z,6806,199,34.0,1089,0.0
2020-09-17T00:00:00.000Z,6838,200,32.0,1101,1.0
2020-09-18T00:00:00.000Z,6871,200,33.0,1116,0.0
2020-09-19T00:00:00.000Z,6906,201,35.0,1132,1.0
2020-09-20T00:00:00.000Z,6937,201,31.0,1163,0.0
2020-09-21T00:00:00.000Z,6969,201,32.0,1195,0.0
2020-09-22T00:00:00.000Z,7003,201,34.0,1214,0.0
2020-09-23T00:00:00.000Z,7034,203,31.0,1226,2.0
2020-09-24T00:00:00.000Z,7067,203,33.0,1237,0.0
2020-09-25T00:00:00.000Z,7096,205,29.0,1246,2.0
2020-09-26T00:00:00.000Z,7132,208,36.0,1263,3.0
2020-09-27T00:00:00.000Z,7171,209,39.0,1302,1.0
2020-09-28T00:00:00.000Z,7211,211,40.0,1338,2.0
2020-09-29T00:00:00.000Z,7252,213,41.0,1359,2.0
2020-09-30T00:00:00.000Z,7295,216,43.0,1383,3.0
2020-10-01T00:00:00.000Z,7337,218,42.0,1405,2.0
2020-10-02T00:00:00.000Z,7381,221,44.0,1429,3.0
2020-10-03T00:00:00.000Z,7429,223,48.0,1456,2.0
2020-10-04T00:00:00.000Z,7483,226,54.0,1508,3.0
2020-10-05T00:00:00.000Z,7540,227,57.0,1558,1.0
2020-10-06T00:00:00.000Z,7600,230,60.0,1597,3.0
2020-10-07T00:00:00.000Z,7657,232,57.0,1632,2.0
2020-10-08T00:00:00.000Z,7716,235,59.0,1670,3.0
2020-10-09T00:00:00.000Z,7772,237,56.0,1704,2.0
2020-10-10T00:00:00.000Z,7830,237,58.0,1741,0.0
2020-10-11T00:00:00.000Z,7897,237,67.0,1805,0.0
